NAME : HANOI-200-1
COMMENT : OSM drive network, customers at real shops (shop=* POIs), depot (21.0285, 105.8542), seed 1
TYPE : VRPSPD
DIMENSION : 201
CAPACITY : 150
EDGE_WEIGHT_TYPE : EXPLICIT
EDGE_WEIGHT_FORMAT : FULL_MATRIX
EDGE_WEIGHT_SECTION
0 80734 74989 27901 54398 60072 76255 125267 62448 58455 78225 51272 44738 99007 69362 66544 29379 73619 13612 100025 54595 68086 16954 75833 33986 21066 31342 71173 76294 51800 88768 83762 77726 125557 24785 98438 51884 73412 36856 82172 54022 11955 11682 2876 67684 46952 96367 99809 57009 64840 62092 59415 99944 93799 64288 54020 17224 81485 85741 104327 86466 89893 39408 75231 71179 42388 35069 7878 68233 82021 72179 62297 53390 83640 74410 93670 59225 60197 80737 86757 72893 9277 91773 62791 80339 55600 45991 73613 83599 59242 89305 69713 42035 76495 71161 46270 102031 78243 74722 87739 61359 93945 88013 59108 23269 92043 6131 102565 9898 76334 101023 39706 47278 72314 76161 25976 60266 89518 16086 70104 83927 85474 64132 83049 63141 93963 89945 94182 62083 60060 54001 62667 14475 87258 86044 39993 17095 53185 76272 19042 101012 61142 13548 82481 86454 55578 9419 67393 88016 68020 77021 87739 50160 39993 67752 35924 34687 72732 78226 30590 61874 52969 89118 40235 46962 88240 61795 132373 79972 53073 45991 96846 44243 94232 79589 46254 29070 73917 10357 78334 40963 46067 54089 63161 81156 64719 41021 52969 49914 48599 70462 63456 42181 8757 72368 76692 64485 4005 75148 74420 74868
80734 0 138972 100577 30152 128770 79441 76739 23095 129349 4782 36431 113612 109343 129898 142168 102921 152338 84389 110361 73490 12919 89830 150781 47611 82063 91878 80242 18412 119580 99105 94099 34557 77029 85321 49910 33281 152131 68258 27834 77091 68779 90697 79309 134243 124749 47839 110145 131957 25420 122628 119951 51416 157400 137890 132739 96239 148045 154337 55799 150449 41365 50098 41484 140912 120688 114084 78363 79738 29146 147127 78846 117372 147623 9615 45142 119761 120733 141273 150740 136875 76403 43245 139128 395 134615 124710 14299 158720 119778 149841 130249 58463 151920 31641 37555 53503 88495 135258 148275 75810 171876 148549 119645 100995 43515 85147 54037 86731 142893 52495 44252 36768 34775 12215 86973 136603 166723 93291 146441 54619 95810 17569 158219 138090 171569 153927 171301 37809 135009 133017 139004 79738 151240 153985 118713 81225 113721 13380 82162 111348 29880 92387 30389 56165 116114 76546 133952 45549 47766 137557 148275 125484 118713 141255 110920 113703 17598 153348 105586 128407 131689 153100 119250 54191 98577 140810 83845 1611 35428 124710 107182 51326 45704 57525 118455 51890 149038 87324 152501 42995 122403 133104 138109 13391 76195 44926 131689 128633 71667 145584 130016 46086 85615 151233 151813 24349 81026 150269 134956 151987
74989 138972 0 98183 112636 130248 134493 183505 120686 27902 136463 109510 114579 157245 37978 131221 98280 109682 67486 158263 112833 126324 87181 51082 92224 66437 59460 129411 134532 119969 147006 142000 135964 183795 61639 156676 110122 109010 95094 140410 112260 70193 79148 75786 138174 83554 154605 158047 62607 123078 42950 43312 158182 18810 38046 103799 85059 151371 153576 162565 27713 148131 97646 133469 139014 81676 88710 70238 126471 140260 51212 120535 28578 12315 132648 151908 48867 47895 15365 27713 12950 76107 150011 73373 138577 115332 95208 131851 76293 38301 17428 31451 100274 77254 129399 104508 160269 136481 45982 16041 119597 112385 16315 35223 72761 150281 77335 160803 79841 146824 159261 97944 105516 130552 134399 66854 69982 109169 66281 77480 142166 143712 122371 82564 52282 110872 14956 110603 120321 60378 115122 73519 62335 17534 153972 89167 58228 43849 134510 58581 159250 119380 81383 140719 144692 39475 76249 137883 146254 126258 24669 16041 117994 89167 34508 67115 100519 130970 75103 62345 132049 97161 25877 103166 105200 146478 118283 190611 138210 111311 95208 155084 102481 152470 137827 114089 87308 73390 79749 52651 99201 66944 108228 54055 139394 122957 99260 98530 96879 106837 71205 133947 100419 79330 119085 69050 122723 77070 74620 25072 94983
27901 100577 98183 0 74241 37353 73602 145111 82291 77220 98068 71115 24058 98750 91667 51434 7574 70341 37669 99768 65933 87929 11002 89559 53829 42048 53647 68526 96137 29103 88511 83505 92389 145400 46134 118282 71728 70808 56699 102016 72584 31798 21136 25258 45103 45315 116211 99552 66801 84683 84398 81721 119788 116993 83053 50842 19134 58904 65196 124170 106228 109736 59251 80539 51660 40751 31891 33388 70312 101865 85265 66758 75421 106054 94253 113513 81530 82503 103042 106519 94217 25684 111617 67353 100182 51697 42813 93456 92159 81548 111611 92018 61879 83768 91005 66113 121875 77816 97027 110045 63391 90959 110319 81414 34779 111886 22840 122409 18786 53753 120867 59549 67121 88870 96005 46958 68796 88555 33276 76675 73977 85217 83976 90125 80803 91168 113139 96782 81194 70150 49951 69128 39858 109671 64844 36816 42053 75491 96115 43434 100755 80986 18695 102324 76944 77883 28502 44812 83714 87863 99326 110045 34750 36816 86517 47780 30784 92576 86786 48778 39155 49792 108879 36331 66805 87983 57891 152216 99816 72917 42813 96589 64087 114076 69804 28680 48914 82477 19723 93737 60807 55654 50185 75249 101000 67068 60865 49792 46736 66420 79022 40875 62025 20587 68464 85252 84328 24700 83707 96725 78096
54398 30152 112636 74241 0 102394 51637 72998 9593 103013 25649 23662 85499 81230 103562 115129 76585 126003 58053 82248 45067 21416 63494 124445 31410 55727 65542 52129 23439 91466 70992 65986 25041 73287 58986 46169 14334 125795 40896 29317 48666 42443 64362 52973 107564 98413 44098 82032 105622 12169 96292 93616 47675 131064 111554 106404 69903 121365 127635 52058 124113 37624 21767 22546 113774 94352 87749 52027 51625 29167 120791 50423 91036 121287 23721 41400 93425 94398 114937 124404 110539 50068 39504 112792 29757 108280 98374 20942 132385 93442 123506 103913 30037 125584 18306 36004 49762 60382 108922 121940 47697 145540 122214 93309 74659 39773 58811 50296 60395 116214 48754 17823 29005 19629 26983 60637 110267 140387 66955 120105 32099 67697 26066 131883 111754 145233 127592 144965 9398 108673 106681 112668 53402 124904 127305 92377 54889 87386 25341 55827 83235 8287 66051 29626 33769 89778 50210 107273 35331 53000 111221 121940 97936 92377 114919 84584 87367 19877 127012 79250 102032 105353 126764 92914 25765 70464 114474 80103 29391 7002 98374 79069 30264 41963 29166 90908 29183 122702 60988 126165 16566 96068 106768 111773 28301 48082 16501 105353 102297 43242 119248 103336 17661 59279 124898 125478 11630 54690 123933 108620 125652
60072 128770 130248 37353 102394 0 82782 173165 108968 109285 125911 103286 25617 107930 123838 26489 32732 53268 69840 108948 76540 119367 43173 101070 86000 74219 85818 77707 123980 30270 97692 92686 101570 173455 78305 146336 103899 54114 88870 125800 83476 63969 53299 57429 34397 65753 144265 108733 86247 112836 116569 113892 147842 149057 112253 51863 49842 26814 29019 152225 138292 137791 91422 89720 14457 65616 56884 65559 79493 118714 96837 75939 107486 138118 122550 141567 113701 114674 135214 138583 126281 57855 139671 74526 128375 34572 46601 121350 101324 113719 143782 124189 92988 91284 104451 98284 149929 86997 129198 142216 72571 73886 142490 113585 65937 139941 55012 150463 50957 26140 148921 91721 99292 98051 125812 79129 78124 73264 65341 84816 83157 94397 116147 97560 100411 74095 145203 85408 101116 89596 29839 78270 72029 141736 29415 53165 74224 107662 124170 75605 109936 102585 49404 116780 86125 110055 60673 35381 92894 120034 131497 142216 13574 53165 118581 76907 43092 120419 95951 80843 11035 53843 140944 38028 96113 97164 40766 180270 128008 105088 46601 105769 96258 142130 78985 26867 81085 91642 51894 105067 92978 83236 41493 94695 128843 76249 93036 53843 50524 82126 88187 28802 94196 52758 51392 94417 108866 56871 92140 128896 77346
76255 79441 134493 73602 51637 82782 0 122928 57309 124869 74862 70215 65293 37327 125419 94924 68981 118357 79910 38345 21809 71346 79421 143498 60979 77584 87399 12954 71092 71261 27089 22083 48104 123217 80842 96099 64429 118792 50982 70784 29650 64300 86218 74830 87358 106722 94028 38129 126224 62264 118149 115472 97605 152921 133411 98661 86134 101160 107429 101987 145970 87553 55656 38061 93568 102157 93298 73884 10084 63698 139905 24416 112893 143144 73651 91330 115282 116254 136794 146261 132396 71924 89434 119607 79047 100733 91686 70547 146405 115299 145362 125770 41504 136365 52792 73263 99692 17398 130779 143796 21420 139650 144070 115166 96516 89703 80668 100226 82252 96008 98684 57047 70746 46392 76913 82494 123205 139028 88812 129897 27277 23794 75996 142640 133610 139859 149448 146252 49765 129276 93596 123351 75259 146761 107100 97254 76746 109242 75271 77683 39332 50928 85479 61764 23496 111635 72066 87067 37878 94522 133078 143796 77731 97391 136776 106441 87943 69090 141032 101107 82420 98928 148621 86351 41383 26561 106927 130033 78680 56926 91686 35166 61584 91893 30504 70702 56064 136722 82845 146632 58304 116657 100205 133305 77515 25283 53128 98928 95609 28293 133268 83131 52586 81136 117155 139497 57206 76547 137220 130477 130349
125267 76739 183505 145111 72998 173165 122928 0 80825 173882 73881 82573 156789 152521 174432 186420 147455 196872 128923 153539 116456 67893 134364 195315 95171 126596 136412 123419 88100 162757 142282 137276 95845 8361 129855 26829 76017 196665 112167 97138 119937 113313 135231 123843 178639 169283 33561 153323 176491 73758 167162 164485 25394 201934 182424 177273 140773 192441 198733 38195 194982 35375 92833 93777 185064 165222 158618 122897 122916 97848 191661 121812 161906 192157 70198 42739 164295 165267 185807 195273 181409 120937 42753 183662 76344 179149 169244 78236 203254 164312 194375 174783 101309 196453 89761 86627 23236 131673 179792 192809 118987 216409 193083 164178 145529 39891 129681 23770 131265 187289 24377 86988 84328 90911 73460 131507 181137 211257 137825 190974 103329 138988 72543 202752 182623 216103 198461 215835 80741 179543 177551 183538 124272 195774 198381 163247 125759 158255 71818 126696 154526 79743 136921 98307 104999 160648 121079 178348 105946 100857 182091 192809 169227 163247 185788 155454 158237 85700 197881 150120 172803 176222 197634 163784 97037 141754 185344 7105 75978 78273 169244 150360 98052 31426 100457 162198 97192 193572 131858 197035 85731 166937 177638 182643 83376 119373 87772 176222 173167 114513 190117 174411 88932 130149 195767 196347 82862 125560 194803 179490 196521
62448 23095 120686 82291 9593 108968 57309 80825 0 111063 18516 31489 91479 87211 111612 121110 84636 134053 66103 88229 51633 29151 71544 132495 39460 63777 73592 58109 16305 97447 76972 71966 18138 81114 67036 53996 22161 133845 48946 22102 56716 50493 72412 61023 113544 106463 51925 88013 113672 18909 104343 101666 55502 139114 119604 114454 77953 127346 133616 59884 132163 45450 29817 19351 119754 102402 95799 60077 57606 21951 128841 56850 99086 129337 26605 49227 101475 102448 122988 132454 118589 58118 47331 120842 22700 116330 106425 14201 140435 101493 131556 111963 38088 133634 11334 43831 57589 66363 116972 129990 53678 153590 130264 101359 82709 47600 66861 58123 68445 122195 56580 25873 36831 14030 31650 68687 118318 148437 75005 128155 32486 73678 33801 139933 119804 153283 135642 153015 16632 116723 114731 120718 61452 132954 133286 100427 62939 95436 23284 63877 89216 6936 74101 22410 34033 97828 58260 113254 29601 60827 119271 129990 103917 100427 122969 92634 95417 12744 135062 87300 108606 113403 134814 100964 33815 76445 122524 87930 22334 15052 106425 85050 38314 49789 35841 96889 37234 130753 69038 134215 24616 104118 114818 119823 21168 54063 24551 113403 110347 51292 127298 109317 25711 67329 132948 133528 2518 62740 131983 116670 133702
58455 129349 27902 77220 103013 109285 124869 173882 111063 0 126839 99886 93616 147622 65238 106625 77317 82497 50606 148640 103210 116700 66218 23896 82601 58152 51651 119788 124908 99006 137383 132377 126341 174171 53354 147053 100499 81824 85471 130787 102637 60570 58185 61130 117211 56928 144982 148424 35980 113455 70210 70572 148559 44990 10854 79089 64096 130408 132613 152942 30745 138508 88023 123846 118051 56435 64357 58100 116848 130636 24027 110912 17021 31315 123025 142284 75258 75155 42697 31037 20617 64522 140388 46187 128954 90736 70612 122228 49107 65561 44224 58712 90650 50068 119776 94884 150646 126858 73242 42837 109974 85200 43111 62484 51614 140657 56372 151180 58878 125861 149638 88321 95893 120929 124776 58568 42796 81983 45318 50294 132542 134089 112747 55378 25298 83686 41136 83418 110697 33752 90526 46333 54049 34933 133009 64572 49942 69219 124887 50295 149627 109757 60420 131095 135069 66735 64665 116920 136631 116634 52001 42837 97031 64572 14219 44963 77552 121347 47918 40405 111086 70304 33397 78570 95577 136855 93687 180987 128587 101688 70612 145461 92858 142847 128204 93126 77685 46204 58786 25465 89578 41704 83633 27467 129771 113334 89636 72850 71759 97214 44020 112984 90796 58367 91900 41864 113100 59424 47435 52404 67797
78225 4782 136463 98068 25649 125911 74862 73881 18516 126839 0 35292 109033 104764 127389 138663 100412 149829 81880 105782 68911 11781 87321 148272 46472 79554 89369 75663 19277 115001 94526 89520 29978 74170 82812 47052 30103 149622 65002 28756 72772 66270 88188 76800 131098 122240 44981 105566 129448 20841 120119 117442 48558 154891 135381 130230 93730 144899 151169 52940 147940 38506 45779 36905 137308 118179 111575 75854 75159 30067 144618 74267 114863 145114 8089 42283 117252 118224 138764 148231 134366 73894 40387 136619 4387 132106 122201 9720 156211 117269 147332 127740 54144 149410 27062 36417 50645 83916 132749 145766 71231 169366 146040 117136 98486 40656 82638 51178 84222 139748 49636 40590 35630 30196 13134 84464 134094 164214 90782 143932 50040 91231 16431 155710 135580 169060 151418 168792 33320 132500 130508 136495 77229 148731 150839 116204 78716 111212 8801 79653 106769 25301 89878 30677 51586 113605 74036 130807 40970 46628 135048 145766 121470 116204 138746 108411 111194 17988 150839 103077 125549 129180 150591 116741 49872 93998 138301 80986 4020 31109 122201 102603 49888 42845 53088 114442 50259 146529 84815 149992 39332 119894 130595 135600 10383 71616 40607 129180 126124 67348 143075 126870 41767 83106 148724 149304 19770 78517 147760 132447 149478
51272 36431 109510 71115 23662 103286 70215 82573 31489 99886 35292 0 89991 96517 100436 113920 73459 122876 54927 97535 48917 23783 60368 121319 19272 52601 62416 67185 43511 95035 86278 81272 47161 82862 55859 55744 9328 122669 38357 50716 51696 39317 61235 49847 110648 95287 53673 97319 102495 24516 93166 90489 57250 127938 108428 103277 66777 124450 130742 61633 120987 47199 25098 44666 117593 91226 84622 48901 65915 51063 117665 58010 87910 118161 30107 50975 90299 91271 111811 121278 107413 46941 49079 109666 36036 105153 95248 33288 129258 90316 120379 100787 33093 122458 40426 14105 59337 75669 105796 118813 55681 142414 119087 90183 71533 49348 55685 59871 57269 119298 58329 19169 6659 41749 31858 57511 107141 137261 63829 116979 54219 82984 19978 128757 108627 142107 124465 141839 31517 105547 103555 109542 50276 121778 130390 89251 51763 84259 33986 52700 98522 30407 62925 51522 55889 86652 47083 110357 57451 32093 108095 118813 97237 89251 111793 81458 84241 39950 123886 76124 105088 102227 123638 89788 33194 85750 111348 89678 35669 27126 95248 94356 17550 51538 51286 92738 22437 119576 57862 123039 18524 92941 103642 108647 43732 59041 22417 102227 99171 46272 116122 106421 23577 56153 121771 122351 33526 51564 120807 105494 122525
44738 113612 114579 24058 85499 25617 65293 156789 91479 93616 109033 89991 0 90441 110402 36077 19437 60531 54213 91459 59051 105207 29877 90526 72705 60782 72382 60218 106822 11492 80203 75197 84081 157078 64868 129960 90603 61377 75575 108311 65986 50674 37092 42902 38019 53474 127889 91243 74647 96125 103132 100455 131466 133389 97229 43015 33635 48961 51917 135849 122624 121415 78127 72231 37355 49578 40718 50701 62004 101225 86293 58449 91817 122450 107512 125191 100265 101237 121777 122915 110613 44559 123295 63982 113217 41887 36057 104638 90780 100282 130345 110752 75265 80740 86962 84989 133553 69508 115762 128779 55082 81149 129053 100148 49730 123564 39929 134087 36229 46284 132545 78425 85997 80562 110774 65692 67580 80527 49672 74272 65668 76908 102851 87016 88811 81358 129535 90610 83627 77995 34750 67726 57054 126067 52313 40636 59249 94225 109132 61195 92446 85096 33196 99291 68635 96618 47378 37728 75405 106739 118061 128779 18885 40541 102913 60818 28303 103261 85407 65174 31847 43299 125275 27504 78624 79675 48081 163894 112850 87570 36057 88280 82962 125754 61496 11856 67789 81098 36276 94523 79682 67147 41358 83095 111685 58760 79740 43299 39980 64637 77643 33792 80900 37562 58654 83873 91377 42117 81596 115460 74724
99007 109343 157245 98750 81230 107930 37327 152521 87211 147622 104764 96517 90441 0 148171 120071 94129 143505 102662 2044 49074 100939 104493 165928 83731 100336 110151 33813 101971 96409 16189 15289 79469 152810 103594 125692 92006 143940 73734 102592 50340 87052 108970 97582 112506 131870 123621 1168 148655 91856 140901 138224 127198 175673 156163 123809 110146 126308 132577 131580 168722 117146 82030 67963 118716 127305 118446 96636 30773 95506 162335 47231 135645 165896 103244 120923 138034 139006 159546 169013 155148 94677 119027 144755 108948 125881 116834 100370 170320 138051 168114 148522 64812 161513 82694 96015 129285 31531 153531 166548 49217 164798 166822 137918 119268 119296 103420 129819 105004 121156 128277 83190 94537 76294 106506 105246 147199 164176 111564 155045 58511 19949 105589 167788 156363 165007 172200 171400 79358 151706 118744 148499 98011 169513 132248 122402 99498 131994 104864 100435 3031 80827 107909 93572 55304 134387 94819 112215 69686 117765 155830 166548 102879 122539 159528 129193 113091 98992 164947 123859 107568 124076 171373 111499 67756 15053 132075 159626 108582 86519 116834 2575 87727 121486 57227 95850 78816 160638 105597 169062 84447 139088 125353 155736 107416 49503 79502 124076 120757 54072 157183 108279 78959 103888 142303 163413 87108 99299 161869 153229 155497
69362 129898 37978 91667 103562 123838 125419 174432 111612 65238 127389 100436 110402 148171 0 133373 94011 124558 63626 149189 103759 117250 80920 88417 83150 54611 43523 120338 125458 115587 137933 132926 126890 174721 46243 147603 101048 123885 86020 131336 103187 61119 79326 68370 130933 96030 145532 148973 92774 114004 23952 23140 149109 45313 75381 110466 84867 144734 151027 153491 61128 139057 88572 124395 137561 92415 95264 65866 117398 131186 88547 111461 64660 45730 123574 142834 28695 27723 28288 61128 50286 67494 140938 102695 129503 121314 101875 122777 113236 16327 37662 15127 91200 110033 120325 95434 151196 127408 24893 36096 110524 137231 36370 16226 75117 141207 73775 151729 75847 139583 150187 88870 96442 121478 125325 51457 99478 131370 68637 108814 133092 134638 113297 115807 89618 135717 46863 135449 111247 93803 119715 102717 58256 51558 150674 95834 54368 22350 125436 51917 150176 110306 81015 131645 135618 19303 67636 130642 137180 117184 22423 36096 116689 95834 71843 75068 101947 121896 109262 69733 125640 107367 59292 107344 96126 137405 124950 181537 129137 102238 101875 146010 93407 143396 128753 112784 78235 106169 76414 89986 90128 86551 114895 90137 130321 113883 90186 108853 104777 97763 103266 126705 91346 74731 130522 104596 113649 69654 107399 19823 116135
66544 142168 131221 51434 115129 26489 94924 186420 121110 106625 138663 113920 36077 120071 133373 0 44043 39545 73356 121090 88681 130734 53979 91351 96634 84014 95353 89848 136452 37249 109833 104827 113711 186709 88100 159591 114533 40390 99505 137941 95617 74604 57302 65488 52854 56034 157520 120874 76528 125755 126104 123427 161097 150031 103828 38773 50905 45272 47477 165479 132012 151045 102057 101861 32915 56324 49612 72704 91634 130856 87118 88080 106995 136543 135948 154822 123236 124209 144278 132303 126557 68567 152925 64807 141773 20848 36882 134269 91605 123254 148649 133724 102366 81565 116592 108918 163184 99138 138733 147262 84713 60163 147536 123120 66915 153195 61252 163717 58033 44598 162175 102355 109927 110192 138810 88924 68406 59541 68545 75097 95299 106539 126781 87841 90693 60371 146176 71685 113257 79877 16343 68551 79190 139524 47873 43497 81792 117197 137568 83868 122077 114726 53295 128922 98266 119589 71308 55600 105036 130668 141032 147262 21265 43497 112129 67615 34149 132891 86232 72956 35937 44124 134663 29085 106266 109305 27043 193525 141406 114671 36257 117911 106892 155384 91126 31168 91719 81923 57083 95348 103612 73945 27996 84976 141315 88390 103670 43820 40805 94267 78468 49411 104830 58792 37668 84698 121007 63953 82421 138431 63623
29379 102921 98280 7574 76585 32732 68981 147455 84636 77317 100412 73459 19437 94129 94011 44043 0 62950 38184 95147 62738 90273 13346 82168 56173 44392 55991 63905 98481 24482 83890 78884 87768 147744 48478 120626 74072 63417 59044 104360 69674 34142 20904 27543 40659 37924 118555 94931 59410 87028 86742 84065 122132 117090 81011 43451 17336 54461 60753 126515 106325 112081 61596 75919 47039 33360 24500 35341 65691 103573 77874 62137 75518 106151 96598 115857 83874 84847 105387 106616 94314 28028 113961 59962 102526 44305 35422 95801 84768 83892 113955 94362 64223 76377 90650 68457 124219 73195 99371 112389 58770 83568 112663 83758 33431 114230 24570 124753 20870 49309 123211 61894 69466 84249 98349 49302 61405 81164 33373 69284 69356 80596 86320 82734 73574 83777 113236 89391 80448 62759 42560 61737 41694 109768 60401 29425 43889 77835 98460 45778 96134 83330 16897 102788 72323 80228 30847 40368 79093 90207 101670 112389 27359 29425 86614 44600 23393 94920 79395 48875 34534 42401 108976 28940 69150 83362 50500 154560 102160 75261 35422 91968 66431 116420 65183 22889 51258 75085 20685 86346 63151 50929 42794 67858 103344 62447 63209 42401 39345 65675 71631 36432 64369 22203 61073 77861 86672 26758 76316 99070 70705
73619 152338 109682 70341 126003 53268 118357 196872 134053 82497 149829 122876 60531 143505 124558 39545 62950 0 69682 144523 112114 139690 70334 62977 105590 88569 88185 113281 147898 61702 133266 128260 137144 197161 88010 170043 123489 906 108461 153777 119050 83559 64608 74777 79633 28696 167972 144307 49191 136445 117288 114611 171549 126696 78275 25313 57307 72051 74256 175932 105867 161498 111013 125294 59694 35858 44435 78138 115067 153103 58745 111513 86127 113022 146015 165274 114421 115393 124477 106158 102324 79828 163378 36433 151943 21742 28847 145218 62681 114438 125930 124908 113640 49363 140026 117874 173636 122571 129918 124543 108146 26068 124817 114304 57292 163647 69580 174170 69553 71377 172628 111311 118883 133625 147766 93085 40032 25447 60987 46724 118732 129972 135737 55249 63355 26277 122842 37590 131687 52539 29361 40178 78096 113379 74651 35705 79002 108381 147877 81364 145510 132747 63731 152355 121699 110774 81221 82378 128469 139624 132217 124543 48043 35705 85985 49568 41004 144337 57859 54908 62716 28420 108519 35469 118567 132738 27297 203977 151577 124678 28847 141344 115848 165837 114559 55621 100675 52548 67746 66975 112568 53483 31143 57638 152761 111823 112626 25658 31185 116914 50095 76190 113786 69455 16913 56324 136090 72632 51972 129616 29529
13612 84389 67486 37669 58053 69840 79910 128923 66103 50606 81880 54927 54213 102662 63626 73356 38184 69682 0 103680 58250 71741 26722 67983 37641 19789 25606 74829 79949 59831 92424 87418 81381 129212 20566 102094 55539 69475 40511 85828 57678 15610 19052 14569 77477 42093 100023 103464 49159 68495 56357 53680 103600 86296 56438 52025 24962 91249 93480 107982 78266 93548 43063 78886 78918 38032 34360 10839 71889 85677 64329 65952 45823 76074 78065 97325 53489 54462 75002 78557 65326 16452 95429 56282 83994 61566 43433 77268 75922 53507 83570 63977 45691 69073 74816 49925 105687 81899 68986 82004 65015 89219 82278 53373 17737 95698 15095 106221 19150 86127 104679 43361 50933 75969 79817 24500 53757 84066 10033 63594 87583 89129 67788 75372 55291 88723 82442 88455 65738 52211 59967 56158 8489 79691 93876 37393 10222 47450 79927 12852 104667 64798 21286 86136 90109 49843 16594 77186 91671 71675 71285 82004 57898 37393 59902 28074 40653 76387 70550 22740 71642 50412 80918 46201 50617 91896 66508 136028 83628 56729 43433 100501 47899 97887 83244 53993 32726 66240 19158 70484 44619 39557 56454 55311 84812 68374 44677 50412 47356 52254 62786 73250 45837 17721 72617 69015 68140 15809 67471 68685 69141
100025 110361 158263 99768 82248 108948 38345 153539 88229 148640 105782 97535 91459 2044 149189 121090 95147 144523 103680 0 50093 101957 105511 166947 84749 101354 111169 34831 102989 97427 17207 16307 80487 153828 104613 126710 93024 144958 74753 103610 51358 88070 109989 98600 113524 132888 124639 2846 149673 92875 141919 139243 128216 176691 157181 124828 111164 127326 133596 132599 169740 118164 83048 68981 119734 128323 119464 97654 31791 96524 163353 48249 136663 166914 104262 121941 139052 140024 160564 170031 156166 95695 120045 145773 109966 126899 117852 101388 171338 139069 169133 149540 65830 162531 83712 97033 130303 32549 154549 167567 50235 165816 167841 138936 120286 120314 104438 130837 106022 122174 129295 84208 95556 77312 107524 106264 148217 165194 112582 156063 59529 20968 106607 168806 157381 166025 173219 172418 80376 152724 119762 149517 99029 170531 133266 123420 100516 133013 105882 101454 987 81845 108927 94590 56322 135405 95837 113233 70704 118783 156848 167567 103897 123557 160546 130211 114109 100010 165965 124877 108586 125094 172391 112517 68775 16071 133093 160644 109600 87537 117852 3593 88745 122504 58246 96868 79834 161656 106615 170081 85465 140106 126371 156754 108435 50521 80520 125094 121775 55090 158201 109297 79978 104906 143322 164431 88126 100317 162887 154247 156515
54595 73490 112833 65933 45067 76540 21809 116456 51633 103210 68911 48917 59051 49074 103759 88681 62738 112114 58250 50093 0 64874 63604 124642 39319 55924 65739 20281 66700 65018 38836 33830 49264 116745 59183 89627 46205 112549 29323 68908 13574 42640 64559 53171 81116 95327 87556 49877 105819 55683 96490 93813 91133 131262 111751 92419 70101 94917 101187 95515 124310 81081 33996 37415 87326 90763 83444 52224 19469 66409 120988 9243 91234 121484 67179 84858 93622 94595 115135 124601 110736 50265 82962 110887 73095 94490 85444 64456 132582 93640 123703 104110 19844 124490 52146 51603 93220 28226 109119 122137 6914 133408 122411 93506 74857 83231 59008 93754 60593 89766 92212 35388 49087 45745 70441 60834 110465 132786 67152 118310 30852 35541 66240 130592 111951 133616 127789 140009 43354 108870 87353 110763 53599 125101 100857 88368 55086 87583 68799 56024 51080 48411 66248 64475 33819 89976 50407 80825 40589 72862 111418 122137 71488 87537 115116 84782 80645 63139 127209 79447 76177 92686 126962 80108 19723 38308 100685 123561 72728 39912 85444 46914 39925 85420 26679 64460 34404 122900 61185 126363 36645 96265 93962 111970 71563 10274 31469 92686 89366 6634 119445 76888 30926 59476 110913 125675 52841 54888 124130 108818 123641
68086 12919 126324 87929 21416 119367 71346 67893 29151 116700 11781 23783 105207 100939 117250 130734 90273 139690 71741 101957 64874 0 77182 138133 34963 69415 79230 71837 28416 110752 90700 85694 41758 68182 72673 41064 24434 139483 55680 37838 68355 56131 78049 66661 124840 112101 38993 101741 119309 22176 109980 107303 42570 144752 125242 120091 83591 138642 144934 46952 137801 32518 41251 42194 131509 108040 101436 65715 71333 39150 134479 70230 104724 134975 6595 36295 107113 108085 128625 138092 124227 63755 34399 126480 12524 121967 112062 21501 146072 107130 137193 117601 49726 139271 37876 24671 44657 80090 122610 135627 67405 159228 135901 106997 88347 34668 72499 45191 74083 133490 43649 35406 24120 39309 8216 74325 123955 154075 80643 133793 51747 87406 4650 145571 125441 158921 141279 158653 29159 122361 120369 126356 67090 138592 144582 106065 68577 101073 10913 69514 102944 28160 79739 40393 53417 103466 63897 124549 52751 34882 124909 135627 114051 106065 128607 98272 101055 27602 140700 92938 119004 119041 140452 106602 45454 90172 128162 74998 12158 26691 112062 98778 38678 36858 48875 109052 39242 136390 74676 139853 34149 109755 120456 125461 22155 67791 36190 119041 115985 62931 132936 120613 37350 72967 138585 139165 30886 68378 137621 122308 139339
16954 89830 87181 11002 63494 43173 79421 134364 71544 66218 87321 60368 29877 104493 80920 53979 13346 70334 26722 105511 63604 77182 0 80281 43082 31301 42900 74346 85390 34922 94255 89249 86822 134653 35387 107535 60981 70552 45952 91269 63119 21051 10134 14511 51100 44092 105464 105295 57524 73936 73651 70974 109041 105991 72051 50639 13098 64901 71194 113423 95226 98989 48504 83940 57480 39528 31688 22641 74888 91118 75988 68411 64419 95052 83506 102766 70783 71756 92295 95517 83215 14937 100870 61668 89435 52213 42609 82709 82881 70801 100864 81271 51132 75748 80258 55366 111128 83636 86280 99298 63454 91079 99572 70667 23940 101139 11839 111662 7784 59750 110120 48802 56374 81410 85258 36211 59519 88053 22274 69196 79796 90960 73229 82301 70372 91097 102137 93058 71179 60872 50614 61544 29111 98669 70841 36612 31306 64744 85368 32687 106498 70239 8249 91577 82763 67136 17755 50809 89533 77116 88579 99298 37295 36612 75515 37445 31300 81829 77508 37776 44975 49588 97877 36848 56058 93727 58408 141469 89069 62170 42609 102332 53340 103329 75624 32996 38167 73199 8721 84459 50060 45319 50702 65971 90253 68420 50118 49588 46532 57695 69744 46872 51278 9585 68981 75974 73581 13753 74430 85978 73745
75833 150781 51082 89559 124445 101070 143498 195315 132495 23896 148272 121319 90526 165928 88417 91351 82168 62977 67983 166947 124642 138133 80281 0 104033 81354 74853 137137 146341 91717 155690 150684 147773 195604 76557 168486 121931 62305 106903 152219 124070 82002 73778 78508 118902 44504 166415 166731 23556 134887 93390 93751 169992 68096 19674 60635 72940 120398 122603 174374 47267 159940 109455 145278 108041 51573 62915 76109 136323 152069 4568 132344 40224 54422 144457 163717 98461 98334 65876 47558 43723 81900 161821 26729 150386 74667 55094 143660 28275 88741 67330 81891 112083 29236 141208 116317 172079 145080 96421 65943 129699 64368 66217 85663 64463 162090 73749 172612 76255 119724 171070 109753 117325 142361 146209 81771 23338 61276 62696 29587 146525 152395 134180 34546 17657 62854 64242 62586 132130 21328 75008 26875 73571 54779 122998 61542 73145 92422 146319 73498 167934 131190 73278 152528 149492 89914 82042 118611 155333 138067 75180 65943 88461 61689 27385 47682 70035 142779 27086 53022 110144 50784 49918 63346 117009 155162 77109 202420 150020 123121 55094 163768 114290 164279 142353 85636 99118 25372 76164 7899 111011 38348 68114 19136 151204 134665 111069 53426 54490 118646 23260 114675 112229 75744 72380 21032 134532 76802 26603 75583 47090
33986 47611 92224 53829 31410 86000 60979 95171 39460 82601 46472 19272 72705 83731 83150 96634 56173 105590 37641 84749 39319 34963 43082 104033 0 35315 45130 55898 53306 77749 73493 68487 54738 95460 38573 68341 25765 105383 21580 59185 38747 22031 43949 32561 93362 78001 66270 84533 85209 39746 75880 73203 69847 110652 91142 85991 49491 107164 113456 74230 103701 59796 18167 52244 100307 73940 67336 31615 52958 59034 100379 47021 70624 100875 41287 63573 73013 73985 94525 103992 90127 29655 61676 92380 47216 87867 77962 48519 111972 73030 103093 83501 25171 105172 48174 12688 71934 62968 88510 101527 46084 125128 101801 72897 54247 61946 38399 72468 39983 102012 70926 13587 14155 49326 43038 40225 89855 119975 46543 99693 61796 70198 30718 111471 91342 124821 107179 124553 39095 88261 86269 92256 32990 104492 113104 71965 34477 66973 45604 35414 85736 38155 45639 59493 63466 69366 29798 93071 65028 34438 90809 101527 79951 71965 94507 64172 66955 49745 106600 58838 87802 84941 106352 72502 27061 72965 94062 102276 46849 30641 77962 81570 17345 64135 58863 75452 4915 102290 40576 105753 14845 75655 86356 91361 56856 49443 19221 84941 81885 33323 98836 89135 20381 38867 104485 105065 41497 34278 103521 88208 105239
21066 82063 66437 42048 55727 74219 77584 126596 63777 58152 79554 52601 60782 100336 54611 84014 44392 88569 19789 101354 55924 69415 31301 81354 35315 0 19071 72502 77623 65968 90097 85091 79055 126886 8676 99767 53213 88362 38185 83501 55351 13284 30931 18916 80757 60979 97696 101138 63660 66169 47341 44664 101273 82205 68320 71143 36473 94558 100851 105656 77914 91222 40737 76560 87941 56918 52787 18122 69562 83350 78669 63626 44838 75088 75739 94999 44474 45446 65986 78205 64341 17610 93102 72355 81668 74849 62552 74942 90423 44491 74554 54961 43364 84605 72490 47599 103360 79572 59970 72988 62688 106309 73262 44357 35795 93372 25381 103894 26338 89407 102352 41035 48607 73643 77490 9500 69830 100448 28069 79667 85256 86803 65461 90409 69618 104796 81393 104528 63412 66712 73251 72230 11626 78706 100498 56511 9902 38434 77601 9773 102341 62471 32593 83810 87783 40827 17752 80466 89345 69349 62269 72988 67330 56511 71685 44146 53936 74061 85050 38812 76020 69530 80566 59484 48291 89569 81044 133702 81301 54402 62552 98175 45572 95561 80918 63425 30399 80741 26931 82931 42292 55630 73338 69637 82485 66048 42350 69530 66475 49928 77287 76529 43510 25222 89837 83516 65814 21260 81972 59669 85214
31342 91878 59460 53647 65542 85818 87399 136412 73592 51651 89369 62416 72382 110151 43523 95353 55991 88185 25606 111169 65739 79230 42900 74853 45130 19071 0 82318 87438 77567 99912 94906 88870 136701 10703 109583 63028 87978 48000 93316 65167 23099 41306 30350 93006 60577 107512 110953 58904 75984 36254 33577 111089 71118 61819 72446 46847 106808 113100 115471 71413 101037 50552 86375 99541 56708 57244 27846 79378 93166 72168 73441 38337 68587 85554 104814 33386 34359 54899 71704 57486 29474 102918 67823 91483 83294 63855 84757 85667 33404 63467 43874 53180 79849 82305 57414 113176 89388 48883 61901 72504 101778 62175 33270 37097 103187 35755 113709 37827 101657 112167 50850 58422 83458 87305 15917 65298 95917 30617 75135 95072 96618 75277 85652 63117 100264 72541 99996 73227 61955 81695 67699 20236 72204 112748 57814 16348 27347 87416 13897 112156 72286 42995 93625 97598 29740 29616 92716 99160 79164 51182 61901 78669 57814 65184 39615 63927 83876 80294 34281 87620 69647 74065 69324 58106 99384 86930 143517 91117 64218 63855 107990 55387 105376 90733 74764 40215 75985 38394 76430 52108 51098 76875 63136 92301 75863 52166 70833 67058 59743 72530 88779 53326 36711 92802 78528 75629 31634 77215 48582 80683
71173 80242 129411 68526 52129 77707 12954 123419 58109 119788 75663 67185 60218 33813 120338 89848 63905 113281 74829 34831 20281 71837 74346 137137 55898 72502 82318 0 73452 66186 23575 18569 50711 123708 75761 96590 62674 113716 45901 74941 22978 59219 80304 69749 82283 101646 94519 34616 119864 62755 113068 110391 98096 147840 128330 93586 81058 96085 102354 102479 140888 88045 54128 38861 88493 97082 88223 68803 5566 67855 133544 19131 107812 138062 74142 91821 110201 111173 131713 141179 127315 66843 89925 114531 79847 95657 86611 71268 141329 110218 140281 120688 36912 131289 53592 68182 100183 12880 125698 138715 20424 134575 138989 110084 91435 90194 75587 100717 77171 90933 99175 55290 66638 47192 77404 77413 118130 133953 83731 124821 30710 20280 76487 137565 128529 134783 144367 141176 50257 122915 88520 118275 70178 141680 102025 92179 71665 104161 75762 72602 35819 51726 79118 65921 29926 106554 66985 81992 42035 89932 127997 138715 72656 92316 131694 101360 82868 69891 135956 96026 77345 93853 143540 81275 39855 23047 101852 130524 79480 57392 86611 31653 59827 92384 28126 65627 50982 131647 77764 140271 56547 110296 95129 126944 78315 21831 51600 93853 90534 25280 128192 78056 51058 76055 112080 134422 58007 71466 132145 125396 125274
76294 18412 134532 96137 23439 123980 71092 88100 16305 124908 19277 43511 106822 101971 125458 136452 98481 147898 79949 102989 66700 28416 85390 146341 53306 77623 87438 73452 0 112790 91732 86726 26646 88389 80881 61271 34183 147691 62791 10047 70561 64339 86257 74869 128887 120309 59200 102773 127517 23414 118188 115511 62777 152960 133450 128299 91799 142689 148958 67159 146009 52725 43663 34694 135097 116248 109644 73923 72948 11359 142687 72056 112932 143183 25145 56502 115321 116293 136833 146300 132435 71963 54605 134688 18344 130175 120270 17235 154280 115338 145401 125809 51933 147479 24341 53068 64864 81037 130818 143835 69020 167435 144109 115205 96555 54875 80707 65397 82291 137537 63855 39719 48853 27985 23621 82533 132163 162283 88851 142001 47829 88438 33066 153779 133649 167129 149487 166861 31109 130569 128577 134564 75298 146800 148629 114273 76785 109281 24045 77722 103976 23091 87947 12602 48459 111674 72105 128596 35516 63280 133117 143835 119260 114273 136815 106480 109263 3561 148908 101146 123618 127249 148660 114810 47661 91204 136370 95205 19560 28898 120270 99810 52159 57064 50878 112231 51079 144598 82884 148061 38461 117963 128664 133669 10492 69406 38396 127249 124193 65138 141144 124660 39556 81175 146793 147373 17560 76586 145829 130516 147547
51800 119580 119969 29103 91466 30270 71261 162757 97447 99006 115001 95035 11492 96409 115587 37249 24482 61702 59831 97427 65018 110752 34922 91717 77749 65968 77567 66186 112790 0 86171 81165 90049 163046 70054 135928 95648 62548 80620 114279 71954 55718 42794 49178 43064 56400 133857 97211 76895 102093 108318 105641 137434 138779 102820 44186 39225 53433 55638 141817 128014 127383 83172 78199 41076 54218 45485 57308 67972 107193 87485 64417 97207 127840 113480 131159 105450 106423 126963 128305 116003 49604 129263 65173 119185 43058 37249 110606 91971 105468 134575 115938 80310 81931 92930 90033 139521 75476 120947 133188 61050 82320 133462 105334 55321 129532 45957 140055 42384 50571 138513 83470 91042 86530 116742 70878 68772 81698 55063 75464 71636 82876 107896 88207 91059 82529 134925 91781 89595 80243 35921 68918 63778 131457 56034 41827 65973 99411 115100 67354 98414 91064 38787 105259 74603 101804 52423 42773 81373 111783 123246 133188 20056 41827 108303 65509 31866 109229 86599 70412 36892 44491 130665 28676 84210 85643 49252 169862 118818 92615 37249 94248 88007 131722 67464 13027 72834 82289 42324 95715 84727 71838 42530 85343 117653 64728 84785 44491 41171 70605 78835 38837 85945 43610 59826 85064 97345 48329 82787 120646 75916
88768 99105 147006 88511 70992 97692 27089 142282 76972 137383 94526 86278 80203 16189 137933 109833 83890 133266 92424 17207 38836 90700 94255 155690 73493 90097 99912 23575 91732 86171 0 10056 69230 142572 93356 115453 81767 133701 63496 92353 40101 76814 98732 87344 102268 121631 113382 16991 138416 81618 130663 127986 116959 165435 145925 113571 99908 116070 122339 121342 158483 106908 71791 57724 108478 117067 108208 86398 20535 85267 152097 36992 125407 155657 93005 110685 127796 128768 149308 158774 144910 84438 108788 134516 98710 115642 106596 90132 160082 127813 157876 138283 54574 151274 72455 85777 119046 21240 143292 156310 38979 154560 156584 127679 109030 109058 93181 119580 94766 110918 118038 72951 84299 66055 96268 95007 136960 153938 101326 144806 48272 5398 95351 157550 146124 154768 161962 161161 69120 141468 108505 138260 87773 159275 122010 112164 89259 121756 94625 90197 18194 70589 97671 83333 45065 124149 84580 101977 59447 107527 145591 156310 92640 112301 149289 118955 102853 88754 154709 113620 97330 113838 161135 101260 57518 10224 121837 149388 98344 76281 106596 14028 77488 111247 46989 85612 68577 150400 95359 158824 74209 128849 115114 145497 97178 39264 69264 113838 110518 43833 146945 98040 68721 93650 132065 153175 76870 89061 151630 142991 145259
