NAME : HCMC-100-1
COMMENT : OSM drive network, customers at real shops (shop=* POIs), depot (10.7769, 106.7009), seed 1
TYPE : VRPSPD
DIMENSION : 101
CAPACITY : 150
EDGE_WEIGHT_TYPE : EXPLICIT
EDGE_WEIGHT_FORMAT : FULL_MATRIX
EDGE_WEIGHT_SECTION
0 54930 12015 28539 68483 70519 75439 72728 57866 58154 49763 37373 40454 44293 56868 41715 35747 38030 79915 53802 70183 16324 49172 56538 58843 69626 40932 65342 53575 82756 35331 64519 65950 48617 66728 70143 76468 75338 34583 80077 76966 70863 59225 61590 54793 45456 32794 61195 74800 68020 53326 47489 59158 91318 51241 83380 45963 58615 59328 90620 65710 47157 82225 43829 5050 87814 74404 81890 48270 38324 50295 81005 77342 72535 30111 41507 88534 14679 57131 35857 53939 79486 39740 61796 90949 62871 61714 72081 64799 71110 81230 56724 80775 44751 52319 75338 32222 68176 78580 50983 57766
54930 0 63157 62801 56873 118429 59226 87054 109839 70229 101429 26089 54478 51770 62225 60632 26490 85346 63702 105469 49017 69417 65774 59768 71723 116942 60734 94508 86746 130072 29385 105542 51882 79574 89237 56879 96628 69103 86350 41882 121580 101647 106541 94193 83492 18667 47975 29319 93160 22407 2452 76238 33765 132686 102907 124700 66504 72649 65772 52388 38932 66851 129541 38933 58178 129324 28792 49983 78824 16606 60764 42810 44498 36825 78963 54706 50302 65822 60742 21685 105913 41274 45454 26175 132317 114704 111209 113925 94449 99460 73405 107130 99135 20787 85282 116955 29818 92637 83936 83586 90369
12015 63157 0 16524 70434 62075 83975 73588 49685 48776 41944 45601 39593 45102 53853 36727 43975 41270 88452 45983 74373 11093 40648 66937 49465 70555 35944 53327 41560 85996 43559 53306 74487 36602 54713 78680 64453 85737 28629 88305 67354 58848 62465 49575 42778 53166 35141 69423 75661 76247 61554 35474 66635 80153 43421 72167 46808 61215 54037 98848 69900 48002 85465 52366 8766 76792 82632 86772 36255 46551 45479 89233 82629 80245 23582 40646 96762 2664 67530 44085 45759 87714 48277 69506 79785 54426 53269 60868 52784 59095 87290 48280 81636 52979 40304 64422 39931 56161 73859 38968 45751
28539 62801 16524 0 65541 61215 90435 89346 52493 43731 56021 44542 34700 40210 48961 31835 42916 57027 94911 58995 69936 26850 35755 82397 44420 86312 31051 43203 31425 101753 46190 48350 83091 25179 46583 88088 55120 97691 41204 90875 64367 48573 78222 39300 34874 51858 31399 73854 91418 75835 63211 30429 63408 75494 55407 67508 62565 76972 48992 101418 65463 63759 101222 62025 24742 72133 82219 82336 24751 50915 40586 91804 78192 78937 39339 35754 99332 15820 82990 50276 48567 90284 61531 68198 75125 57234 54054 56734 42622 48821 98736 49976 97393 52198 30030 59763 38603 48031 68814 28693 35476
68483 56873 70434 65541 0 112659 102902 126944 112762 34650 111765 51656 36851 29458 25108 39090 51818 104346 107379 115804 23846 80031 43159 103444 35746 135942 39192 62964 73467 149072 67341 92718 95558 73024 55368 100555 61059 112779 97041 73263 115946 69584 125541 73496 52444 44909 36948 78237 130613 48936 59325 47521 45659 121323 113243 113337 103850 113040 28655 83769 24693 103668 148541 80679 69739 117961 54232 41104 67554 60282 31282 74191 36960 48083 93404 36624 81684 72486 104418 65361 108836 72655 84333 40174 120954 115819 106316 102562 63735 65186 117081 105576 136588 53469 73566 105592 49721 58769 44306 72185 75429
70519 118429 62075 61215 112659 0 142022 125475 51232 82569 50506 98179 87552 91619 89044 83998 96553 84291 147296 53201 122805 62944 80928 119651 82917 77600 83658 54532 41244 105838 101009 30733 129610 47255 62009 134906 60607 138451 56512 145242 9984 54060 86338 44787 62525 105495 84611 127566 127547 129717 118491 70794 116620 24872 52118 29086 98694 113101 84931 155785 118332 99888 105307 110328 65699 19506 136102 135205 53699 104695 89007 146170 131061 132574 69826 87965 153699 60669 120244 102229 47306 144651 107555 121835 24504 30574 20758 28623 53952 54307 141446 13795 133522 105835 42499 7359 92240 59126 98010 45476 40850
75439 59226 83975 90435 102902 142022 0 56520 125207 109494 114679 61190 93110 91035 101490 96309 61829 101770 28864 118718 100041 81603 102675 28116 110987 133365 95525 123541 114380 146496 52299 132610 20230 107208 124790 27681 135104 40908 99440 84374 146871 130640 122965 121827 112854 64055 85378 63206 63643 76217 57623 105551 79589 159517 116156 151531 62384 40998 105036 94917 91880 62730 145964 39131 77784 156156 82601 102931 106458 42620 100028 85302 97446 88234 95097 93746 92831 86640 29090 44480 121281 83783 47584 79123 159148 134374 133217 140757 122998 130887 43088 128227 69320 53842 112916 143786 65641 126237 123201 111220 118003
72728 87054 73588 89346 126944 125475 56520 0 108460 121066 97931 86227 106348 107444 120414 107854 85449 90468 35377 101970 124675 64855 112938 41096 121755 122064 107071 124653 112735 135194 73045 120120 42518 108229 127689 38840 136570 30103 82693 112202 131495 130023 111663 120751 115753 91762 98635 91035 22566 104045 85451 108450 105652 145521 99409 138405 43350 21740 122874 122745 119708 42233 134663 64799 71398 142561 110429 130759 107936 70448 116190 113130 125275 116063 79298 107401 120659 75386 33721 69721 104534 111611 62023 106951 145152 117826 116669 126543 124073 130271 26846 111679 27764 81670 111480 130521 84610 129136 142125 110143 116927
57866 109839 49685 52493 112762 51232 125207 108460 0 90813 15799 91763 81921 87431 96181 79056 90137 60900 132830 34524 117157 47697 82976 102636 91502 45367 78272 76562 64556 69121 90459 63925 112595 60138 82136 118838 88480 121436 35609 135205 48553 81932 55479 72660 70799 99079 78620 116323 110532 122873 108454 76883 110629 63335 14762 77325 81679 96086 96074 145748 112684 82873 68589 97175 53045 68880 129257 129556 59845 93452 87807 136134 125413 126158 40617 82974 143662 48279 103229 90985 5564 134614 93086 115419 62967 34458 33301 64363 75982 82180 124431 37436 116507 99419 63389 56733 85824 82993 115151 62052 68836
58154 70229 48776 43731 34650 82569 109494 121066 90813 0 90107 58248 24396 21096 10192 20698 58363 88748 113970 94146 49316 59256 14822 106030 5117 118718 20800 32908 43411 133474 67119 62662 102150 42798 25605 107147 31505 119371 76792 97257 85721 40030 109943 43740 22219 54741 27749 89174 123139 72930 70668 17296 54417 91267 91585 83281 94286 108693 6080 107763 48393 95480 132943 83586 55807 87906 78226 64805 37328 66874 14225 98185 60661 71784 71745 24169 105678 50828 108618 71817 86887 96649 85280 64168 90898 85907 76091 72507 33679 35632 123673 75351 129114 60061 43510 75536 52088 29006 27704 41959 45373
49763 101429 41944 56021 111765 50506 114679 97931 15799 90107 0 85299 80924 86434 95184 78059 83673 46062 122201 19494 115704 39261 81979 92107 90796 40057 77275 79970 64997 60331 83257 63153 102066 63550 85548 108310 89711 110907 34324 126577 52504 83164 45638 73892 74210 93190 76122 107695 100003 115284 99826 76805 106892 67287 1815 74060 71151 85558 95368 137120 111231 72345 59799 86244 44851 68154 121669 128104 63256 84823 86810 127505 123960 120269 25779 81977 135034 43741 92700 82357 12911 125986 82155 109530 66918 38409 37252 61099 79389 83412 113903 36711 105978 92016 64950 56007 79955 86400 115190 65459 69955
37373 26089 45601 44542 51656 98179 61190 86227 91763 58248 85299 0 41352 39789 50243 46441 4739 70234 65666 89338 49828 51860 52630 61731 59741 101830 45658 74965 65804 114960 25770 84600 53845 58632 75790 58842 84646 71067 69841 58005 101331 82064 91429 73251 64279 13997 33758 41957 89906 38263 26528 56551 29376 111744 86777 103758 63143 72323 53790 68547 42578 62961 114429 39099 40621 108383 44648 53629 57882 18570 48782 58933 48705 41120 63851 42220 66462 47798 62705 23649 87837 57414 42763 30381 111375 96504 91701 92984 74423 82312 75369 88930 95881 11756 64340 96013 10823 77237 71955 62644 69427
40454 54478 39593 34700 36851 87552 93110 106348 81921 24396 80924 41352 0 10060 22348 9673 39864 75476 97586 84964 44082 49750 15706 89631 25085 106981 9775 47565 52166 120202 48864 71922 85766 46716 41262 90762 50297 102987 66760 82645 90703 55257 96671 57372 35292 38990 7777 73423 108421 58437 54917 27258 38666 99699 82402 91714 79583 92235 24747 93151 39609 80777 119670 67187 40567 96338 64791 56481 41941 51123 14265 83574 52337 60201 62563 1599 91066 41645 90751 55240 77995 82038 67025 49462 99331 86662 81073 80939 47506 54349 107289 78669 114396 44310 51011 83968 33734 44523 44116 48973 54989
44293 51770 45102 40210 29458 91619 91035 107444 87431 21096 86434 39789 10060 0 14721 12299 39950 79206 95511 90473 37803 54700 16951 88581 21785 110801 12401 46217 55016 123932 49942 74267 83690 50852 39299 88687 47662 100912 71709 79937 94771 54934 100401 57049 35528 36282 11617 70714 109516 55728 52209 28705 35957 102872 87911 94886 80679 93331 17180 90443 33330 81873 123400 66137 44407 99511 61547 50202 46009 48415 10744 80865 46058 56348 68072 9833 88357 47154 91169 53494 83504 79329 68080 46754 102503 92172 85141 84112 46988 51788 105214 84178 115491 41601 54580 87141 34640 42700 36432 52576 56978
56868 62225 53853 48961 25108 89044 101490 120414 96181 10192 95184 50243 22348 14721 0 19485 50405 90985 105966 99224 39774 64334 21642 100329 14015 122491 19587 39163 49667 135711 62262 68918 94145 51040 30910 99142 36602 111367 81870 87715 93522 45126 112180 49640 30713 46736 24192 81169 122486 63387 62664 25790 46412 97522 96662 89537 93649 106301 4197 98221 38851 94843 135180 77627 56788 94161 68684 55262 45823 58870 10078 88643 51119 62241 76823 22122 96135 55905 102917 63949 92255 87107 79570 54626 97154 94401 84585 78762 39934 40728 115669 83845 128461 52056 49766 81791 45810 34311 22660 49042 51628
41715 60632 36727 31835 39090 83998 96309 107854 79056 20698 78059 46441 9673 12299 19485 0 44815 74839 100785 82098 46865 47208 12009 92256 21387 106345 2905 43324 48112 119565 52064 67363 88965 43231 37564 93962 46599 106186 64744 88799 87150 51016 96034 53131 30681 45144 13027 79577 109926 64591 61071 21480 44820 95968 79536 87982 81074 93882 21593 99305 42392 82268 119033 70387 40642 92607 70528 59265 37653 56754 11111 89727 55121 65329 59697 9447 97220 38779 93136 58440 75130 88192 70224 55616 95599 83797 77520 77208 43265 50108 109922 75803 115901 50464 47181 80237 38865 40825 41495 44699 50074
35747 26490 43975 42916 51818 96553 61829 85449 90137 58363 83673 4739 39864 39950 50405 44815 0 68608 66305 87712 49990 50234 51127 62371 59856 100204 44032 73339 64179 113334 24144 82975 54485 57006 74164 59482 84478 71706 68216 58644 99705 80438 89803 71626 62653 14158 32133 42597 88280 38425 26929 54925 29538 110118 85151 102132 61518 71545 53952 69187 42740 61335 112803 38320 38995 106757 44809 53791 56256 19209 48834 59572 48866 41282 62225 40917 67101 46173 63345 24288 86211 58053 41137 30543 109749 94878 90075 91358 72797 80686 76008 87304 94255 12396 62715 94387 10985 75612 72117 61018 67801
38030 85346 41270 57027 104346 84291 101770 90468 60900 88748 46062 70234 75476 79206 90985 74839 68608 0 106246 40846 104443 33776 80620 82513 89437 44167 74055 91291 79284 53092 67569 80797 92281 74867 95371 96474 103208 101313 29404 110493 90941 96661 33744 87388 83435 78317 68749 91611 92540 99484 83743 76131 92040 104967 47540 98572 63688 78095 93241 121036 99970 64882 52561 70160 36618 101939 105868 116150 74574 68740 83566 111422 111602 105396 22461 76529 118951 43067 83106 66274 58012 109902 66071 94657 104598 77115 75945 86657 90710 96909 104915 70495 98515 76216 78118 89792 65104 96565 112752 76781 83564
79915 63702 88452 94911 107379 147296 28864 35377 132830 113970 122201 65666 97586 95511 105966 100785 66305 106246 0 126240 104517 89679 107152 36809 115463 137842 100002 128017 118856 150972 56775 137087 26860 111684 129266 24555 139580 23094 106419 88850 151347 135116 127441 126303 117330 68531 89854 67682 51023 80693 62099 110027 84065 163993 123679 156008 69837 40613 109512 99393 96356 69060 150440 43607 82260 160632 87077 107407 110934 47096 104505 89778 101922 92711 99863 98222 97307 91116 34007 48956 128904 88259 52060 83599 163625 140081 138807 145233 127474 135363 22489 133935 56220 58318 117392 148262 70118 130713 127677 115696 122479
53802 105469 45983 58995 115804 53201 118718 101970 34524 94146 19494 89338 84964 90473 99224 82098 87712 40846 126240 0 119743 43300 86018 96146 94835 42201 81314 82665 67693 62371 87296 65848 106105 66293 88426 112349 92407 114946 38363 130616 60804 85860 38228 76587 77089 97229 80162 111734 104042 119324 103865 80844 110931 75499 21106 76756 75190 89597 99407 141159 115270 76384 61840 90283 48890 70850 125708 132143 66135 88862 90849 131544 127999 124308 29818 86017 139073 47780 96739 86396 31636 130025 86194 113569 75131 47041 45857 63794 82084 86107 117942 39406 110017 96055 67646 58703 83995 89096 119229 68155 72650
70183 49017 74373 69936 23846 122805 100041 124675 117157 49316 115704 49828 44082 37803 39774 46865 49990 104443 104517 119743 0 83168 51926 100582 50411 136039 46967 77629 87420 149169 65849 107176 92697 81951 70034 97693 75725 109918 100979 65354 125957 84250 125638 88162 67110 37544 40155 70328 129715 41017 51469 61646 39636 134953 117182 126967 102952 110771 43320 75860 18206 102769 148638 77818 71928 131592 44544 26671 77530 57421 45948 66282 22527 35128 97342 43855 73774 76425 101557 62500 113231 64746 82841 32265 134584 121898 116327 116193 78400 79851 114220 113905 135690 50607 86265 119222 48229 73434 58971 84227 89919
16324 69417 11093 26850 80031 62944 81603 64855 47697 59256 39261 51860 49750 54700 64334 47208 50234 33776 89679 43300 83168 0 51128 59032 59945 65372 46424 62158 50239 78502 49818 57306 68990 45733 65193 75234 74075 77832 24039 94564 69390 67528 54971 58255 53258 59751 43861 75682 66928 82507 67814 45954 73453 83742 40739 76627 38075 52482 64517 105107 78695 39269 77971 55693 11472 80592 88891 95567 45440 52811 55959 95493 91423 86830 20645 50804 103022 12890 59625 50344 43771 93973 51603 76091 83373 55295 54138 64764 61577 67775 80827 49148 72903 59238 48984 68445 46517 66641 84339 47648 54431
49172 65774 40648 35755 43159 80928 102675 112938 82976 14822 81979 52630 15706 16951 21642 12009 51127 80620 107152 86018 51926 51128 0 99197 15511 110590 12111 35732 42759 125346 58430 62010 95331 40683 31401 100328 40723 112552 68664 93941 84080 43423 101815 45538 23459 50285 19060 84718 115010 69732 66213 15893 49961 90615 83457 82629 86158 100443 20083 104447 47453 87352 124814 76753 47013 87253 75670 64325 34145 62419 14223 94869 60182 70471 63617 15480 102361 42700 100077 64806 79050 93333 76591 60758 90246 84266 74450 71854 35672 42515 116854 73710 120985 55605 42323 74884 44997 34050 41707 40319 44721
56538 59768 66937 82397 103444 119651 28116 41096 102636 106030 92107 61731 89631 88581 100329 92256 62371 82513 36809 96146 100582 59032 99197 0 107523 114109 91473 118830 106911 127239 50929 114297 15503 102405 120429 22954 130284 29557 76869 84915 125671 124200 103708 114927 108494 64597 81900 63748 44035 76758 58164 101190 80131 139697 93585 132581 39813 22440 102848 95458 92421 40159 126708 39673 58527 136738 83142 103472 102058 43162 97482 85843 97988 88776 73474 90267 93372 69095 10497 45021 98710 84324 39906 79664 139328 112002 110845 120719 118249 124447 37158 105856 50010 54383 105656 124697 64805 121877 122040 104320 111103
58843 71723 49465 44420 35746 82917 110987 121755 91502 5117 90796 59741 25085 21785 14015 21387 59856 89437 115463 94835 50411 59945 15511 107523 0 119407 21489 33070 43573 134163 67808 62824 103643 43487 25476 108640 32465 120864 77481 97932 86410 40156 110632 43846 22908 56234 28439 90667 123828 73604 72162 17985 55910 91429 92274 83443 94975 109382 10378 108438 49068 96169 133632 85079 56496 88068 78901 65479 38018 68367 14914 98860 61336 72458 72434 24858 106352 51517 109455 73310 87576 97324 85969 64843 91061 86596 76780 72669 33841 36592 125166 76040 129803 61554 43673 75698 53582 28876 32002 42649 45535
69626 116942 70555 86312 135942 77600 133365 122064 45367 118718 40057 101830 106981 110801 122491 106345 100204 44167 137842 42201 136039 65372 110590 114109 119407 0 105561 111003 97751 31268 99165 93863 123877 95225 117761 128070 121176 132909 62935 142089 72802 114629 25532 105357 107677 109913 100344 123207 124136 131080 115338 105416 123636 87584 39507 102152 95284 109691 123979 152632 131566 96478 30737 101756 68214 95248 137464 147746 96723 100336 115072 143017 143198 136992 54390 108034 150546 72352 114702 97869 43942 141498 97667 126253 87215 58313 61324 91464 110422 114877 136511 68369 130111 107811 97345 83101 96699 117287 143801 96929 101420
40932 60734 35944 31051 39192 83658 95525 107071 78272 20800 77275 45658 9775 12401 19587 2905 44032 74055 100002 81314 46967 46424 12111 91473 21489 105561 0 43426 47771 118781 51280 67022 88181 42890 37666 93178 46701 105402 63960 88901 86809 50746 95250 52861 30341 45246 13129 78944 109143 64692 61173 21139 44921 95627 78753 87641 80291 93099 21695 99407 42494 81484 118250 69603 39859 92266 70630 59367 37312 56005 11212 89829 55223 65431 58914 9548 97321 37996 92352 57656 74346 88293 69441 55718 95258 83013 77179 76867 42998 50210 109138 75020 115118 50565 46840 79896 38524 40927 41596 44358 49733
65342 94508 53327 43203 62964 54532 123541 124653 76562 32908 79970 74965 47565 46217 39163 43324 73339 91291 128017 82665 77629 62158 35732 118830 33070 111003 43426 0 15155 133835 79295 33096 116196 18522 10451 121193 17643 133417 65273 123800 59964 11096 109723 13211 19304 80666 50919 106959 126726 99550 94918 25077 80342 63011 79476 55025 97873 112280 35051 134306 76286 99067 133304 97618 61523 59649 104912 92697 23269 84020 39346 124728 88554 99486 74647 47338 132220 51971 119423 85671 72636 123192 97456 90482 62642 65185 55368 44250 1217 11343 133925 54629 132701 82621 15254 47280 68101 7156 48129 15108 16405
53575 86746 41560 31425 73467 41244 114380 112735 64556 43411 64997 65804 52166 55016 49667 48112 64179 79284 118856 67693 87420 50239 42759 106911 43573 97751 47771 15155 0 121828 70134 21117 107036 7172 22631 112032 25522 122592 53266 114820 46676 18974 97804 9702 25329 73121 50587 97798 114807 97342 87156 33597 82596 49722 66551 41737 85955 100362 45554 125363 82947 87149 121297 87622 49756 46361 103727 99819 17634 74859 49849 115748 95675 100199 62729 52579 123277 40053 107504 76382 60630 114229 87459 89460 49354 50771 40955 30962 14574 19222 123008 40215 120782 73461 1531 33991 59865 21763 58632 4545 5878
82756 130072 85996 101753 149072 105838 146496 135194 69121 133474 60331 114960 120202 123932 135711 119565 113334 53092 150972 62371 149169 78502 125346 127239 134163 31268 118781 133835 121828 0 112295 120724 137007 117411 139409 141200 145752 146039 80449 155219 101040 139205 33892 129932 128072 123043 113474 136337 137266 144210 128468 120857 136766 115822 59781 130390 108414 122821 137967 165762 144696 109608 531 114886 81344 123486 150594 160876 117118 113466 128292 156148 156328 150122 71324 121255 163677 87793 127832 110999 66233 154628 110797 139383 115454 86551 89562 118972 133254 139453 149641 94709 143241 120942 120662 111339 109830 140266 157478 119325 126108
35331 29385 43559 46190 67341 101009 52299 73045 90459 67119 83257 25770 48864 49942 62262 52064 24144 67569 56775 87296 65849 49818 58430 50929 67808 99165 51280 79295 70134 112295 0 88144 44955 62962 80544 49952 90859 62176 67659 54533 104160 86394 88764 77581 68609 33333 41133 35718 75395 46375 27782 61305 48352 115288 84735 107302 48739 58947 64781 65075 59109 49086 111764 25465 38579 111926 52760 72343 62212 12779 58706 55461 67438 58393 61186 49917 62990 46223 53517 12233 86533 53942 27689 49115 114919 95324 92582 96527 78753 86642 66478 88504 81370 24001 68670 99557 24290 81992 83973 66974 73757
64519 105542 53306 48350 92718 30733 132610 120120 63925 62662 63153 84600 71922 74267 68918 67363 82975 80797 137087 65848 107176 57306 62010 114297 62824 93863 67022 33096 21117 120724 88144 0 122190 28052 39973 126383 37228 133096 52636 133616 36164 29509 100106 20934 44580 91917 71032 115962 122192 116138 105952 52848 103041 39211 64752 31225 93340 107747 64805 144159 102703 94534 120193 101651 59908 35849 122523 119576 38515 93091 69100 134544 115432 118995 65950 72335 142073 51799 114890 90797 59999 133025 99577 108256 38842 46882 37066 20450 32536 30928 134623 36326 128167 92257 22554 23480 78661 35747 77642 25425 18513
65950 51882 74487 83091 95558 129610 20230 42518 112595 102150 102066 53845 85766 83690 94145 88965 54485 92281 26860 106105 92697 68990 95331 15503 103643 123877 88181 116196 107036 137007 44955 122190 0 99863 117446 12636 127760 25863 86828 77029 134764 123295 113476 114483 105510 56711 78034 55862 50120 68872 50279 98207 72245 148679 103544 141564 49771 28385 97692 87572 84536 50118 136476 31787 68295 145720 75257 95587 99113 35276 92684 77958 90102 80890 83433 86402 85487 77151 16478 37136 108669 76438 40239 71779 148311 121961 120804 129702 115654 123543 31056 115814 55318 46498 105572 133680 58297 118893 115857 103875 110658
48617 79574 36602 25179 73024 47255 107208 108229 60138 42798 63550 58632 46716 50852 51040 43231 57006 74867 111684 66293 81951 45733 40683 102405 43487 95225 42890 18522 7172 117411 62962 28052 99863 0 25998 104860 30439 116851 48849 107648 50407 23892 93298 14619 22754 65948 43415 90626 110301 90170 79984 30173 75424 56581 63052 48596 81449 95855 47330 118191 77478 82643 116879 81285 44799 53220 96555 94351 12751 67687 48866 108576 90207 93027 58223 47198 116105 35547 102998 69338 56212 107057 81123 82288 56213 50593 40777 37821 17941 24139 117267 40037 116276 66289 5708 40850 52693 25130 61999 4012 10795
66728 89237 54713 46583 55368 62009 124790 127689 82136 25605 85548 75790 41262 39299 30910 37564 74164 95371 129266 88426 70034 65193 31401 120429 25476 117761 37666 10451 22631 139409 80544 39973 117446 25998 0 122443 14466 134667 70847 116882 67440 17973 113915 20088 16032 73749 44615 107620 129761 92632 89676 21806 73424 70487 85050 62501 100909 115316 26798 127388 68710 102103 138878 98868 62932 67126 97994 85121 26483 85269 32428 117811 80978 92100 77683 41035 125303 56451 121180 86921 78210 116275 98705 83564 70118 72661 62845 51727 11135 18152 135827 62105 135736 79068 22730 54756 68845 4395 39876 22584 23111
70143 56879 78680 88088 100555 134906 27681 38840 118838 107147 108310 58842 90762 88687 99142 93962 59482 96474 24555 112349 97693 75234 100328 22954 108640 128070 93178 121193 112032 141200 49952 126383 12636 104860 122443 0 132757 19377 92614 82026 138957 128292 117669 119479 110507 61708 83031 60859 47927 73869 55276 103203 77242 152872 109787 145757 55490 27130 102689 92569 89533 55279 140668 36784 72488 149913 80254 100584 104110 40273 97681 82955 95099 85887 88220 91398 90484 81344 18020 42132 114912 81435 45236 76776 152504 127691 126417 133895 120651 128540 25348 121544 53125 51494 110568 137873 63294 123890 120854 108872 115655
76468 96628 64453 55120 61059 60607 135104 136570 88480 31505 89711 84646 50297 47662 36602 46599 84478 103208 139580 92407 75725 74075 40723 130284 32465 121176 46701 17643 25522 145752 90859 37228 127760 30439 14466 132757 0 144636 77190 123666 66039 12337 121640 17343 26708 81140 53650 115572 138643 99339 97067 32120 80815 69085 91085 61099 109790 124197 32489 134172 74803 110984 145221 109182 72650 65724 104635 91214 37022 93273 40791 124595 87070 98193 86564 50070 132087 63889 131035 97235 84553 123059 109019 90578 68716 74196 64380 50325 17084 7939 145052 63640 144618 86459 26435 53354 78455 18152 44486 27811 20537
75338 69103 85737 97691 112779 138451 40908 30103 121436 119371 110907 71067 102987 100912 111367 106186 71706 101313 23094 114946 109918 77832 112552 29557 120864 132909 105402 133417 122592 146039 62176 133096 25863 116851 134667 19377 144636 0 95669 94251 144471 139740 122508 130467 122731 73932 95255 73083 44879 86093 67500 115428 89466 158497 112385 151381 58087 29441 114913 104793 101757 57877 145508 49008 77327 155538 92478 112808 116335 52497 109905 95179 107323 98111 92274 103623 102708 87895 22853 54357 117510 93660 54259 89000 158128 130802 129645 139519 132875 139987 21138 124655 50077 63719 121196 143497 75518 136114 133078 119860 126643
34583 86350 28629 41204 97041 56512 99440 82693 35609 76792 34324 69841 66760 71709 81870 64744 68216 29404 106419 38363 100979 24039 68664 76869 77481 62935 63960 65273 53266 80449 67659 52636 86828 48849 70847 92614 77190 95669 0 111497 62780 70643 55519 61370 59510 77732 60942 92615 84765 100488 84746 63490 91455 76806 34950 70411 55913 70319 82053 122040 96506 57107 79918 71591 29629 74160 106872 113379 48556 69743 73495 112425 109235 104811 17803 67813 119954 30426 77462 67277 31683 110906 67502 94072 76437 48954 47784 58496 64692 70891 98664 42716 90740 77219 52100 62013 64519 71704 101875 50763 57546
80077 41882 88305 90875 73263 145242 84374 112202 135205 97257 126577 58005 82645 79937 87715 88799 58644 110493 88850 130616 65354 94564 93941 84915 97932 142089 88901 123800 114820 155219 54533 133616 77029 107648 116882 82026 123666 94251 111497 0 148393 131027 131689 122267 112430 48612 76142 40418 118308 28657 41882 104601 58308 160641 128055 152656 91652 97797 91262 28182 53711 91998 154688 64080 83325 157280 34940 64708 106898 41754 88931 1852 57419 44304 104110 82873 26096 90969 85890 46833 131279 17048 70602 40593 160273 140070 138022 141881 123438 127793 98553 133924 124283 50657 113356 144910 62230 120283 107848 111660 118443
76966 121580 67354 64367 115946 9984 146871 131495 48553 85721 52504 101331 90703 94771 93522 87150 99705 90941 151347 60804 125957 69390 84080 125671 86410 72802 86809 59964 46676 101040 104160 36164 134764 50407 67440 138957 66039 144471 62780 148393 0 59491 88794 50219 65676 108647 87763 130718 133567 132869 121642 73945 119771 19648 51467 34517 104714 119121 89812 158936 121484 105908 100509 114379 72146 27633 139253 138356 56850 107846 92159 149321 134213 135726 74580 91116 156850 65948 126264 105380 44627 147802 112251 124987 19279 25850 16034 34055 59383 59739 147196 21397 139542 108987 47931 15435 95392 64558 103441 50372 46282
70863 101647 58848 48573 69584 54060 130640 130023 81932 40030 83164 82064 55257 54934 45126 51016 80438 96661 135116 85860 84250 67528 43423 124200 40156 114629 50746 11096 18974 139205 86394 29509 123295 23892 17973 128292 12337 139740 70643 131027 59491 0 115093 10796 28021 88015 58399 114058 132096 107593 102057 33794 88385 62538 84538 54552 103243 117650 41013 141533 83327 104437 138674 104717 67044 59177 112954 99738 30475 91119 48063 131955 95595 106717 80017 55030 139447 57341 124793 92770 78006 130419 104555 98524 62169 67649 57833 43778 10536 6038 140155 57093 138071 89721 19888 46807 75306 13747 53011 21264 13990
59225 106541 62465 78222 125541 86338 122965 111663 55479 109943 45638 91429 96671 100401 112180 96034 89803 33744 127441 38228 125638 54971 101815 103708 110632 25532 95250 109723 97804 33892 88764 100106 113476 93298 113915 117669 121640 122508 55519 131689 88794 115093 0 105820 102259 99512 89944 112806 113736 120679 104938 97327 113235 103731 46090 111209 84883 99290 114436 142231 121165 86077 33361 91355 57814 103987 127064 137346 93005 89935 104761 132617 132797 126591 47961 97724 140146 64262 104301 87469 52591 131097 87266 115852 103363 74871 73701 98248 109142 115340 126110 72543 119711 97411 96549 91840 86299 115363 133947 95213 101996
61590 94193 49575 39300 73496 44787 121827 120751 72660 43740 73892 73251 57372 57049 49640 53131 71626 87388 126303 76587 88162 58255 45538 114927 43846 105357 52861 13211 9702 129932 77581 20934 114483 14619 20088 119479 17343 130467 61370 122267 50219 10796 105820 0 30136 80568 57997 105245 122823 104789 94603 35909 89975 53265 75265 45280 93970 108377 45527 132810 86819 95164 129401 95497 57772 49904 111174 103230 25081 82306 50178 123195 99086 107266 70744 57145 130724 48069 115520 83958 68734 121676 95334 96908 52897 58376 48560 34505 12651 11043 130883 47820 128798 80908 10615 37534 67312 15862 58016 11992 4304
54793 83492 42778 34874 52444 62525 112854 115753 70799 22219 74210 64279 35292 35528 30713 30681 62653 83435 117330 77089 67110 53258 23459 108494 22908 107677 30341 19304 25329 128072 68609 44580 105510 22754 16032 110507 26708 122731 59510 112430 65676 28021 102259 30136 0 69297 37994 96273 117826 88181 83902 10936 68972 73185 73713 65199 88973 103380 27480 122936 65179 90167 127540 86932 50996 69823 93542 82052 17284 73334 28657 113359 77908 88116 65747 35065 120851 44829 109244 74985 66873 111823 86770 79112 72816 65863 56046 54424 20075 28269 123891 55307 123801 71935 24398 57454 57414 17480 46527 21915 27291
45456 18667 53166 51858 44909 105495 64055 91762 99079 54741 93190 13997 38990 36282 46736 45144 14158 78317 68531 97229 37544 59751 50285 64597 56234 109913 45246 80666 73121 123043 33333 91917 56711 65948 73749 61708 81140 73932 77732 48612 108647 88015 99512 80568 69297 0 32487 40358 97867 24403 19106 61094 17260 119060 94668 111074 71104 77478 50283 59118 28581 70922 122512 43762 48512 115699 30788 39632 65198 21435 45275 49540 34845 27260 71934 39218 57033 55218 65571 26514 95153 48004 50283 16522 118692 103820 99017 100300 80817 85266 78234 96246 103842 14622 71657 103329 14792 77149 68448 69960 76744
32794 47975 35141 31399 36948 84611 85378 98635 78620 27749 76122 33758 7777 11617 24192 13027 32133 68749 89854 80162 40155 43861 19060 81900 28439 100344 13129 50919 50587 113474 41133 71032 78034 43415 44615 83031 53650 95255 60942 76142 87763 58399 89944 57997 37994 32487 0 66920 100707 51934 48414 28792 32163 98176 77600 90190 71869 84522 26651 86648 35682 73063 112943 59456 32908 94815 58288 52555 40128 44147 17619 77071 48411 53698 57548 8830 84563 37192 83037 47509 74694 75535 59293 42959 97807 83361 78133 79416 50651 57702 99557 75368 106682 37807 49123 82445 26002 47877 45903 47427 54210
61195 29319 69423 73854 78237 127566 63206 91035 116323 89174 107695 41957 73423 70714 81169 79577 42597 91611 67682 111734 70328 75682 84718 63748 90667 123207 78944 106959 97798 136337 35718 115962 55862 90626 107620 60859 115572 73083 92615 40418 130718 114058 112806 105245 96273 40358 66920 0 98633 33688 27277 88969 57115 142988 109172 135002 72460 76629 84716 50961 58736 72807 135806 44320 64443 139626 40072 69733 89876 23901 79708 41346 62444 49436 85228 73651 48875 72087 64722 27950 112397 39827 51410 45567 142619 121188 119140 124228 106417 114306 77385 115041 103831 34609 96334 127257 46182 109656 102881 94638 101421
74800 93160 75661 91418 130613 127547 63643 22566 110532 123139 100003 89906 108421 109516 122486 109926 88280 92540 51023 104042 129715 66928 115010 44035 123828 124136 109143 126726 114807 137266 75395 122192 50120 110301 129761 47927 138643 44879 84765 118308 133567 132096 113736 122823 117826 97867 100707 98633 0 110151 91557 110522 111758 147593 101481 140477 45422 23817 124946 128851 124938 44305 136735 68772 73470 144634 116535 136865 110008 76554 118262 119236 131380 122169 81370 109474 126765 77458 38407 74088 106606 117717 64586 113057 147224 119898 118741 128615 126145 132343 42492 113751 10592 87776 113552 132593 86683 131209 144198 112216 118999
68020 22407 76247 75835 48936 129717 76217 104045 122873 72930 115284 38263 58437 55728 63387 64591 38425 99484 80693 119324 41017 82507 69732 76758 73604 131080 64692 99550 97342 144210 46375 116138 68872 90170 92632 73869 99339 86093 100488 28657 132869 107593 120679 104789 88181 24403 51934 33688 110151 0 22407 80541 34097 143282 116762 135296 83495 89640 66934 39146 29345 83841 143679 55923 71268 139921 10625 40333 89420 33596 64722 29585 33009 19989 93101 58665 37060 78912 77732 38675 118947 28032 62445 16377 142913 127738 123239 124522 100321 103465 90395 120164 116126 37038 95878 127551 38861 96033 83520 94182 100965
53326 2452 61554 63211 59325 118491 57623 85451 108454 70668 99826 26528 54917 52209 62664 61071 26929 83743 62099 103865 51469 67814 66213 58164 72162 115338 61173 94918 87156 128468 27782 105952 50279 79984 89676 55276 97067 67500 84746 41882 121642 102057 104938 94603 83902 19106 48414 27277 91557 22407 0 76648 34542 133095 101304 125110 64901 71046 66211 52388 41384 65247 127937 37330 56574 129734 28792 52435 79234 15003 61203 42810 46950 38155 77359 55145 50302 64218 59139 20082 104528 41274 43851 28627 132727 113319 111271 114335 94859 99870 71802 107173 97532 19212 85692 117364 30257 93076 84375 83995 90779
47489 76238 35474 30429 47521 70794 105551 108450 76883 17296 76805 56551 27258 28705 25790 21480 54925 76131 110027 80844 61646 45954 15893 101190 17985 105416 21139 25077 33597 120857 61305 52848 98207 30173 21806 103203 32120 115428 63490 104601 73945 33794 97327 35909 10936 61094 28792 88969 110522 80541 76648 0 60770 81453 78283 73467 81670 96076 22557 115144 58169 82864 120326 79628 43693 78092 86532 75041 23467 66030 23734 105529 70898 81106 58444 27031 113058 37526 101941 67681 72957 104010 79466 71566 81085 74131 64315 62693 25848 34042 116588 63575 116497 64207 32666 65722 49606 23253 42556 30184 35559
59158 33765 66635 63408 45659 116620 79589 105652 110629 54417 106892 29376 38666 35957 46412 44820 29538 92040 84065 110931 39636 73453 49961 80131 55910 123636 44921 80342 82596 136766 48352 103041 72245 75424 73424 77242 80815 89466 91455 58308 119771 88385 113235 89975 68972 17260 32163 57115 111758 34097 34542 60770 0 130185 108370 122199 84995 91748 49959 68814 30673 84813 136235 58799 62214 126823 39463 41724 72136 36969 44951 59236 37508 34873 85657 38894 66728 68687 81105 42048 106703 57700 64779 24990 129816 115370 110141 111425 81113 84941 93768 107377 117733 30156 81132 114454 28589 76825 68123 79435 86219
91318 132686 80153 75494 121323 24872 159517 145521 63335 91267 67287 111744 99699 102872 97522 95968 110118 104967 163993 75499 134953 83742 90615 139697 91429 87584 95627 63011 49722 115822 115288 39211 148679 56581 70487 152872 69085 158497 76806 160641 19648 62538 103731 53265 73185 119060 98176 142988 147593 143282 133095 81453 130185 0 66249 37564 118740 133147 93410 171184 130480 119934 115291 128294 86497 31025 149666 147353 67044 120116 97705 161570 143209 146139 89362 100113 169099 78653 140290 117650 59409 160050 126166 135400 6187 40633 30817 37101 62430 62786 161112 36116 153568 119400 50977 18656 105805 67604 106488 53954 49328
51241 102907 43421 55407 113243 52118 116156 99409 14762 91585 1815 86777 82402 87911 96662 79536 85151 47540 123679 21106 117182 40739 83457 93585 92274 39507 78753 79476 66551 59781 84735 64752 103544 63052 85050 109787 91085 112385 34950 128055 51467 84538 46090 75265 73713 94668 77600 109172 101481 116762 101304 78283 108370 66249 0 75672 72628 87035 96846 138597 112708 73822 59249 87721 46329 69767 123146 129581 62759 86301 88288 128983 125437 121746 27257 83455 136512 45219 94178 83835 11874 127464 83632 111007 65881 37372 36215 62711 78896 84785 115380 38323 107456 93493 65918 57620 81433 85907 116600 64966 71441
83380 124700 72167 67508 113337 29086 151531 138405 77325 83281 74060 103758 91714 94886 89537 87982 102132 98572 156008 76756 126967 76627 82629 132581 83443 102152 87641 55025 41737 130390 107302 31225 141564 48596 62501 145757 61099 151381 70411 152656 34517 54552 111209 45280 65199 111074 90190 135002 140477 135296 125110 73467 122199 37564 75672 0 111625 126032 85424 163198 122494 112819 129859 120467 78670 34203 141681 139367 59058 112131 89719 153584 135223 138153 83726 92127 161113 70667 133174 109664 73399 152065 118339 127414 37195 55201 45385 27252 54444 54800 153997 41023 146452 111415 42992 21833 97819 59619 98502 45968 41343
45963 66504 46808 62565 103850 98694 62384 43350 81679 94286 71151 63143 79583 80679 93649 81074 61518 63688 69837 75190 102952 38075 86158 39813 94975 95284 80291 97873 85955 108414 48739 93340 49771 81449 100909 55490 109790 58087 55913 91652 104714 103243 84883 93970 88973 71104 71869 72460 45422 83495 64901 81670 84995 118740 72628 111625 0 31286 96108 102195 98282 6737 107883 42116 44618 115781 89879 110209 81156 49898 89425 92580 104724 95513 52517 80636 100109 48605 40406 47432 77753 91061 37930 86401 118372 91046 89889 99763 97292 103491 60916 84899 51397 61120 84700 103741 59821 102356 115360 83363 90146
58615 72649 61215 76972 113040 113101 40998 21740 96086 108693 85558 72323 92235 93331 106301 93882 71545 78095 40613 89597 110771 52482 100443 22440 109382 109691 93099 112280 100362 122821 58947 107747 28385 95855 115316 27130 124197 29441 70319 97797 119121 117650 99290 108377 103380 77478 84522 76629 23817 89640 71046 96076 91748 133147 87035 126032 31286 0 108761 108340 105303 30170 122289 50895 58497 130188 96024 116354 95562 56043 102077 98725 110869 101658 66924 93288 106254 63012 16304 55817 92160 97206 48119 92546 132778 105453 104295 114169 111699 117897 32496 99306 29792 67265 99106 118147 70234 116763 128012 97770 104553
59328 65772 54037 48992 28655 84931 105036 122874 96074 6080 95368 53790 24747 17180 4197 21593 53952 93241 109512 99407 43320 64517 20083 102848 10378 123979 21695 35051 45554 137967 64781 64805 97692 47330 26798 102689 32489 114913 82053 91262 89812 41013 114436 45527 27480 50283 26651 84716 124946 66934 66211 22557 49959 93410 96846 85424 96108 108761 0 101768 42398 97302 137435 80404 59044 90048 72231 58809 42590 62416 12186 92190 54665 65788 77006 24520 99682 56089 105436 67495 92148 90654 82347 58173 93041 91168 81352 74649 35822 36615 119215 80612 130921 55603 45653 77679 48906 30198 22311 45332 47516
90620 52388 98848 101418 83769 155785 94917 122745 145748 107763 137120 68547 93151 90443 98221 99305 69187 121036 99393 141159 75860 105107 104447 95458 108438 152632 99407 134306 125363 165762 65075 144159 87572 118191 127388 92569 134172 104793 122040 28182 158936 141533 142231 132810 122936 59118 86648 50961 128851 39146 52388 115144 68814 171184 138597 163198 102195 108340 101768 0 64200 102541 165231 74623 93868 167823 45429 75197 117441 52296 99437 29110 67908 54793 114653 93379 6480 101512 96432 57375 141822 19851 81145 51099 170816 150613 148565 152424 133981 138299 109095 144466 134826 61200 123899 155453 72772 130789 118354 122202 128986
65710 38932 69900 65463 24693 118332 91880 119708 112684 48393 111231 42578 39609 33330 38851 42392 42740 99970 96356 115270 18206 78695 47453 92421 49068 131566 42494 76286 82947 144696 59109 102703 84536 77478 68710 89533 74803 101757 96506 53711 121484 83327 121165 86819 65179 28581 35682 58736 124938 29345 41384 58169 30673 130480 112708 122494 98282 105303 42398 64200 0 98296 144165 71587 67455 127119 34642 25421 73056 49260 42323 54639 21206 25874 92869 39382 62114 71951 93396 54339 108758 53086 77342 20674 130111 117425 111854 111720 77057 78929 106059 109432 130913 42446 81791 114749 42938 72110 58984 79754 85769
47157 66851 48002 63759 103668 99888 62730 42233 82873 95480 72345 62961 80777 81873 94843 82268 61335 64882 69060 76384 102769 39269 87352 40159 96169 96478 81484 99067 87149 109608 49086 94534 50118 82643 102103 55279 110984 57877 57107 91998 105908 104437 86077 95164 90167 70922 73063 72807 44305 83841 65247 82864 84813 119934 73822 112819 6737 30170 97302 102541 98296 0 109077 42462 45812 116975 90225 110420 82350 50245 90619 92927 105027 95816 53711 81830 100456 49799 40752 47778 78947 91407 38277 86704 119566 92240 91083 100957 98486 104685 60706 86093 50280 61466 85894 104935 59738 103550 116554 84557 91340
82225 129541 85465 101222 148541 105307 145964 134663 68589 132943 59799 114429 119670 123400 135180 119033 112803 52561 150440 61840 148638 77971 124814 126708 133632 30737 118250 133304 121297 531 111764 120193 136476 116879 138878 140668 145221 145508 79918 154688 100509 138674 33361 129401 127540 122512 112943 135806 136735 143679 127937 120326 136235 115291 59249 129859 107883 122289 137435 165231 144165 109077 0 114355 80813 122955 150063 160345 116586 112934 127761 155616 155797 149591 70792 120723 163145 87262 127301 110468 65701 154097 110266 138852 114923 86020 89031 118441 132723 138921 149110 94178 142710 120410 120130 110808 109298 139735 156947 118794 125577
