NAME : SHANGHAI-100-1
COMMENT : OSM drive network, customers at real shops (shop=* POIs), depot (31.2304, 121.4737), seed 1
TYPE : VRPSPD
DIMENSION : 101
CAPACITY : 150
EDGE_WEIGHT_TYPE : EXPLICIT
EDGE_WEIGHT_FORMAT : FULL_MATRIX
EDGE_WEIGHT_SECTION
0 50678 41523 3598 35623 43140 71978 28750 46218 73979 66530 77500 73684 72402 80404 57227 68159 58693 12387 47479 96932 13818 65496 72392 61259 67579 70705 59686 44496 48798 5672 46992 64327 27219 47410 60011 57837 59238 24324 76607 56629 22190 45628 66416 46559 76551 11503 62417 66304 35123 38807 19385 85408 50720 38418 61101 38126 58767 74702 65809 74584 35097 71633 54930 52277 51638 60124 38478 28412 36238 65684 71221 39159 19285 26471 73103 71466 72113 67162 73630 45028 43277 65759 73410 38418 74666 86032 14117 37111 13379 74240 40937 30526 32321 54713 38773 65477 79040 31545 49824 63052
50678 0 79853 49787 32701 47948 69966 79028 47417 103916 112259 75488 105205 103923 99579 85952 76308 57266 50870 68854 147210 51299 59981 119788 23624 50041 55823 91197 85090 78916 52611 85614 82230 76976 31036 108024 79664 63334 73973 28885 102358 49074 88194 37724 93542 74540 60730 22231 84987 59488 81287 33960 135686 31843 85734 41375 33319 32173 104639 116086 118673 85375 101750 7426 40710 77652 90829 23293 54818 59300 72436 23499 85837 40177 76749 104624 92840 58146 114557 72190 48646 83197 53290 101739 85734 124528 133115 57534 87388 50891 111796 36359 77438 65871 43973 58206 110731 126435 44503 73543 43439
41523 79853 0 44518 76292 83270 112003 29181 67009 56535 88992 117525 34189 32907 120430 57215 108185 98744 32913 87505 77469 33311 105626 66202 93055 107076 110471 21766 82480 40366 46883 84976 76178 41038 73846 66952 63049 75932 44306 104912 79091 44180 78082 97942 66872 116577 31782 87597 106330 50846 76119 59553 65945 75578 75173 100228 78593 80827 57030 46345 43762 31062 43587 83562 92482 58167 24885 78491 68438 76264 81572 99349 11842 45344 29719 33608 111491 112243 69252 113656 65752 81261 105888 56406 75173 55203 84491 54068 28947 30590 36885 65560 44338 72347 76584 78799 101514 75644 58145 57624 101893
3598 49787 44518 0 33721 41603 70649 31873 46489 76974 67844 76171 76678 75396 79075 60221 67108 57364 15382 46151 100129 16725 63959 73706 60368 66011 69061 62681 45810 51793 4906 48306 65991 29271 46518 61326 59501 60897 26376 75715 57943 24434 46942 65524 47873 75222 14700 61548 65253 37929 40121 18493 88605 49851 39732 60209 36664 59038 77696 69006 77781 38220 74627 54039 50740 54632 63119 37586 27084 34910 67343 70330 42356 18522 29593 76098 70137 70576 68476 72302 45425 44591 64221 76405 39732 76948 87346 12867 40233 16286 77437 40902 31841 32865 54983 37722 66791 80354 32007 52369 62101
35623 32701 76292 33721 0 19569 46136 51728 54314 106952 84297 51658 107547 106264 70594 88988 50097 32109 47156 39155 126141 48023 38327 91412 41682 33471 38471 93539 56711 81952 32943 57235 89007 48062 46356 78950 82700 74686 44727 58707 74396 52110 60648 44825 65580 50709 44946 51015 56002 62524 53460 18107 117254 49689 56848 28727 3978 59203 107675 99050 107826 58075 104787 36196 18742 80688 93539 16607 24743 28826 83788 53425 72400 37619 49780 106966 63142 41197 86181 48360 54904 54818 35242 104775 56848 96834 104830 27650 60088 47584 107481 43265 47553 35803 57461 28233 82351 98060 41498 76579 30543
43140 47948 83270 41603 19569 0 35192 57706 65424 115699 72718 40714 115430 114148 57838 98516 36109 21165 54950 27119 119596 55741 27504 78892 53900 38304 34121 101433 44101 90518 39684 44625 99107 53080 59409 67047 92633 86314 45706 74123 62817 61926 48038 54006 54799 39765 51590 66732 43246 72458 40850 27109 108829 62742 44744 33560 19372 72395 116422 99096 112982 60666 113353 51912 19836 90622 101844 29667 18037 18495 94568 69398 79045 46421 56425 114849 51105 34121 73661 37415 66531 42208 27766 114709 44744 84931 92219 33280 61572 55302 114126 54375 45797 34694 68999 16323 69741 85540 52450 86513 35375
71978 69966 112003 70649 46136 35192 0 85618 95468 144528 75201 5522 144164 142882 38666 127775 15898 17790 83761 32910 128715 84501 15038 93196 67397 28005 21101 130166 63310 119347 68444 63835 128955 81319 89453 86257 122481 116358 73618 88505 65307 91774 62449 57089 65455 4573 80324 85533 27130 102305 60060 57094 118238 92786 63954 33424 45690 95474 145250 116165 132192 88578 142181 70713 35598 120469 130673 49754 45707 40047 124612 89400 107778 76269 85145 143583 40574 21101 90369 2224 96576 61418 18529 143959 63954 103866 97296 61640 89896 84062 137019 84419 74243 63170 99043 36392 78833 92519 82188 116360 34240
28750 79028 29181 31873 51728 57706 85618 0 71716 74807 60507 91140 62714 61432 94044 70151 82077 72934 35077 61119 74413 36238 79926 54546 89609 84164 86515 50170 59086 53745 28401 60562 86609 11858 75505 47015 75855 83925 15808 104957 50606 47388 49584 94765 38374 90191 20708 89676 80222 58973 49033 47735 65526 77725 49909 79420 54670 85114 75529 49525 58301 6347 65090 83280 67697 68786 50852 66389 42052 49879 89566 99571 23285 46543 2734 62133 85106 86543 49315 87271 70526 56847 80188 74373 49909 48223 64554 29171 8775 33535 57956 67706 15443 46703 80872 52691 73015 61193 58647 67812 81236
46218 47417 67009 46489 54314 65424 95468 71716 0 61222 112090 100990 65532 64250 108795 42494 92870 81441 39868 76388 139779 39404 87780 117901 60509 83502 88502 55686 90116 39522 49285 92612 41017 71560 24656 105520 36206 22231 68988 48377 102189 27458 91248 73237 92068 100041 51009 30465 94471 18116 84427 39618 128255 24226 84039 76031 56324 21166 61944 108656 98878 78064 60870 46055 69740 34195 51565 54283 59166 65147 31332 42217 76047 33236 69437 64951 100374 91607 112670 97578 1257 88897 85970 58281 84039 117513 131541 54829 80077 39890 92001 17643 75462 69671 10253 66941 111170 124548 45571 30086 77186
73979 103916 56535 76974 106952 115699 144528 74807 61222 0 128477 150050 34932 33650 152954 24399 140709 131269 65041 120030 133424 62198 138056 120769 117009 136899 141240 38446 114936 29735 79339 117432 40052 81963 81217 120216 26366 47459 85813 104448 118576 60020 114825 127196 106358 149101 69642 86536 138854 45630 109078 90776 121901 80462 107782 129428 108969 77237 722 99193 85603 80365 18384 102447 123136 29346 35189 107679 100963 108789 43489 98288 67798 73753 72399 34351 144016 144673 122517 146181 59964 113717 138318 4886 107782 108050 137755 86593 81615 62257 78726 75875 89032 104872 64408 111324 138974 131197 87994 31330 131093
66530 112259 88992 67844 84297 72718 75201 60507 112090 128477 0 80723 122480 121198 75663 114965 67116 75412 75299 57483 58186 76611 80837 35728 118964 97087 90184 109441 45662 101434 63003 46502 128704 54161 112130 33015 119074 124810 51874 138434 10225 87762 30740 119070 23977 79774 63252 126456 62649 99864 33415 82747 50750 115463 39247 97526 84837 124712 129199 58832 79550 65328 122892 116224 84848 110501 110123 94731 75696 68138 130857 133709 83429 84587 61450 121899 72899 90184 34413 76297 110899 42787 84328 127908 39247 49314 25922 63367 66804 73909 82282 106484 60362 76382 120657 65723 35256 28433 95554 109527 98341
77500 75488 117525 76171 51658 40714 5522 91140 100990 150050 80723 0 149686 148404 38119 133298 15730 23312 89284 38432 134237 90023 20560 98718 72919 33527 26623 135689 68833 124869 73966 69357 134477 86841 94975 91779 128003 121880 79141 94027 70830 97296 67972 62611 70977 1468 85846 91055 27962 107827 65582 62616 123760 98308 69476 38946 51213 100996 150773 121688 137714 94100 147704 76236 41120 125991 136195 55277 51229 45569 130134 94922 113300 81791 90668 149105 40674 26623 95891 6228 102098 66940 24051 149481 69476 109388 102818 67162 95418 89584 142541 89941 79766 68693 104565 41914 84355 98042 87710 121882 39762
73684 105205 34189 76678 107547 115430 144164 62714 65532 34932 122480 149686 0 1282 152590 44345 140345 130905 65073 119665 107406 62803 137787 94509 118297 137997 141393 14861 114640 30165 79043 117136 63905 74571 87036 98745 50179 65235 77794 110940 112579 61960 111571 128484 100361 148737 64665 93028 138490 48247 108713 91211 95882 86789 107418 130716 109847 83729 34771 72932 59902 64595 22323 106480 124235 46160 18493 108968 100598 108425 70875 104780 42744 74348 63207 581 143652 144404 98511 145817 64275 113421 138049 38843 107418 81789 117958 86229 62479 62458 53025 79113 77871 104508 75112 110960 135002 105230 89282 46927 132381
72402 103923 32907 75396 106264 114148 142882 61432 64250 33650 121198 148404 1282 0 151308 43063 139063 129623 63791 118383 106124 61520 136505 93227 117015 136715 140111 13579 113358 28882 77761 115854 62623 73289 85754 97463 48897 63953 76512 109658 111297 60678 110288 127202 99079 147455 63383 91746 137208 46965 107431 89929 94600 85507 106136 129434 108565 82447 33489 71650 58620 63313 21041 105198 122953 44878 17211 107686 99316 107143 69593 103498 41462 73066 61925 701 142370 143122 97229 144534 62993 112139 136767 37561 106136 80507 116676 84947 61197 61176 51742 77831 76589 103226 73830 109678 133720 103947 88000 45645 131099
80404 99579 120430 79075 70594 57838 38666 94044 108795 152954 75663 38119 152590 151308 0 136202 26822 48523 92188 32925 129177 92927 51091 93658 102794 65663 58760 138593 77879 127773 76870 78403 139203 89745 102932 88197 132729 128188 82045 124365 65769 101482 64753 93142 65917 37706 88750 116304 20143 112553 69550 71492 118700 106265 75256 69477 71003 116342 153677 116627 134613 97004 150608 101946 65269 129827 139099 79426 52853 44165 134925 121029 116205 86517 93572 152009 18551 58760 90831 36443 109829 75987 54582 152385 75256 104497 97758 70066 98322 92488 137628 97898 82658 71902 112522 42478 79295 92982 95214 126608 70292
57227 85952 57215 60221 88988 98516 127775 70151 42494 24399 114965 133298 44345 43063 136202 0 123957 114494 48288 103277 133873 45446 120873 120206 99044 118934 123934 41960 98183 21755 62586 100679 20150 72451 62420 110428 6424 27557 70945 85652 105064 43268 98073 109231 93842 132349 54671 67739 122102 28526 92325 73269 122349 61665 91029 111463 91005 58440 24896 100861 87272 76297 28974 83650 105172 12020 37839 89715 84210 92036 28577 79491 68283 56554 67882 43764 127263 127039 114976 129428 41237 96964 121130 20366 91029 109718 133634 69840 78724 45505 80395 57148 77526 88119 45612 94571 122221 126854 70577 12624 113128
68159 76308 108185 67108 50097 36109 15898 82077 92870 140709 67116 15730 140345 139063 26822 123957 0 23570 79943 25152 120630 80682 26367 85112 77856 42171 35267 126348 60507 115528 64625 61031 125812 77777 86855 79651 119338 113760 70077 99436 57223 88630 56207 68418 57371 15318 76505 92214 12232 99162 57034 54015 110153 90156 61151 44753 50024 99723 141432 108081 126067 85036 138363 77395 40718 117126 126854 54874 41806 34186 121534 96818 103960 73125 81327 139764 25775 35267 82285 14054 93978 58615 29858 140140 61151 95951 89212 58099 86171 80243 129082 81822 70519 59269 96446 30531 70749 84435 78952 113217 45569
58693 57266 98744 57364 32109 21165 17790 72934 81441 131269 75412 23312 130905 129623 48523 114494 23570 0 70503 27891 126770 71216 11296 87999 59095 26685 19781 116907 53207 106088 55159 53732 115085 68073 75426 76154 108611 102331 60934 80841 65511 77904 56071 51668 61450 22363 67065 73067 33932 88435 49956 43087 116293 78759 53851 28003 31663 83008 131992 108203 122089 75894 128923 58248 21571 106599 117414 35727 33566 30154 110585 77671 94519 62399 71899 130324 46841 19781 82768 20014 82549 51315 13427 130608 53851 94038 97503 48484 76952 70777 126833 70392 61178 50264 85016 26500 78666 92018 68174 102490 28819
12387 50870 32913 15382 47156 54950 83761 35077 39868 65041 75299 89284 65073 63791 92188 48288 79943 70503 0 59263 103139 4390 77306 81110 64072 77831 81226 51076 53343 39859 17746 55840 57485 34921 44862 68729 49610 52588 32197 75929 65398 15540 54476 68959 55277 88335 14369 58614 78088 27643 47654 30417 91616 46595 47266 71026 49457 53266 65763 72016 75207 41424 62694 54578 63882 43824 51524 49289 40196 48022 59034 70366 39476 16361 32797 64492 83249 83923 75880 85414 38678 52125 77568 64471 47266 80873 94750 25826 43437 3951 68330 36576 39120 44105 49023 50557 77551 87758 29161 41597 72909
47479 68854 87505 46151 39155 27119 32910 61119 76388 120030 57483 38432 119665 118383 32925 103277 25152 27891 59263 0 110997 60002 35636 75478 73252 49157 42253 105668 49535 94848 43945 50059 106360 56820 70525 70017 99886 95344 49120 94873 47590 68557 46573 72286 47737 37483 55826 85096 21170 79710 46284 39085 100520 73858 50178 48779 40278 83935 120752 98448 116433 64079 117683 72280 35727 96903 106175 49729 19928 11241 102082 90303 83280 53673 60647 119084 24246 42253 72651 34007 77187 47642 35898 119460 50178 86317 79578 37142 65397 59563 118361 65491 49745 39287 80115 11003 61115 74802 62289 93765 49883
96932 147210 77469 100129 126141 119596 128715 74413 139779 133424 58186 134237 107406 106124 129177 133873 120630 126770 103139 110997 0 104301 134187 41045 157791 149127 142386 96690 88889 117024 101764 93279 152579 86271 143568 53209 139707 151912 88801 173139 67272 115451 81839 162731 68786 133288 88890 157807 116163 126630 83349 115917 11603 145787 79493 145449 129084 153177 133576 43204 61895 80721 119189 151462 131726 134825 100487 135009 114315 118080 157553 167753 66829 114725 76946 106825 126413 142386 47531 129811 138588 89563 136175 133295 79493 43317 34325 103584 80305 101598 61765 135769 84801 119145 148934 114426 93023 43172 127468 134025 147265
13818 51299 33311 16725 48023 55741 84501 36238 39404 62198 76611 90023 62803 61520 92927 45446 80682 71216 4390 60002 104301 0 78098 82422 64532 78608 82883 48795 57643 37017 19090 60139 56124 36082 45291 70042 47981 51727 33509 76358 66711 15112 57464 69419 56589 89074 15530 59043 78827 25478 51716 31144 92777 47024 50421 71705 50184 52802 62921 73177 73837 42585 59852 55007 64073 39857 48795 49969 40935 48762 58173 70795 40568 16821 33959 62222 83989 84715 77192 86153 38214 56424 78360 61629 50421 82034 96062 26640 44598 4317 66960 37005 40347 44845 48560 51297 78656 89070 29622 37759 73370
65496 59981 105626 63959 38327 27504 15038 79926 87780 138056 80837 20560 137787 136505 51091 120873 26367 11296 77306 35636 134187 78098 0 95426 56723 21036 14132 123789 60634 112875 62041 61158 121464 75065 81201 83581 114990 108670 67926 77832 70944 84282 63488 46416 68867 19611 73947 74859 37600 94814 57383 49465 123710 84290 61278 22750 36410 84800 138778 115629 129516 82886 135709 60040 25345 112978 124201 39502 40863 37581 116924 78726 101401 68778 78781 137206 51143 14132 90195 17262 88888 58742 7855 137065 61278 101465 102932 55476 83928 77659 133825 76731 68154 57064 91355 33927 84469 98156 74513 108869 23566
72392 119788 66202 73706 91412 78892 93196 54546 117901 120769 35728 98718 94509 93227 93658 120206 85112 87999 81110 75478 41045 82422 95426 0 125137 108784 102043 83793 48185 105174 68866 52574 133945 58722 117941 12505 124315 130458 56422 145962 33923 93573 40794 125244 27741 97769 67813 132971 80645 105506 42645 88558 30278 121274 38789 104745 91306 130522 120769 25605 47702 60854 106292 123455 91022 115742 87590 100905 80779 77376 136099 141237 55563 90450 57078 93928 90894 102043 6486 94293 116710 48859 95688 120846 38789 16882 25181 69178 60867 79720 48265 112295 62811 80865 126468 73722 63900 13369 101365 114769 106561
61259 23624 93055 60368 41682 53900 67397 89609 60509 117009 118964 72919 118297 117015 102794 99044 77856 59095 64072 73252 157791 64532 56723 125137 0 45843 51624 104290 90346 92008 63192 90870 94102 87526 42882 113293 92756 75206 84190 23129 109063 62166 94284 15164 101045 71970 72362 34103 88203 72580 87095 44541 146267 43715 90990 36611 40932 44044 117731 126667 132052 95956 114843 20740 40912 90745 103921 25573 63567 66771 84307 24014 98804 53497 87330 117716 97238 53948 119907 69621 61738 88453 49092 114831 90990 131177 138465 67424 97969 64093 125711 49451 87328 74880 55844 63638 115987 131785 56565 86636 37008
67579 50041 107076 66011 33471 38304 28005 84164 83502 136899 97087 33527 137997 136715 65663 118934 42171 26685 77831 49157 149127 78608 21036 108784 45843 0 10408 123990 73993 111898 65380 74517 118953 80499 72149 96939 112646 103281 75058 66951 87194 82056 77930 35535 83808 32578 77383 63978 53404 92470 70742 50495 138650 73590 74636 11869 30808 73919 137621 128988 139941 90506 134733 49159 18897 110635 123811 30372 50950 50940 112382 67846 104837 67930 82217 137416 66847 10408 103553 30228 84093 72100 13482 134722 74636 114823 119183 59423 91983 78169 139918 72454 76627 64459 84653 47285 99330 114375 71008 106526 12685
70705 55823 110471 69061 38471 34121 21101 86515 88502 141240 90184 26623 141393 140111 58760 123934 35267 19781 81226 42253 142386 82883 14132 102043 51624 10408 0 127385 67251 116059 67977 67775 123953 81682 77931 90198 117646 108875 74543 72732 80290 87057 71189 41316 77066 25674 79906 69760 46500 97471 64000 54169 131909 79372 67895 17651 35808 79701 141962 122246 136133 89503 138893 54941 23867 115635 127385 36153 47480 44198 117976 73627 107360 72337 84740 140812 59944 3505 96812 23324 89093 65359 6578 139722 67895 108082 112279 61488 90545 82444 140442 77454 74771 63681 90435 40544 92426 107502 75415 111526 18467
59686 91197 21766 62681 93539 101433 130166 50170 55686 38446 109441 135689 14861 13579 138593 41960 126348 116907 51076 105668 96690 48795 123789 83793 104290 123990 127385 0 100643 25111 65046 103139 60923 61533 75246 87709 47794 60677 65251 100770 99541 48688 98532 114477 87322 134740 50667 82857 124493 38401 94716 77204 85166 75061 93420 116709 95840 73558 38332 62216 47757 52172 22823 92953 110227 42912 4121 94960 86601 94427 66318 94609 32031 60341 49566 14280 129654 130406 87599 131819 54429 99424 124051 38804 93420 71074 105600 72231 50056 48450 40880 66525 65327 90510 65267 96962 121963 94514 75275 42369 118374
44496 85090 82480 45810 56711 44101 63310 59086 90116 114936 45662 68833 114640 113358 77879 98183 60507 53207 53343 49535 88889 57643 60634 48185 90346 73993 67251 100643 0 89754 40969 5703 108159 52031 90122 35722 101167 103070 49202 111265 35761 66022 20996 90452 27738 67884 51342 101957 64866 78956 14089 60739 78122 93455 9396 69954 56514 102734 115658 68389 81658 65433 112589 88663 56230 92594 101081 66113 48202 42585 109516 106540 78880 62553 57427 114059 73312 67251 42954 64963 89050 3859 60896 114366 9614 53607 61825 45773 67314 54940 86953 84476 56878 50281 98680 38930 43864 54832 72784 91621 71769
48798 78916 40366 51793 81952 90518 119347 53745 39522 29735 101434 124869 30165 28882 127773 21755 115528 106088 39859 94848 117024 37017 112875 105174 92008 111898 116059 25111 89754 0 54157 92251 41315 57923 61026 98131 27589 42203 58770 84930 91533 36429 89644 102195 79315 123920 42599 67018 113673 22237 83896 65594 105500 60779 82601 104427 83969 57719 30458 84012 70423 59892 26303 80672 98136 23319 20990 82679 75781 83608 47844 78770 51434 48571 51338 29584 118835 119492 100765 121000 38265 88535 113137 29302 82601 92870 118098 61412 62319 37076 63546 53104 62999 79691 49102 86143 113340 112643 62993 23895 106092
5672 52611 46883 4906 32943 39684 68444 28401 49285 79339 63003 73966 79043 77761 76870 62586 64625 55159 17746 43945 101764 19090 62041 68866 63192 65380 67977 65046 40969 54157 0 43465 69599 24735 49343 56485 63109 63981 21841 78540 53102 27462 42101 68349 43033 73017 16633 64373 62770 40395 35280 20963 90420 52676 34891 60636 35886 61830 80061 70820 79596 34748 76992 56863 48986 56997 65484 40411 24878 32705 70427 73154 44170 21734 26453 78462 67932 68658 63635 70097 48483 39750 62303 78769 34891 74369 82506 10583 36761 18651 79251 43572 27000 28788 57776 35240 61885 75513 32642 55096 62452
46992 85614 84976 48306 57235 44625 63835 60562 92612 117432 46502 69357 117136 115854 78403 100679 61031 53732 55840 50059 93279 60139 61158 52574 90870 74517 67775 103139 5703 92251 43465 0 110656 53508 92618 40112 103664 105566 50835 111789 36601 68518 21836 90976 28757 68408 53839 104007 65390 81452 14929 62053 82512 95951 14738 70478 57039 105230 118154 72778 86047 66910 115085 89188 56754 95090 103577 66637 48726 43109 112012 107064 81376 65049 59436 116555 73836 67775 47344 65487 91546 4698 61421 116863 14955 57996 66215 48269 68415 57436 91343 86972 58511 51182 101176 39454 44220 59222 73685 94117 72294
64327 82230 76178 65991 89007 99107 128955 86609 41017 40052 128704 134477 63905 62623 139203 20150 125812 115085 57485 106360 152579 56124 121464 133945 94102 118953 123953 60923 108159 41315 69599 110656 0 87256 57088 123137 15267 19023 84684 80319 118803 45274 109291 107272 107778 133528 68410 62406 124879 33770 102470 73301 141055 56332 102082 111482 91024 53107 40292 119567 106235 92755 48534 79353 105191 26047 56802 89734 87512 95119 15910 74158 87168 56740 84340 63324 130346 127058 128715 130947 41010 106940 121316 35761 102082 128424 147586 77011 95182 57444 99358 54006 91521 94214 40279 97349 129403 140593 72689 20207 113147
27219 76976 41038 29271 48062 53080 81319 11858 71560 81963 54161 86841 74571 73289 89745 72451 77777 68073 34921 56820 86271 36082 75065 58722 87526 80499 81682 61533 52031 57923 24735 53508 87256 0 73708 50858 77626 83769 11497 102905 44261 47232 43251 91810 32041 85892 20552 88738 75922 58817 42083 44505 77383 77041 42854 75754 51005 84878 82686 61382 70158 18205 75947 81228 63957 69053 62215 62762 37753 45580 89410 97519 35142 45701 14353 73990 80807 81682 53491 82971 70370 49792 75327 81529 42854 60081 70700 25505 20218 33379 69814 67390 15062 43771 80715 48392 66682 65370 56571 68080 77570
47410 31036 73846 46518 46356 59409 89453 75505 24656 81217 112130 94975 87036 85754 102932 62420 86855 75426 44862 70525 143568 45291 81201 117941 42882 72149 77931 75246 90122 61026 49343 92618 57088 73708 0 105560 56132 38192 70813 33265 102229 37163 91254 57179 92108 94026 54944 15353 88608 39411 84433 33755 132044 3333 84044 63483 48366 15845 81940 112444 107877 81853 82374 28159 61610 55332 73069 45401 54015 59284 47293 27105 80051 34349 73226 86455 94511 80254 112710 91563 25913 88903 75398 78208 84044 120934 131581 54691 83866 44884 101000 9276 75448 66204 18830 61078 111122 124589 42402 50012 65548
60011 108024 66952 61326 78950 67047 86257 47015 105520 120216 33015 91779 98745 97463 88197 110428 79651 76154 68729 70017 53209 70042 83581 12505 113293 96939 90198 87709 35722 98131 56485 40112 123137 50858 105560 0 114537 118240 48557 134199 29961 81192 35333 113399 22714 90831 59949 120591 75184 93294 34329 76177 42442 108894 26326 92900 79461 118142 120939 32709 46967 53323 109781 111610 79177 105964 91181 89060 69543 65531 124686 129324 59285 78069 49547 98164 85434 90198 7274 87910 104329 36397 83843 120010 26326 18916 26145 56797 53336 67339 52263 99915 55597 68403 114087 61877 58764 19152 88984 104991 94716
57837 79664 63049 59501 82700 92633 122481 75855 36206 26366 119074 128003 50179 48897 132729 6424 119338 108611 49610 99886 139707 47981 114990 124315 92756 112646 117646 47794 101167 27589 63109 103664 15267 77626 56132 114537 0 21562 75054 79363 109173 38800 102182 102943 98148 127054 58780 61451 118405 25992 95479 66981 128184 55377 95090 105175 84717 52152 26606 106695 93106 82001 34809 77362 98884 12012 43673 83427 81038 88645 23372 73203 74117 50266 73586 49598 123872 120751 119085 124473 34949 99949 114842 22075 95090 115553 137955 70521 84429 48834 86229 50860 81891 87724 39324 90875 122913 130963 66215 10263 106840
59238 63334 75932 60897 74686 86314 116358 83925 22231 47459 124810 121880 65235 63953 128188 27557 113760 102331 52588 95344 151912 51727 108670 130458 75206 103281 108875 60677 103070 42203 63981 105566 19023 83769 38192 118240 21562 0 81196 61423 114909 40184 104202 88377 104291 120931 63729 43511 113864 28809 97381 60661 140389 37437 96992 95682 76696 34212 47699 119321 105989 90272 54015 60457 90113 25200 56556 74655 76601 84104 9228 55263 86775 48999 81646 64654 119331 111386 125227 118468 22231 101851 106343 43168 96992 128178 144098 71128 92285 52610 99112 35110 88034 85854 21383 86334 124314 137106 62377 18308 96660
24324 73973 44306 26376 44727 45706 73618 15808 68988 85813 51874 79141 77794 76512 82045 70945 70077 60934 32197 49120 88801 33509 67926 56422 84190 75058 74543 65251 49202 58770 21841 50835 84684 11497 70813 48557 75054 81196 0 99902 41973 44660 40951 87925 29741 78192 18533 85843 68222 56244 39285 41610 79914 74146 40136 70314 47669 82306 86535 64983 73759 19067 78702 78225 57209 66480 65933 59426 30053 37879 86837 94516 38743 42977 16846 77213 73106 74543 51191 75271 67797 47120 68189 85244 40136 62611 70062 21664 20544 30807 73415 64607 8487 36425 78143 40692 64382 63069 53676 65507 72129
76607 28885 104912 75715 58707 74123 88505 104957 48377 104448 138434 94027 110940 109658 124365 85652 99436 80841 75929 94873 173139 76358 77832 145962 23129 66951 72732 100770 111265 84930 78540 111789 80319 102905 33265 134199 79363 61423 99902 0 128533 66847 114369 31972 119717 93079 86352 21896 109949 63315 107462 59889 161615 29932 111908 58282 58961 30261 105171 142015 138944 111304 106278 28275 62951 79053 96973 45185 80928 85410 70524 6220 111459 66411 102678 110359 118860 75056 140732 90729 49634 109372 70200 101439 111908 150457 159290 83463 113317 75950 132067 40169 103367 91981 42061 84380 136905 152610 69276 73243 58116
56629 102358 79091 57943 74396 62817 65307 50606 102189 118576 10225 70830 112579 111297 65769 105064 57223 65511 65398 47590 67272 66711 70944 33923 109063 87194 80290 99541 35761 91533 53102 36601 118803 44261 102229 29961 109173 114909 41973 128533 0 77861 20840 109169 14077 69881 53351 116555 52756 89963 23515 72846 57801 105563 29346 87625 74936 114811 119298 57265 76377 55427 112991 106323 74947 100600 100222 84830 65795 58245 120956 123808 73528 74686 51550 111998 63006 80290 32595 66404 100998 32886 74434 118007 29346 46261 33445 53466 56904 64008 79392 96584 50461 66481 110756 55830 31909 32082 85653 99627 88441
22190 49074 44180 24434 52110 61926 91774 47388 27458 60020 87762 97296 61960 60678 101482 43268 88630 77904 15540 68557 115451 15112 84282 93573 62166 82056 87057 48688 66022 36429 27462 68518 45274 47232 37163 81192 38800 40184 44660 66847 77861 0 67154 72353 67740 96347 26681 48935 87263 16728 60333 36274 103927 38895 59944 74586 54127 40856 60743 84327 79418 53736 57828 50830 68294 35449 48472 52837 49710 57317 46631 60687 51718 19170 45109 61379 92544 90090 88342 93765 26268 64803 84135 59451 59944 93185 107213 35454 55749 15562 72541 28877 51497 53659 36613 59733 87266 100220 33151 32527 76250
45628 88194 78082 46942 60648 48038 62449 49584 91248 114825 30740 67972 111571 110288 64753 98073 56207 56071 54476 46573 81839 57464 63488 40794 94284 77930 71189 98532 20996 89644 42101 21836 109291 43251 91254 35333 102182 104202 40951 114369 20840 67154 0 94390 13053 67023 50446 102343 51740 80088 7188 61587 71072 94587 19955 73891 60452 103866 115548 63763 81749 54405 111983 92159 60168 93608 99214 70051 52140 46522 110648 109644 72519 63685 50541 110990 61990 71189 37967 64102 90182 18121 64834 114256 19955 51633 52827 44219 55881 54761 84764 85608 49430 54965 99812 42868 28164 46908 74677 92635 75707
66416 37724 97942 65524 44825 54006 57089 94765 73237 127196 119070 62611 128484 127202 93142 109231 68418 51668 68959 72286 162731 69419 46416 125244 15164 35535 41316 114477 90452 102195 68349 90976 107272 91810 57179 113399 102943 88377 87925 31972 109169 72353 94390 0 101151 61663 77366 47089 79651 82768 87201 49875 151207 56885 91096 28249 42836 57215 127918 131824 139363 101113 125030 35037 38925 100932 114108 30235 63870 66877 97478 33190 103703 58396 92486 127903 93194 43640 120013 59313 74390 88560 38784 125019 91096 131283 138571 71226 103126 68980 133022 62179 89547 76567 69015 63745 116093 131891 61420 96823 26700
46559 93542 66872 47873 65580 54799 65455 38374 92068 106358 23977 70977 100361 99079 65917 93842 57371 61450 55277 47737 68786 56589 68867 27741 101045 83808 77066 87322 27738 79315 43033 28757 107778 32041 92108 22714 98148 104291 29741 119717 14077 67740 13053 101151 0 70028 41132 107138 52904 79339 15673 62725 58019 95441 18448 80653 66120 104689 107080 51145 69130 43195 100773 97507 66929 89575 88004 76660 56154 53284 109931 114992 61309 64617 39331 99780 63153 77066 25348 66552 90877 25042 70856 105788 18448 39014 40764 43345 44671 53887 72145 86462 38228 57185 100635 49629 36484 33855 75532 88602 82468
76551 74540 116577 75222 50709 39765 4573 90191 100041 149101 79774 1468 148737 147455 37706 132349 15318 22363 88335 37483 133288 89074 19611 97769 71970 32578 25674 134740 67884 123920 73017 68408 133528 85892 94026 90831 127054 120931 78192 93079 69881 96347 67023 61663 70028 0 84897 90106 27549 106878 64633 61668 122811 97359 68528 37997 50264 100047 149824 120739 136766 93151 146755 75287 40171 125043 135246 54328 50281 44620 129186 93974 112352 80842 89719 148156 40261 25674 94942 5334 101149 65991 23102 148532 68528 108439 101870 66214 94469 88635 141592 88992 78817 67744 103617 40966 83406 97093 86761 120934 38813
11503 60730 31782 14700 44946 51590 80324 20708 51009 69642 63252 85846 64665 63383 88750 54671 76505 67065 14369 55826 88890 15530 73947 67813 72362 77383 79906 50667 51342 42599 16633 53839 68410 20552 54944 59949 58780 63729 18533 86352 53351 26681 50446 77366 41132 84897 0 69037 74650 38783 44698 30488 77366 57017 43403 72203 47889 64407 70364 57766 66542 27055 64057 64438 60915 50206 51349 49580 36759 44585 70175 80789 29581 26098 18429 64084 79812 80564 62583 81977 49818 50124 74209 69073 43403 66624 81453 22389 29068 12828 66198 46999 24817 40668 60164 47120 74738 74461 39164 49233 74155
62417 22231 87597 61548 51015 66732 85533 89676 30465 86536 126456 91055 93028 91746 116304 67739 92214 73067 58614 85096 157807 59043 74859 132971 34103 63978 69760 82857 101957 67018 64373 104007 62406 88738 15353 120591 61451 43511 85843 21896 116555 48935 102343 47089 107138 90106 69037 0 101980 45403 95436 48531 146283 12019 99074 55312 51269 12349 87258 126683 121140 96023 88366 19354 56511 61141 79061 37369 68791 73855 52612 15736 94144 49702 87396 92447 109082 72083 127741 87756 31722 100361 67227 83527 99074 135541 146611 69597 98036 58635 114263 22257 90224 79496 24149 75203 126094 139619 53211 55331 56977
66304 84987 106330 65253 56002 43246 27130 80222 94471 138854 62649 27962 138490 137208 20143 122102 12232 33932 78088 21170 116163 78827 37600 80645 88203 53404 46500 124493 64866 113673 62770 65390 124879 75922 88608 75184 118405 113864 68222 109949 52756 87263 51740 79651 52904 27549 74650 101980 0 98229 56537 57168 105687 91941 62243 55986 56411 102018 139577 103614 121600 83181 136508 87356 50679 115609 124999 64835 39942 31540 120601 106436 102105 72193 79472 137909 19059 46500 77818 26286 95506 62973 41091 138285 62243 91484 84745 56218 84316 78388 124615 83574 68547 57414 98199 27885 66282 79968 80995 112285 56801
35123 59488 50846 37929 62524 72458 102305 58973 18116 45630 99864 107827 48247 46965 112553 28526 99162 88435 27643 79710 126630 25478 94814 105506 72580 92470 97471 38401 78956 22237 40395 81452 33770 58817 39411 93294 25992 28809 56244 63315 89963 16728 80088 82768 79339 106878 38783 45403 98229 0 73267 46805 115107 39164 72878 85000 64541 36104 46353 95482 82567 65320 43585 59015 78708 19128 34280 63251 60862 68469 35255 57155 61219 30038 56694 47666 103696 100576 100275 104297 16858 77737 94666 45061 72878 104339 119146 48840 67333 27423 75690 31489 63081 66790 27871 70699 100200 112153 45266 16029 86664
38807 81287 76119 40121 53460 40850 60060 49033 84427 109078 33415 65582 108713 107431 69550 92325 57034 49956 47654 46284 83349 51716 57383 42645 87095 70742 64000 94716 14089 83896 35280 14929 102470 42083 84433 34329 95479 97381 39285 107462 23515 60333 7188 87201 15673 64633 44698 95436 56537 73267 0 54680 72582 87766 14247 66703 53263 97045 109800 63210 80318 53854 106731 85251 52979 86905 95223 62862 44951 39334 103827 102737 71240 56864 49373 108132 66787 64000 37414 61712 83361 11214 57645 108508 14247 51080 55489 38472 55330 49013 84211 78787 46961 47863 92991 35679 30940 49292 67856 85932 68519
19385 33960 59553 18493 18107 27109 57094 47735 39618 90776 82747 62616 91211 89929 71492 73269 54015 43087 30417 39085 115917 31144 49465 88558 44541 50495 54169 77204 60739 65594 20963 62053 73301 44505 33755 76177 66981 60661 41610 59889 72846 36274 61587 49875 62725 61668 30488 48531 57168 46805 54680 0 104393 37089 54661 44383 21001 47166 91498 84793 93569 54082 88429 38212 35766 64969 77204 21759 22575 27844 68361 54503 58144 20790 45456 90630 63071 56082 83327 59086 40653 59520 49728 89056 54661 92927 102198 24704 56095 30705 93225 28722 44749 36086 43346 29638 81738 95206 30448 60860 46334
85408 135686 65945 88605 117254 108829 118238 65526 128255 121901 50750 123760 95882 94600 118700 122349 110153 116293 91616 100520 11603 92777 123710 30278 146267 138650 131909 85166 78122 105500 90420 82512 141055 77383 132044 42442 128184 140389 79914 161615 57801 103927 71072 151207 58019 122811 77366 146283 105687 115107 72582 104393 0 134264 68726 134682 119401 141653 122052 31680 50371 70856 107665 139938 120959 123301 88963 123485 105428 107314 146029 156229 55305 103201 68058 95301 115936 131909 36764 119335 127065 78797 125625 121771 68726 31793 32874 94696 68781 90074 50241 124245 75913 109286 137410 103659 84916 33603 115944 122501 136498
50720 31843 75578 49851 49689 62742 92786 77725 24226 80462 115463 98308 86789 85507 106265 61665 90156 78759 46595 73858 145787 47024 84290 121274 43715 73590 79372 75061 93455 60779 52676 95951 56332 77041 3333 108894 55377 37437 74146 29932 105563 38895 94587 56885 95441 97359 57017 12019 91941 39164 87766 37089 134264 0 87377 64924 51699 12512 81184 114664 109610 84072 82127 28966 64515 54902 72822 46981 57349 62617 46538 23771 82124 37682 75445 86208 97844 81695 116044 94896 25483 92236 76839 77452 87377 123521 134914 58024 86085 46616 102733 10237 78781 69537 18075 64411 114455 127922 44134 49256 66589
38418 85734 75173 39732 56848 44744 63954 49909 84039 107782 39247 69476 107418 106136 75256 91029 61151 53851 47266 50178 79493 50421 61278 38789 90990 74636 67895 93420 9396 82601 34891 14738 102082 42854 84044 26326 95090 96992 40136 111908 29346 59944 19955 91096 18448 68528 43403 99074 62243 72878 14247 54661 68726 87377 0 70597 57158 96656 108504 58992 72261 56256 105435 89307 56874 86517 93927 66757 47441 43229 103438 107183 70857 56475 48250 106837 70689 67895 33558 65607 82972 11023 61540 107213 217 44210 52429 37176 58248 47718 77557 78398 47812 46301 92602 39574 44516 45436 67468 85543 72413
61101 41375 100228 60209 28727 33560 33424 79420 76031 129428 97526 38946 130716 129434 69477 111463 44753 28003 71026 48779 145449 71705 22750 104745 36611 11869 17651 116709 69954 104427 60636 70478 111482 75754 63483 92900 105175 95682 70314 58282 87625 74586 73891 28249 80653 37997 72203 55312 55986 85000 66703 44383 134682 64924 70597 0 26064 65254 130150 124607 135285 85762 127262 40493 14259 103164 116340 22773 46205 46901 104783 57401 99859 60628 77473 130135 69529 19975 99514 35648 76622 68061 15119 127251 70597 110784 118072 54678 87238 71266 134585 64983 71882 59715 76673 43246 95594 111393 63706 99055 5399
38126 33319 78593 36664 3978 19372 45690 54670 56324 108969 84837 51213 109847 108565 71003 91005 50024 31663 49457 40278 129084 50184 36410 91306 40932 30808 35808 95840 56514 83969 35886 57039 91024 51005 48366 79461 84717 76696 47669 58961 74936 54127 60452 42836 66120 50264 47889 51269 56411 64541 53263 21001 119401 51699 57158 26064 0 59829 109692 101993 110768 61018 106803 36450 16079 82705 95840 15810 26052 30135 85798 54043 75343 39780 52723 109266 64265 38534 86075 47914 56914 54622 32579 106792 57158 97345 104633 30592 63031 49745 110424 45275 50496 37084 59471 29479 82155 97953 43653 78596 27880
58767 32173 80827 59038 59203 72395 95474 85114 21166 77237 124712 100996 83729 82447 116342 58440 99723 83008 53266 83935 153177 52802 84800 130522 44044 73919 79701 73558 102734 57719 61830 105230 53107 84878 15845 118142 52152 34212 82306 30261 114811 40856 103866 57215 104689 100047 64407 12349 102018 36104 97045 47166 141653 12512 96656 65254 59829 0 77959 122053 113061 91462 79066 29295 66452 51842 69762 47311 67425 72694 43313 24101 89444 45785 82835 83148 107921 82024 125292 97698 22423 101515 77169 74227 96656 130911 144163 67374 93475 53288 106184 19140 88215 79298 14850 74488 123715 137170 52695 46032 66918
74702 104639 57030 77696 107675 116422 145250 75529 61944 722 129199 150773 34771 33489 153677 24896 141432 131992 65763 120752 133576 62921 138778 120769 117731 137621 141962 38332 115658 30458 80061 118154 40292 82686 81940 120939 26606 47699 86535 105171 119298 60743 115548 127918 107080 149824 70364 87258 139577 46353 109800 91498 122052 81184 108504 130150 109692 77959 0 99193 85512 81087 18223 103169 123859 30069 35911 108402 101685 109511 43729 99010 67949 74475 73122 34190 144738 145395 122826 146903 60687 114439 139040 5230 108504 108050 138478 87315 82337 62980 78635 76597 89754 105594 65131 112046 139696 131490 88716 32053 131815
65809 116086 46345 69006 99050 99096 116165 49525 108656 99193 58832 121688 72932 71650 116627 100861 108081 108203 72016 98448 43204 73177 115629 25605 126667 128988 122246 62216 68389 84012 70820 72778 119567 61382 112444 32709 106695 119321 64983 142015 57265 84327 63763 131824 51145 120739 57766 126683 103614 95482 63210 84793 31680 114664 58992 124607 101993 122053 99193 0 26479 51297 84715 120339 111225 101813 66014 103886 90863 96704 124962 136629 35705 83601 50659 72351 113864 122246 29607 117262 107465 69063 115892 99269 58992 16016 48399 76493 49182 70474 26688 104646 64682 94772 117811 93925 86731 35106 96345 101013 126559
74584 118673 43762 77781 107826 112982 132192 58301 98878 85603 79550 137714 59902 58620 134613 87272 126067 122089 75207 116433 61895 73837 129516 47702 132052 139941 136133 47757 81658 70423 79596 86047 106235 70158 107877 46967 93106 105989 73759 138944 76377 79418 81749 139363 69130 136766 66542 121140 121600 82567 80318 93569 50371 109610 72261 135285 110768 113061 85512 26479 0 60073 70256 121545 123013 88224 51554 112661 99638 107465 111630 132892 44481 85383 59435 59321 131850 136133 51313 133845 97620 82332 129778 85680 72261 33345 72051 85269 57957 72885 7140 99591 73458 103548 108818 107812 105181 58777 100439 87681 137236
35097 85375 31062 38220 58075 60666 88578 6347 78064 80365 65328 94100 64595 63313 97004 76297 85036 75894 41424 64079 80721 42585 82886 60854 95956 90506 89503 52172 65433 59892 34748 66910 92755 18205 81853 53323 82001 90272 19067 111304 55427 53736 54405 101113 43195 93151 27055 96023 83181 65320 53854 54082 70856 84072 56256 85762 61018 91462 81087 51297 60073 0 69472 89627 72928 74932 53743 72736 45012 52839 95913 105918 25166 52890 8880 64014 88066 89503 55623 90230 76873 63195 83148 80115 56256 54531 70862 35518 5131 39883 59729 74054 16784 51224 87219 55651 77836 67501 64995 73958 87578
71633 101750 43587 74627 104787 113353 142181 65090 60870 18384 122892 147704 22323 21041 150608 28974 138363 128923 62694 117683 119189 59852 135709 106292 114843 134733 138893 22823 112589 26303 76992 115085 48534 75947 82374 109781 34809 54015 78702 106278 112991 57828 111983 125030 100773 146755 64057 88366 136508 43585 106731 88429 107665 82127 105435 127262 106803 79066 18223 84715 70256 69472 0 102195 120971 33847 21752 105513 98616 106442 54653 100117 54529 71406 63168 21742 141669 142326 110052 143834 59613 111370 135972 19449 105435 93572 127320 84246 70723 59911 63379 74451 80533 102525 68528 108977 135414 117012 85828 35832 128927
