NAME : HANOI-200-1
COMMENT : OSM drive network, customers at real shops (shop=* POIs), depot (21.0285, 105.8542), seed 1
TYPE : VRPSPD
DIMENSION : 201
CAPACITY : 150
EDGE_WEIGHT_TYPE : EXPLICIT
EDGE_WEIGHT_FORMAT : FULL_MATRIX
EDGE_WEIGHT_SECTION
0 16054 39067 77029 22346 50355 54764 11262 15129 14280 38878 11566 67634 34909 31026 15636 43330 20486 67738 75157 70966 18951 10094 11379 81448 35169 16569 67897 44677 16222 32207 21228 22489 78651 63298 52000 10852 37569 39927 71303 18432 32930 17255 10992 37918 11566 6740 7629 13538 50917 77361 7472 42419 58949 64071 69404 44684 37512 72273 61140 75347 25371 64853 15112 64709 17091 58347 43929 63937 85375 64348 14475 64311 8560 15213 13560 36737 15531 9837 45449 56658 46704 60701 80144 21635 48130 71904 11228 6769 45883 35612 43840 48454 81896 56848 6740 16810 78292 64107 48528 4978 13449 31025 27469 16546 62196 32685 49867 19622 38878 81721 22425 53098 13612 20778 72753 39820 47368 41589 6895 71238 38689 78292 37467 49880 62448 17109 44440 34926 14374 75309 17834 51034 66177 35558 15601 17105 17204 57237 15694 90880 13538 22674 72543 58347 13416 17861 13538 38787 45599 74808 56341 34217 55535 47552 78936 78215 21602 19261 64550 64855 9222 65238 63628 84446 55190 12738 41775 24556 12045 36656 24269 85712 13877 17224 8338 5432 52096 78292 8690 36656 26802 70902 6769 47555 61813 25497 10138 65724 11379 59488 28440 82358 45091 77660 30740 46929 12738 66624 14887 51800
16054 0 27441 69497 36485 40058 69052 17875 20209 24774 27253 25806 56009 19055 40431 25911 28349 4512 56113 63937 75275 2991 22918 21680 95783 19789 515 56824 29696 3568 20582 24837 9331 71118 77634 37020 25188 51905 42835 73047 32669 47219 21113 13458 40825 25901 21076 14406 20478 53824 68606 10565 27438 43569 70902 73547 31844 26413 81402 45760 89635 12846 53228 27137 49329 14309 65178 28948 77983 74126 74054 28191 53237 22896 12386 23973 20903 14947 17875 34200 70946 60993 45720 68519 5661 40221 64124 25564 21105 48790 38519 43860 51361 85800 41867 21076 29201 66667 54120 38612 19313 7465 33933 29800 30793 52209 35593 39570 3663 27253 96010 35611 38117 22346 34450 79918 28195 61704 26608 12624 75381 27064 66667 51355 64216 76784 1055 29046 27173 19052 66554 1874 41118 73513 20178 12973 19972 20209 71525 20491 79255 20478 6714 84700 65178 25421 32197 20478 27189 59888 81055 44716 18363 44285 61888 67716 66590 5642 21051 53301 53230 10616 50257 52796 72821 40209 25806 28505 8597 26381 21276 26600 93048 26562 3224 21040 19768 41798 66667 23026 21191 29710 59277 21105 32574 64822 9537 17875 66981 21680 73823 13060 96694 59379 66035 15360 36097 25421 80960 26841 41503
39067 27441 0 50550 44055 54548 70111 33658 31478 36243 4743 41048 34199 18311 37909 35700 8852 26243 34303 44991 90746 27416 36798 34995 116985 30815 26926 37877 10124 24532 6859 31943 18642 52172 98836 17791 41790 73107 35855 55691 49606 48572 29501 32259 25732 41790 41621 39326 33005 38313 49659 33291 7940 44107 61627 61726 5746 38714 96872 47750 90694 14596 31418 38607 42092 25889 55903 9451 96872 53962 90746 42029 34291 43865 25824 35555 24932 27038 37104 15431 72005 62052 25718 46709 25376 55691 45178 43026 40962 33279 27919 25434 35884 70289 21866 42278 40810 44857 35173 53183 39363 27615 28773 22997 44113 33263 25281 54060 26301 4743 94161 41772 18116 33615 42875 95389 9158 82906 7110 37241 63414 377 44857 51393 85418 97986 26386 25751 42643 29335 47607 27802 55689 65157 26709 26411 26365 31478 72584 29111 57445 32954 24538 100170 55903 37947 47255 32954 8851 60947 72312 22906 22392 25339 83090 48067 44780 24321 44668 34354 31420 31540 30255 67188 51011 20208 41048 38032 21367 43905 22467 22997 84234 39336 28505 45564 39067 56288 44857 41621 23878 19931 37467 40051 12572 55547 21773 34782 49625 36509 95025 24878 117896 60438 44225 27179 50587 39240 102162 38310 55993
77029 69497 50550 0 74245 88945 90278 71621 68839 68874 46165 73890 37298 65061 62803 67826 47583 69993 37401 13484 131687 70927 72160 70356 152692 73427 68982 14077 46984 66587 48914 63901 60698 1621 134542 53142 75838 108813 56332 32213 80654 75304 62483 70414 43361 74820 77591 78301 70366 30259 5543 72492 48494 74727 54317 41395 48854 81401 136799 79112 74438 56651 34516 71238 64340 66077 48593 46984 135181 31203 131687 74768 17878 78131 67150 69675 68495 65049 75293 38042 95975 88784 46871 30742 71103 97660 11480 76762 76323 33651 44248 39388 34253 47678 41862 78248 72936 36162 23631 87796 77006 69670 52685 56171 76240 22090 46028 88457 72637 46165 77875 71962 44872 69180 73065 136330 42269 118612 49325 75660 41988 50927 40779 78125 121124 133692 68441 57725 89444 66298 8684 71371 90302 47296 68776 66964 61587 68839 87805 66034 51992 70315 71340 140097 48251 70697 79382 70315 43690 87679 52356 34913 67681 26650 118796 24257 29780 71122 87157 18424 34518 70742 51407 99163 34843 42780 73890 73611 68168 76762 63973 55718 64990 72083 72657 82588 75412 90686 35262 77353 65551 53303 31648 75412 43740 43947 68575 72744 22611 71870 130732 71680 153602 87170 47041 73980 84984 73289 137868 70941 90390
22346 36485 44055 74245 0 67956 33997 20874 21894 13491 39949 12487 68705 51658 13199 13192 52793 37925 68808 72621 73944 38771 16112 18099 84426 55263 36485 65273 53332 33773 38904 16766 33545 75866 66277 61733 14929 40547 36038 65961 8311 12192 18555 25339 35294 13043 16692 27175 20874 48096 74737 27619 51882 77454 46244 51576 49801 57856 75251 81097 54580 33739 65923 11128 79009 25981 40520 53332 66915 83460 67326 10762 61687 14895 26376 14292 54889 24444 25339 45737 35891 25938 69581 80486 40025 65710 69119 13877 18451 43259 32391 41216 43786 64069 65729 16692 9906 79363 61483 66128 19224 30415 24539 27890 8472 59572 30061 67468 40147 39949 60954 3269 58799 15914 3649 75731 40891 50346 51051 27523 53411 44055 79363 16058 52858 65426 36324 61149 52505 20947 72685 38359 68635 48349 55652 25789 22118 24235 36470 20455 91951 20874 42534 75521 40520 13151 11428 20874 39857 24833 56981 57412 52349 55822 50531 76485 78557 42127 36418 63651 65925 26775 74118 83823 84788 58762 12399 62119 44651 13183 55925 22989 67884 11761 37852 22041 18701 69697 79363 16500 56275 24668 71973 18701 56281 45557 44651 20874 60381 18228 62466 48534 85336 24324 78731 50834 67273 12487 69602 11424 69401
50355 40058 54548 88945 67956 0 99544 53905 56249 60803 59087 59443 69004 38162 76630 61941 53715 41437 69108 82084 56680 41437 58215 57237 120584 24449 40573 75133 55061 42504 60066 61036 48947 90567 86181 49186 56608 79888 79033 109523 61889 77711 57312 49487 77024 58493 54431 45283 56508 90023 87801 45200 52804 44961 107101 109745 57209 18524 62807 41223 120127 52330 66222 63167 50722 50719 101377 54314 62807 89089 56680 62333 71547 54315 48788 60003 34825 51357 53905 69776 101438 91485 55238 81514 41437 21703 85981 56983 54754 84989 74718 79778 87560 121999 51506 53775 64886 79662 77300 4513 52962 43737 70131 65999 63979 77490 71791 488 38932 59087 126502 69858 55780 58386 68211 61323 63502 89324 51973 43882 111580 54925 79662 82810 92198 81469 41113 31435 21290 55176 85749 39424 5410 109712 31196 49375 56171 56249 102017 56615 92250 56508 39022 66104 101377 61107 64267 56508 63196 90380 117254 64514 33163 71248 89871 83899 79585 37911 35188 71447 66225 46688 57964 32079 85816 57872 60839 25647 35105 57800 33903 62799 129247 61979 38519 46232 53713 2717 79662 56382 33903 65908 72272 54754 54473 101021 36046 53905 102663 57237 88149 30651 108550 89871 78226 28609 12257 60839 101675 62870 2421
54764 69052 70111 90278 33997 99544 0 53988 55009 46606 65547 45601 94303 82991 35120 46609 78759 70667 94407 96294 105532 71514 49226 51213 116014 87830 69052 90292 79185 66515 66752 47901 63337 90767 97865 87683 47905 72135 61057 74065 38270 24090 51222 58453 60313 46019 49508 58763 53988 70663 94682 60335 77848 108612 63639 54961 75653 89444 106840 112255 20583 63531 91522 44242 108265 56397 57915 79185 98503 108479 98914 43658 86706 46483 57698 47406 87290 55196 58453 71335 5697 8059 95180 106084 72767 97298 88407 46905 51268 68277 57409 66234 67061 61454 91327 49508 43021 104961 86501 97716 51345 62857 49558 53488 41289 84591 55080 99056 72668 65547 26957 35207 84397 49028 37338 107319 66489 81934 77017 59711 57400 70488 104961 25198 84446 97015 69067 90941 84093 53240 93697 70879 100223 45536 88178 57111 51919 57349 2473 52755 117549 53988 75261 107109 57573 46265 44457 53988 65455 9165 41664 83010 84750 81421 82119 101504 104155 74647 67912 88670 91524 59743 99717 115411 110387 84360 45215 93707 77218 46211 87083 50071 39527 44875 70269 53629 51815 101285 104961 49316 88545 50267 97571 51155 81880 58386 77218 53988 72940 51342 94054 81101 116924 14056 104329 83402 98861 45601 101190 44538 100989
11262 17875 33658 71621 20874 53905 53988 0 6598 8236 33470 10779 62226 33697 28483 9374 39017 18476 62329 69749 76404 19322 6468 5007 86886 36653 17377 62489 40363 14324 26799 15195 18241 73242 68737 47957 11521 43007 34519 65895 20512 32183 10903 5890 32510 11521 11948 13236 5007 45509 71952 9010 38106 60433 61528 65192 39276 40769 77711 62624 74571 19963 59444 10600 64407 12011 55804 39616 69375 79967 69786 12580 58903 13554 10613 7436 35545 10123 5890 40041 55882 45929 55884 74735 20576 52741 66495 12757 9733 40474 30204 38431 43046 77484 52031 12112 12751 72884 58698 52077 10416 11017 25617 22061 15183 56788 27277 53417 21538 33470 80946 20573 48281 6805 18840 78191 34412 52806 37275 10435 67027 33281 72884 36160 55318 67886 16875 44552 39537 8966 69900 19749 54584 63634 37043 10521 11696 12114 56461 10286 85472 5007 23085 77981 55804 8971 18239 5007 33378 44824 71920 50933 33005 50126 52990 73527 72807 23517 24679 59142 59446 7326 60421 66885 79038 50373 10779 45032 26041 13635 37092 18861 83169 10112 20481 16491 8822 55645 72884 11948 36930 21394 65494 8822 42738 56468 25223 1123 60316 6520 64926 29925 87796 44315 72252 32225 50186 8971 72062 10303 55350
15129 20209 31478 68839 21894 56249 55009 6598 0 8934 31290 12310 60046 35579 29334 9871 36837 20792 60149 67054 77996 21639 8059 6598 88477 38998 19694 59707 38183 16641 24619 13357 16061 70461 70328 45777 13051 44599 31737 63113 22043 33203 9065 9719 29728 13051 13539 17605 6598 42727 69170 12153 35926 62242 59804 62449 37096 43114 79303 64969 75592 17783 57264 11298 62821 9229 54080 37436 70967 77358 71377 14111 56121 15085 8326 8134 37457 7341 10990 37861 56903 46950 53704 72555 22892 56030 63713 14288 11324 37692 27422 35649 40264 74702 49851 13703 13449 70704 55917 54422 12007 12983 22835 19279 16713 54006 24495 55761 23871 31290 81966 21594 46101 6921 19860 79783 32232 54398 35095 14964 64284 31101 70704 37181 56909 69478 19192 44960 42882 6184 67119 22083 56928 62415 39387 7739 8914 6184 57482 7504 83292 6598 25401 79573 54080 10502 19769 1592 31198 45844 69957 48753 34917 47946 54582 70919 70627 25851 28763 56962 57266 10442 58241 69230 76858 48193 12310 47377 28375 15166 39004 16079 81950 11642 22825 17708 10413 57990 70704 13539 38842 18612 63314 10413 40558 53725 27540 6598 57534 8112 66517 32269 89388 45336 70072 34569 52531 10502 73654 11001 57695
14280 24774 36243 68874 13491 60803 46606 8236 8934 0 33928 5015 62684 40160 21100 1356 41602 25374 62787 67090 73336 26221 5699 5248 83817 43552 24275 59742 42948 21222 29384 8351 20939 70496 65668 50541 6964 39939 31772 63148 14328 24800 7247 13003 29763 5946 9490 20191 8236 42762 69206 16122 40691 66796 54145 59478 41860 47667 74643 69522 67189 22547 59902 2364 67699 13806 48421 42201 66307 77929 66717 5893 56156 9256 13203 801 42038 11900 13003 39716 48500 38546 58469 74465 27474 59587 63749 7888 9666 37728 27457 35685 40299 71970 54616 9490 4727 73342 55952 58975 11158 17564 21482 20770 8031 54041 24530 60315 28436 33928 73563 13190 50822 2741 11457 75123 34870 49738 39860 17548 61313 35866 73342 28778 52249 64818 23773 49838 46382 8403 67154 26648 61482 56251 43941 12616 10341 11062 49079 7911 85930 8236 29983 74913 48421 1823 11172 8236 33836 37441 64882 51390 39498 49801 49922 70954 72536 30416 30903 58120 59904 14439 63006 73783 78767 52741 5015 51930 32939 7888 43586 16967 75786 3209 27379 17038 9564 62544 73342 8478 43424 18647 65952 9564 45323 51285 32121 8236 57569 6762 61857 36823 84728 36933 72710 39123 57085 4414 68994 2067 62248
38878 27253 4743 46165 39949 59087 65547 33470 31290 33928 0 38943 32408 22850 33346 32880 13390 27749 32511 40605 95285 28684 36131 34328 116712 35354 26738 33491 14663 24344 6671 28955 18454 47786 98562 22330 39858 72833 31292 51127 46358 44008 27536 32071 21168 39858 41433 39138 32817 33750 45273 33103 12479 48646 57063 57163 10285 43253 100949 52289 86130 14408 29626 36292 46631 25701 51339 13989 99201 50794 95285 39821 29905 42150 25636 34302 29471 26850 36916 10868 67441 57488 30257 44917 28369 60230 40792 41094 40295 28715 23356 20870 31320 65725 26405 42090 37990 43066 30787 57721 39174 27427 24209 18434 41293 28877 20717 58599 29902 179 89597 37666 22154 33151 38769 99928 4594 82632 11649 37053 58850 5120 43066 46829 85144 97712 26198 30290 47182 29147 43222 29127 60228 60594 31248 26223 24255 31290 68020 28923 55654 32766 29077 104246 51339 35751 44435 32766 4288 56383 67748 21114 26931 20953 82816 44384 42989 28860 46554 29968 29628 31352 34794 71727 49220 22154 38943 42571 25906 41816 27006 18434 79670 37137 30414 45376 38878 60827 43066 41373 28417 15367 35676 39384 17111 50983 26312 34594 45062 35842 94752 29417 117622 55875 42434 31718 55126 37308 101888 35995 60532
11566 25806 41048 73890 12487 59443 45601 10779 12310 5015 38943 0 67699 42811 20096 6276 46407 27830 67803 72105 70295 28292 5433 8133 80777 44584 25806 64758 47753 23678 34189 13366 25631 75511 62628 55347 3385 36898 36788 68164 11996 23796 12262 15244 34778 2738 5911 17476 10779 47778 74221 16940 45496 68364 53141 58474 46666 47359 71603 70555 66184 27353 64918 4182 71139 18620 47417 47006 63266 82944 63677 4192 61172 5678 17896 5709 44660 16715 15244 44731 47495 37542 63274 79480 29842 57196 68764 4622 6178 42743 32473 40700 45315 70966 59421 5911 5880 78357 60967 57615 8443 20371 26497 25584 6795 59057 29546 58954 29468 38943 72558 12186 55672 7527 10452 72082 39885 46697 44665 16742 60308 40671 78357 27773 49209 61778 25844 53294 43992 13217 72169 27680 60121 55247 44973 17309 15156 15754 48074 12725 90945 10779 32015 71872 47417 3895 9722 10779 38851 36437 63878 56406 42120 54817 46882 75969 77551 31448 28095 63136 64920 16680 67811 73476 83783 57636 1808 51623 33972 4680 45745 21983 74782 2947 27071 14077 6931 61183 78357 4900 45745 23663 70967 6931 50128 52454 33972 10779 62585 8133 58817 37855 81687 35928 77725 40155 56777 1808 65953 3957 60888
67634 56009 34199 37298 68705 69004 94303 62226 60046 62684 32408 67699 0 47170 62101 61635 30772 55792 7571 29200 111746 56965 64887 63084 145467 53486 55494 24796 30173 53100 35427 57710 47210 38919 127318 36076 68614 101589 60013 62790 75114 72763 56292 60826 49815 68614 70189 67894 61573 51688 36154 61858 31683 54786 77010 71972 32398 61460 117873 59171 105015 43163 6874 65047 44399 54457 71286 30173 117873 32570 111746 68577 21210 70906 54392 63057 48554 55605 65672 35066 96197 86244 26929 25795 55366 77719 35644 69850 69051 50935 52002 45402 54481 78255 21921 70845 66746 23943 26963 67854 67930 56182 52965 47189 70049 25902 49364 68516 56291 32408 108452 66422 24769 61907 67525 116389 32112 111388 32514 65808 72566 34576 23943 75585 113899 126468 54954 37784 72634 57903 34102 57351 70361 77874 48835 54979 53011 60046 96776 57679 36531 61521 54529 121171 71286 64507 73191 61521 33009 85139 82933 16929 47740 22429 111572 26675 23866 54312 74218 18873 6874 60108 31466 79221 30097 22677 67699 53670 51357 70572 44032 47189 95567 65892 58496 74131 67634 70744 23943 70128 45610 44123 16553 68140 26929 70001 51764 63349 53188 64598 123507 54869 146378 84630 22507 57169 65043 66064 130644 64751 70449
34909 19055 18311 65061 51658 38162 82991 33697 35579 40160 22850 42811 47170 0 53339 40447 17478 16569 47273 59445 80002 17331 38740 37580 114638 14724 19055 52331 18824 20621 25170 38990 22355 66683 96489 24459 42840 70760 53963 73799 51524 61186 35266 29885 43839 43553 39931 33136 35865 56421 64170 27622 16567 33053 79727 79834 20972 22698 86129 35244 103574 22987 44388 42524 34750 29709 74003 18077 86129 67155 80002 44851 48745 41751 27786 39360 9214 30347 33697 33539 84885 74932 33679 59679 14632 44684 59689 44216 39197 51386 46027 43541 53992 88396 29827 39931 44727 57828 49684 37951 37440 24471 45552 40522 47159 47774 43388 37674 15557 22850 108581 49375 27246 37716 49375 84645 27265 80559 15736 31479 81521 18688 57828 64895 83071 95639 18907 11862 31900 34452 62118 17346 39916 82493 10510 28373 33107 35579 85464 34644 70416 35865 13795 89427 74003 40918 50301 35865 26959 73827 89752 37065 7537 39850 80743 61260 57751 13578 36570 48808 44390 27622 36744 50900 63982 29338 42811 21834 10623 45094 6494 38205 102028 42307 17762 39876 37144 39902 57828 40597 8072 38038 50438 39197 21702 73647 11030 33697 67733 38685 92679 14135 115549 73318 56555 16435 34201 41243 99815 42227 39607
31026 40431 37909 62803 13199 76630 35120 28483 29334 21100 33346 20096 62101 53339 0 20138 46557 41015 62205 63005 85241 41862 23721 25708 95722 59337 39916 58090 46983 36863 34550 21004 33685 64147 77573 55481 22912 51844 28563 53841 19608 13580 21589 30909 28111 21026 25705 36937 28483 36622 63692 32987 45646 79371 33045 39457 43452 63453 86548 83014 55703 33878 59320 18737 77183 26744 27321 46983 78212 76277 78623 18372 54504 24902 28045 21901 57637 25544 31475 39134 37014 27061 62978 73882 43115 76249 57677 22760 26274 36076 24915 34032 33479 51949 59125 25705 17516 72759 54300 74802 27904 33205 17064 21286 17486 52389 22878 76142 44094 33346 61041 10916 52195 23523 12019 87028 34288 61643 44816 35574 41291 38286 72759 16401 64155 76723 39414 61015 63045 25887 61640 42305 77308 35151 59598 27458 22266 29334 37593 25402 85347 28483 45624 86818 27321 20760 21142 28483 33253 25955 43782 50808 55097 49219 61827 69302 71954 46073 47428 56468 59322 31236 67515 89569 78185 52158 20096 67716 48597 21881 57605 18108 54686 19370 43164 32877 26310 78370 72759 24996 59023 18065 65370 26310 49678 33437 47762 28483 48262 25837 73762 52608 96633 25447 72128 54908 72870 20096 80899 19033 78075
15636 25911 35700 67826 13192 61941 46609 9374 9871 1356 32880 6276 61635 40447 20138 0 41058 26511 61739 66041 74510 27358 6836 6386 84992 44689 25413 58694 42405 22360 28841 7303 21365 69447 66843 49998 8225 41113 30724 62100 14772 24804 6198 14140 28715 7207 10751 21468 9374 41714 68157 17260 40147 67083 53183 58516 41317 48805 75818 70660 67192 22004 58854 3469 67274 13624 47459 41657 67481 76881 67892 7068 55108 10517 14140 2156 43176 12207 14140 38668 48503 38550 57925 73416 28611 60724 62700 9149 11018 36679 26409 34636 39251 71008 54073 10751 5833 72293 54903 60113 12514 18702 20433 20226 9205 52993 23482 61453 29574 32880 73567 12891 49774 3677 10495 76297 33822 50912 39317 18686 60351 35323 72293 28781 53424 65993 24911 49414 47520 8710 66105 27785 62619 55289 45078 13553 9798 11998 49082 8218 84881 9374 31120 76087 47459 3179 12347 9374 32788 37445 63920 50342 40636 48753 51097 69906 71488 31553 32040 57072 58856 15577 62462 74921 77719 51692 6276 53068 34077 9125 44723 15919 74824 4470 28517 18394 10920 63681 72293 9739 44561 17599 64904 10920 44779 50221 33259 9374 56521 7900 63032 37960 85902 36936 71662 40261 58222 5675 70168 3256 63386
43330 28349 8852 47583 52793 53715 78759 39017 36837 41602 13390 46407 30772 17478 46557 41058 0 26530 30876 42024 89964 27293 42157 40354 122344 30033 27834 34910 1346 27285 15711 38584 22119 49205 104195 8940 47149 78466 44503 62185 54995 57219 34860 36029 34380 47149 46980 42079 38364 46961 46692 36043 911 41324 70275 70374 3578 37933 96090 44967 99342 19437 27991 43965 34840 30557 64551 599 96090 50758 89964 47388 31324 49223 29854 40914 24150 31427 39857 24079 80653 70700 17370 43282 24594 54909 42210 48385 46321 41927 36567 34082 44532 77650 13518 47636 46169 41430 32206 52350 44721 30639 37421 31255 49472 30296 33929 53227 25519 13390 102809 50510 9768 38974 50510 94607 17621 88265 1742 39993 71961 9229 41430 60041 90776 103345 27294 23262 41861 34694 44640 27307 54856 73805 25927 30441 32701 36837 81232 34470 54018 38313 23757 99388 64551 43306 52614 38313 17499 69595 80960 19587 21610 22372 88449 44863 41353 23539 45513 31387 27993 34293 21907 64699 47584 11860 46407 36759 20585 49263 21634 31645 92882 44694 27723 48316 44425 55455 41430 46980 23096 28579 34041 45410 4224 64195 20992 39857 54386 41868 100384 24096 123255 69086 40158 26397 49754 44599 107521 43669 55160
20486 4512 26243 69993 37925 41437 70667 18476 20792 25374 27749 27830 55792 16569 41015 26511 26530 0 55896 64433 76654 2724 23519 22359 100216 19154 3997 57319 27877 5400 21078 25421 9683 71614 82067 35200 28571 56337 43418 73581 37101 48862 21697 15069 41409 28571 25508 18838 21078 54408 69102 13503 25619 42934 71486 74130 30025 26859 82781 45125 91250 13342 53010 27737 47827 14892 65762 27129 81123 74253 76654 29630 53733 27328 12969 24573 18417 15531 18476 34696 72561 62608 43901 68302 2724 41600 64620 29707 25078 49374 39103 44356 51945 86383 40048 25508 29801 66450 54616 39991 23321 9258 34516 30384 32233 52705 36176 40949 3802 27749 97624 37051 36298 22929 35890 81297 28691 66136 24789 17057 75965 26243 66450 52571 68648 81216 3457 27424 28552 19636 67050 3802 42497 74097 19473 13556 20556 20792 73140 21075 79038 21078 5154 86079 65762 26022 35289 21078 27685 61503 81638 44607 15877 44781 66320 68212 66373 5781 24192 53796 53013 12912 48438 54175 72604 38390 27830 27870 7931 30524 19791 27184 93632 27162 4445 25472 23025 43177 66450 26478 19629 30293 59060 25078 30755 65406 7134 18476 67515 23872 78256 12425 101126 60994 65818 14725 37476 26022 85392 27441 42882
67738 56113 34303 37401 68808 69108 94407 62329 60149 62787 32511 67803 7571 47273 62205 61739 30876 55896 0 29304 111850 57069 64991 63188 145571 53590 55598 24900 30277 53203 35530 57814 47314 39023 127422 36180 68718 101692 60117 62894 75218 72867 56396 60930 49918 68718 70293 67997 61676 51792 36257 61962 31787 54890 77114 72076 32502 61563 117977 59275 105119 43267 7571 65151 44503 54560 71390 30277 117977 32673 111850 68681 21314 71010 54495 63161 48657 55709 65775 35170 96301 86348 27033 25898 55470 77822 35748 69954 69154 51038 52106 45506 54585 78359 22025 70949 66849 24047 27067 67958 68034 56286 53069 47293 70153 26006 49468 68620 56395 32511 108555 66525 24873 62011 67628 116493 32215 111491 32618 65912 72669 34680 24047 75688 114003 126572 55057 37888 72737 58006 34205 57455 70464 77977 48938 55082 53115 60149 96880 57783 36635 61625 54632 121274 71390 64610 73295 61625 33113 85242 83037 17032 47843 22532 111676 26778 23970 54415 74321 18977 2883 60211 31570 79325 30201 22781 67803 53774 51461 70675 44136 47293 95671 65996 58599 74235 67738 70848 24047 70232 45713 44226 16657 68244 27032 70105 51868 63453 53292 64701 123611 54972 146481 84734 22610 57273 65147 66168 130747 64854 70553
75157 63937 44991 13484 72621 82084 96294 69749 67054 67090 40605 72105 29200 59445 63005 66041 42024 64433 29304 0 124827 65368 70375 68572 150907 66566 63422 12102 41425 61028 43355 62116 55138 15105 132758 47583 74054 107028 54548 43321 79030 74754 60698 68532 41256 73035 75807 75822 68581 32434 9329 69787 42935 67866 57755 52503 43295 74540 130953 72251 85546 51092 26419 69453 57479 62385 52032 41425 130953 19165 124827 72983 11392 76346 62320 67890 61634 62718 73411 32483 98188 88235 40010 18704 65544 90799 16195 74978 74538 34315 43037 35525 36413 58786 35001 76463 71152 23751 17145 80935 75221 64111 50900 52706 74455 13150 42577 81596 67078 40605 88983 70338 38239 67395 71440 129470 36709 116827 43766 73737 53097 45368 28741 77575 119339 131908 62882 50864 83885 64503 8859 65811 83441 58405 61915 62907 58529 67054 96951 64250 39954 68530 65780 134251 52032 68913 77597 68530 38527 87129 63464 28108 60820 19845 117012 12219 17369 65563 83238 11758 26421 68036 44547 92302 22805 36147 72105 66750 62609 74978 57112 52706 76098 70298 67098 80764 73628 83825 23224 75568 58690 49826 19237 73628 38180 50552 63015 70872 33719 70085 128947 66120 151817 86621 34630 68421 78124 71504 136083 69157 83529
70966 75275 90746 131687 73944 56680 105532 76404 77996 73336 95285 70295 111746 80002 85241 74510 89964 76654 111850 124827 0 76654 70428 74250 74665 68063 75790 117875 91310 77721 95283 81687 84164 133309 40086 91932 69012 49688 105108 135038 69448 83699 79839 80240 103099 69679 66645 74367 76404 116098 130543 76719 89053 90945 118286 123618 93458 62910 6791 87208 126115 87547 108965 72882 96361 84112 112562 90563 9636 131831 11471 69970 114289 66720 82694 73415 78440 82844 77681 105974 107426 97473 97985 124256 76654 55540 128723 69388 68652 111063 100793 109020 112828 136111 94253 65988 74580 122404 120042 56234 67548 78955 93913 92698 70908 119859 97866 56192 74230 95285 132489 76306 98527 74621 75140 4643 99700 51885 88222 75459 125453 91123 122404 88798 56908 35551 76331 77420 49844 80331 128492 74641 58434 120391 75582 82694 82269 81474 108005 79839 134993 76404 74455 15306 112562 72327 70752 76404 99393 96368 129023 107257 76777 112335 52405 126642 122327 73344 67996 114190 108967 78470 101874 73168 128559 100619 70424 69261 70538 69582 77517 89498 139926 71647 73737 67369 68299 58420 122404 68595 77517 91983 115015 68595 94188 117599 71479 76404 129459 74250 42231 66084 60903 95859 120968 68367 58241 72103 55578 72882 58125
18951 2991 27416 70927 38771 41437 71514 19322 21639 26221 28684 28292 56965 17331 41862 27358 27293 2724 57069 65368 76654 0 24365 23205 98680 19154 2486 58254 28639 4999 22013 26268 10761 72549 80531 35963 28085 54801 44265 74477 35565 49705 22543 15916 42256 28798 23972 17302 21925 55255 70036 13102 26382 42934 72332 74977 30787 26859 82781 45125 92097 14276 54184 28584 47827 15739 66608 27892 79588 75426 75659 30477 54668 25793 13816 25420 19179 16377 19322 35630 73408 63455 44663 69475 2724 41600 65554 28461 24001 50220 39950 45290 52792 87230 40810 23972 30648 67623 55550 39991 22210 9951 35363 31231 33080 53640 37023 40949 3802 28684 98471 37898 37061 23776 36737 81297 29626 64600 25551 15521 76812 27416 67623 53418 67112 79681 2486 28186 28552 20483 67984 2991 42497 74943 19543 14403 21402 21639 73987 21921 80211 21925 5154 86079 66608 26868 35024 21925 28619 62349 82485 45780 16639 45716 64785 69147 67546 5781 22656 54731 54186 13102 49200 54175 73777 39153 28292 27870 7931 29277 20553 28031 94478 28009 4371 23936 22624 43177 67623 25923 20392 31140 60233 24001 31517 66252 7134 19322 68411 24166 76720 12425 99590 61841 66991 14725 37476 26868 83856 28288 42882
10094 22918 36798 72160 16112 58215 49226 6468 8059 5699 36131 5433 64887 38740 23721 6836 42157 23519 64991 70375 70428 24365 0 3822 80910 41697 22420 63028 43503 19367 29939 12883 21381 73781 62761 51096 6175 37032 35058 66433 15621 27421 9740 10933 33048 6175 5480 16005 6468 46047 72491 14053 41246 65476 56766 62099 42416 45644 71736 67667 69809 23102 62105 7053 68141 14549 51042 42756 63399 80679 63810 7817 59441 7789 13646 4898 40588 12661 10933 41920 51120 41167 59024 76668 25619 55969 67034 7411 5480 41013 30742 38970 43584 74591 55171 6136 8752 75545 59237 56387 6972 16060 24767 22599 10420 57327 27816 57727 26581 36131 76183 15811 51421 4413 14077 72215 37073 46831 40415 15032 63933 36421 75545 31398 49342 61911 21918 49595 42764 10232 70439 24792 58894 58872 42086 13059 12171 11504 51699 9740 88133 6468 28128 72005 51042 4972 13347 6468 36040 40062 67503 53594 38048 52005 47015 74239 74739 28561 26867 60801 62108 12369 63561 71760 80971 53513 5433 49907 31084 8289 42135 19399 78407 6113 25356 12852 5378 59956 75545 5480 41973 21933 68155 5378 45878 53844 30266 6468 60854 3822 58950 34968 81821 39553 74913 37268 55062 4972 66087 6829 59660
11379 21680 34995 70356 18099 57237 51213 5007 6598 5248 34328 8133 63084 37580 25708 6386 40354 22359 63188 68572 74250 23205 3822 0 84732 40458 21260 61225 41700 18207 28136 12230 19578 71978 66583 49293 8874 40853 33254 64630 17866 29408 7937 9773 31245 8874 9302 15700 5007 44244 70688 12814 39443 64238 58753 62440 40612 44574 75557 66429 71796 21299 60302 7612 66338 12746 53029 40953 67221 78876 67632 9934 57638 11167 11843 4448 39428 10858 9773 40117 53107 43154 57221 74865 24459 56073 65231 10111 7985 39210 28939 37167 41781 74735 53368 9958 9976 73742 57434 55409 8668 14900 22964 20796 12408 55523 26012 56749 25342 34328 78171 17798 49618 3840 16065 76037 35270 50652 38612 14235 64275 34618 73742 33386 53164 65733 20758 47863 42869 8429 68636 23554 57916 60859 40847 11256 10368 9701 53686 7937 86330 5007 26968 75827 53029 6007 15549 5007 34237 42049 69168 51791 36888 50202 50837 72436 72936 27322 27594 58998 60304 11209 61758 70690 79167 51710 8133 48837 29846 10989 40975 17596 80394 7395 24285 15234 7074 58978 73742 9302 40813 20129 66352 7074 44075 53716 29106 5007 59051 3532 62772 33729 85642 41541 73110 36029 53991 6325 69908 7315 58682
81448 95783 116985 152692 84426 120584 116014 86886 88477 83817 116712 80777 145467 114638 95722 84992 122344 100216 145571 150907 74665 98680 80910 84732 0 114898 96299 143560 123691 95952 110126 92168 101568 154313 39899 131284 79494 48396 115590 145520 79929 94180 90321 90722 113580 80161 77126 84848 86886 126579 153023 87201 121433 138678 128767 134100 122603 114765 77422 140869 136597 103290 142686 83363 144289 95339 123043 122943 78691 161259 75375 80452 139973 77202 93941 83897 116466 93450 88163 122500 117908 107955 139211 157248 101365 116992 147566 79870 79134 121545 111274 119502 123310 146592 135359 76470 85061 156125 139769 119962 78029 93178 104395 103179 81390 137859 108348 120095 99352 116712 142971 86788 131609 85103 85622 75274 117653 43179 120602 86395 135935 116608 156125 99279 37293 40265 96839 124169 108315 90813 150971 97563 122338 130873 115287 93848 92751 91956 118487 90321 168713 86886 102403 79948 123043 82808 81234 86886 116620 106849 139504 134174 113947 132585 41922 154771 155320 101331 92402 141381 142688 88952 143748 135977 161551 133701 80906 119028 104286 80064 116386 99979 150408 82129 96953 77851 78780 122324 156125 79077 116386 102465 148735 79077 126065 128081 105227 86886 139941 84732 35636 108169 28569 106341 155493 110470 121459 82585 22455 83363 122029
35169 19789 30815 73427 55263 24449 87830 36653 38998 43552 35354 44584 53486 14724 59337 44689 30033 19154 53590 66566 68063 19154 41697 40458 114898 0 20304 59615 31379 22862 37674 43743 28237 75049 96390 33667 44303 71020 61740 86302 51784 65997 40019 32236 56343 45016 40190 33395 39256 68924 72283 29395 29122 31692 89808 92251 33527 7974 74190 33883 108413 31896 50704 45915 37452 33225 84084 30632 74190 73570 68063 46969 56029 42011 31295 42751 10377 33864 36653 46043 89724 79771 39720 65996 17825 31612 70294 44679 40220 63890 56813 56045 66495 100900 35988 40190 47979 64144 60684 24238 38428 26244 52838 48706 49572 60328 54299 23961 16185 35354 114788 54389 39801 41135 53229 72706 39769 80819 28291 31739 93938 31192 64144 70133 83330 92852 20844 17183 22520 37925 70231 17945 26203 92419 8301 31882 38878 38998 90303 39363 76732 39256 15316 77487 84084 44200 51312 39256 39462 78666 99960 48996 8714 52404 81003 68381 64067 14205 29323 55929 50707 29395 42620 37187 70298 41893 44584 9441 11251 45495 9454 45506 111954 45340 17945 39270 38883 26189 64144 42141 9454 48615 56754 40220 34257 83728 12192 36653 80237 40458 92938 7143 115809 78158 62708 4625 20488 44200 100075 45619 25894
16569 515 26926 68982 36485 40573 69052 17377 19694 24275 26738 25806 55494 19055 39916 25413 27834 3997 55598 63422 75790 2486 22420 21260 96299 20304 0 56308 29181 3053 20067 24322 8815 70603 78149 36504 25703 52420 42319 72531 33184 47219 20598 13458 40310 26417 21591 14921 19979 53309 68091 10616 26923 44084 70387 73032 31329 26928 81917 46275 89635 12331 52712 26639 49387 13793 64663 28433 78498 73611 74569 28191 52722 23411 11871 23474 20903 14432 17377 33685 70946 60993 45205 68004 5186 40736 63609 26079 21620 48275 38004 43345 50846 85285 41352 21591 28703 66152 53605 39127 19829 7465 33417 29285 30793 51694 35078 40085 4178 26738 96010 35611 37602 21830 34450 80433 27680 62219 26092 13140 74866 26549 66152 51355 64731 77299 540 29562 27688 18537 66039 2389 41633 72998 20693 12458 19457 19694 71525 19976 78740 19979 6248 85215 64663 24923 32712 19979 26674 59888 80540 44201 18363 43770 62403 67201 66075 6157 21566 52785 52715 10616 49742 53311 72306 39694 25806 29021 9112 26896 21791 26085 92533 26064 3740 21555 20138 42314 66152 23541 21706 29194 58762 21620 32059 64307 9596 17377 66466 21680 74339 13575 97209 59379 65520 15875 36612 24923 81475 26342 42018
67897 56824 37877 14077 65273 75133 90292 62489 59707 59742 33491 64758 24796 52331 58090 58694 34910 57319 24900 12102 117875 58254 63028 61225 143560 59615 56308 0 34311 53914 36241 54769 48024 15698 125411 40469 66706 99681 47201 38151 71683 68752 53351 61272 33909 65688 68460 68708 61234 27050 12997 62527 35821 60915 52371 47333 36181 67589 124002 65300 80376 43978 22015 62106 50528 55271 46647 34311 124002 25732 117875 65636 3959 68999 55206 60543 54683 55371 66151 25369 92186 82233 33058 25271 58430 83848 11005 67630 67191 29909 36096 28178 31029 53616 28050 69116 63804 28506 9712 73983 67874 56997 43553 45359 67108 9902 35230 74645 59964 33491 83813 62990 31125 60048 64093 122518 29595 109480 36652 66477 47927 38254 32612 71574 111992 124560 55768 43913 76771 57156 10946 58698 76490 53235 54964 55793 51182 59707 92739 56903 45200 61183 58666 127300 46647 61565 70250 61183 31413 81128 58294 20994 53869 12731 109665 18757 23816 58449 76124 5923 22017 60777 37595 85350 29372 29033 64758 59799 55495 67630 50161 45359 70928 62951 59984 73417 66280 76873 28506 68221 51739 42478 22582 66280 31066 45362 55901 63613 28549 62738 121600 59006 144470 80619 36894 61307 71172 64157 128736 61809 76578
44677 29696 10124 46984 53332 55061 79185 40363 38183 42948 14663 47753 30173 18824 46983 42405 1346 27877 30277 41425 91310 28639 43503 41700 123691 31379 29181 34311 0 28631 16983 39931 23465 48606 105541 9404 48495 79812 44929 62185 56341 57645 36206 37375 34730 48495 48326 43425 39710 47312 46093 37390 2257 41692 70625 70725 4924 39279 97437 45872 99768 20783 27392 45312 34241 31903 64901 747 97437 50159 91310 48735 30725 50570 31200 42260 25496 32773 41203 24430 81079 71126 16771 42683 25940 56256 41611 49731 47667 42277 36918 34432 44883 77650 12919 48983 47515 40831 31607 53696 46068 31985 37846 32071 50818 29697 34279 54573 26865 14663 103159 51049 9169 40320 51857 95953 17971 89611 3088 41340 71961 10501 40831 60466 92123 104691 28640 24167 43208 36040 44041 28654 56202 74156 27273 31787 34047 38183 81658 35816 53419 39659 25103 100734 64901 44652 53960 39659 17925 70020 81310 18988 22956 21773 89795 44264 40754 24886 46859 30788 27394 35639 21308 65604 46985 11261 47753 37663 21931 50610 22981 32071 93232 46041 29070 49663 45772 56802 40831 48326 24442 29004 33442 46756 3625 64545 22338 41203 53787 43214 101731 25443 124601 69512 39559 27743 51101 45946 108867 45015 56506
16222 3568 24532 66587 33773 42504 66515 14324 16641 21222 24344 23678 53100 20621 36863 22360 27285 5400 53203 61028 77721 4999 19367 18207 95952 22862 3053 53914 28631 0 17673 21269 6443 68209 77803 35955 24154 52073 39266 69478 32837 44710 17545 10917 37257 24420 21244 14794 16926 50256 65696 8935 26374 46642 67334 69979 30150 29126 82994 48833 87098 9937 50318 23586 51036 10740 61610 27884 78441 71217 75366 25479 50328 23064 8818 20421 22469 11379 14324 31291 68409 58456 44655 65609 6588 42667 61215 25529 20510 45222 34951 40580 47793 82232 40802 21244 25650 63758 51210 41058 18753 5106 30364 26232 28082 49300 32024 42016 7231 24344 93473 32899 37053 18777 31739 82364 25286 61872 25543 12793 71813 24155 63758 48419 64384 76952 2551 31476 29619 15484 63645 5442 43564 69945 23251 9405 16404 16641 68988 16923 76346 16926 8761 86291 61610 21870 31138 16926 24279 57351 77487 41807 19929 41376 62057 64807 63681 9210 22210 50391 50320 8760 49192 55242 69912 39145 23678 31579 11734 26407 24016 23032 89480 23011 6728 21208 18457 44244 63758 21910 23854 26141 56368 20510 31509 61254 10998 14324 63413 19721 73992 16133 96862 56843 63126 18433 38543 21870 81128 23289 43949
32207 20582 6859 48914 38904 60066 66752 26799 24619 29384 6671 34189 35427 25170 34550 28841 15711 21078 35530 43355 95283 22013 29939 28136 110126 37674 20067 36241 16983 17673 0 26366 11783 50536 91977 24650 34931 66248 33410 53535 42777 44964 22642 25400 23508 34931 34762 32467 26146 36089 48023 26432 14799 50966 59403 59502 12605 45472 97234 54609 87335 7737 32645 31748 48951 19030 53679 16310 92616 53544 92863 35170 32655 37005 18965 28696 31791 20179 30245 13617 68646 58693 32577 47936 23178 60229 43542 36167 34103 31055 25695 23277 33660 68065 28725 35419 33951 46085 33537 58620 32504 20756 25414 18673 37254 31627 23057 59578 24245 6671 91022 36621 24975 26756 37724 97234 7613 76047 13969 30382 61189 6482 46085 48034 78559 91127 19527 32610 47181 22476 45971 22456 61126 62575 33568 19552 20483 24619 69225 22252 58673 26095 25775 100532 53679 31088 40396 26095 6606 57588 69835 24133 29251 23703 76231 47134 46008 26225 39883 32718 32647 24681 37114 72804 52239 25191 34189 44891 27290 37046 29326 19638 82010 32476 23743 38705 32207 61807 46085 34762 30737 16572 38695 33192 19431 53323 26756 27923 47469 29650 88166 31607 111037 57079 45453 33907 56105 32381 95303 31451 61511
21228 24837 31943 63901 16766 61036 47901 15195 13357 8351 28955 13366 57710 38990 21004 7303 38584 25421 57814 62116 81687 26268 12883 12230 92168 43743 24322 54769 39931 21269 26366 0 19257 65522 74019 47524 15315 48290 26751 58175 21239 26095 4293 15315 24790 14297 17068 23201 14884 37789 64232 17393 37673 65296 52073 55730 37689 47859 82994 68939 68484 19530 54929 10714 64800 11150 46349 39183 74658 72956 75068 14244 51183 17607 12451 9151 42085 9950 18126 34743 49795 39841 55451 69491 27521 60817 58775 16239 17068 32754 22484 30711 35326 68072 51599 17724 12413 68368 50978 59208 18560 17611 16116 16301 15716 49068 19557 60548 28500 28955 74858 15966 47300 9522 15172 83474 29897 58089 36842 20560 57564 31943 68368 29805 60600 73169 23820 46940 47719 8661 62180 26711 61714 54302 44046 11864 7147 13357 50374 8169 80956 14833 30030 83264 46349 10174 18858 14833 28862 38736 62933 46417 39545 44828 58273 65981 67563 30479 33915 53147 54931 15642 59988 73975 73794 47767 13366 52122 33003 16239 43374 11994 73837 11560 27570 24440 16966 62776 68368 16829 43471 13674 60979 16966 42305 47005 32168 15195 52596 13744 70208 37014 93079 38228 67737 39314 57276 12765 77345 10418 62481
22489 9331 18642 60698 33545 48947 63337 18241 16061 20939 18454 25631 47210 22355 33685 21365 22119 9683 47314 55138 84164 10761 21381 19578 101568 28237 8815 48024 23465 6443 11783 19257 0 62319 83419 31000 26373 57690 35904 65304 34747 41532 15533 14170 33254 26373 26204 21237 17588 46894 59807 15202 21208 48390 64156 66800 24260 35245 88787 52033 83920 4047 44428 23302 47894 8669 58432 22718 84058 65327 81633 26687 44438 28447 7735 20138 25161 9308 19015 25401 65231 55278 39489 59720 11783 49110 55325 27609 25545 41859 31589 35061 44431 78869 35637 26861 25666 57868 45321 47501 23946 9526 27186 22821 28931 43410 28662 48459 12993 18454 90295 31262 31887 18198 31262 88787 19396 67489 20377 19152 68635 18265 57868 45241 70000 82569 8275 30033 36062 13473 57755 11205 50007 66767 27122 8322 13453 16061 65810 14911 70456 17537 14523 92085 58432 22530 32073 17537 18390 54173 74309 35917 22621 35486 67673 58917 57791 14973 28653 44501 44431 13451 44026 61685 64022 33979 25631 36953 16985 28488 26443 19621 86302 23918 12555 27475 23649 50688 57868 26204 26443 22779 50478 24634 26343 58076 16045 19015 59239 21092 79608 21657 102479 53664 57236 23957 44986 23823 86745 23006 50392
