NAME : HANOI-100-1
COMMENT : OSM drive network, depot (21.0285, 105.8542), seed 1
TYPE : VRPSPD
DIMENSION : 101
CAPACITY : 150
EDGE_WEIGHT_TYPE : EXPLICIT
EDGE_WEIGHT_FORMAT : FULL_MATRIX
EDGE_WEIGHT_SECTION
0 47075 52941 75418 85689 95072 64991 58581 81518 133366 61378 48587 47151 51499 36820 48989 55725 80165 78794 28032 48496 95075 54994 48216 78353 78618 62448 24386 21635 83125 69881 24269 50018 78740 41396 63781 92977 51581 75097 86757 73294 58993 74757 71587 49985 34566 20376 85544 60427 40211 90255 67448 60060 71946 86542 83013 77257 53414 101843 93531 15215 77794 84282 58613 24239 78049 74721 66725 51920 83675 61817 20955 94182 74495 26720 48374 64725 51507 57276 97945 72952 44143 82018 63298 19160 54470 46902 49283 93042 76036 79610 38873 66163 52038 43858 67413 58650 54994 35776 60526 39749
47075 0 96401 54115 77241 139344 104008 89447 60215 100476 105383 45413 2895 96560 16170 28873 20723 110488 66955 25801 91956 121952 96283 28100 58962 57316 41145 63170 66992 61822 112762 65606 29848 43738 84276 42478 60087 90598 116559 117081 118354 85870 116046 110354 94896 32381 64740 64241 101716 23076 117132 58933 101350 116083 65239 61710 104135 17563 68953 60641 58389 45303 62980 101493 69595 56746 119928 111785 26091 113999 49978 48293 137642 53192 65202 4117 108185 92796 35973 65056 51649 24027 73569 41996 64517 97350 29342 86517 137313 54734 121072 81753 111370 43583 70735 110593 101530 96283 81133 49698 84390
52941 96401 0 121283 129136 48394 78241 60035 130844 182692 61030 97913 96477 34689 86146 98315 105051 82120 121826 77358 15364 99846 33049 97542 114836 127944 111774 62124 40781 119386 77427 35411 99344 128066 57478 113107 142303 72859 30983 75405 39668 83839 33508 94868 19731 83892 34515 134870 40819 89537 96074 110767 19575 35323 135868 119780 99632 102740 151169 142857 49313 127120 120845 69421 38601 127375 50615 37742 101246 82072 106136 63176 45485 123821 36604 97700 16028 40959 106602 147272 122278 93469 125464 112624 44588 62742 96228 45160 50227 125214 35496 56604 41757 101364 68998 67065 66196 33049 47620 109852 20524
75418 54115 121283 0 49704 142774 87534 117791 38231 102123 92656 49897 51716 99192 42788 33449 52933 138831 33223 54144 116621 150296 124626 34323 9372 29738 25714 82540 91787 12250 99555 93950 32252 48763 73478 15438 61733 77116 139900 145424 119933 114213 142366 93258 107653 59716 93084 39282 130060 47188 145475 30208 129693 124363 26529 12138 132478 45809 70599 62288 85154 43039 13408 87158 90813 39813 121506 114417 34282 142342 28942 76636 142548 10613 93545 51044 123970 121139 22972 66702 36943 38654 43967 16422 86870 84143 46534 114860 140744 7650 144412 77497 112948 39038 99079 97790 88323 124626 85175 33387 101579
85689 77241 129136 49704 0 152608 97367 128062 81523 147302 102489 47341 77317 109025 66818 67528 89667 149102 26792 58385 124885 160567 134897 67735 43257 73030 73412 92373 100485 44820 109388 104221 69339 95367 83312 63799 106913 86949 148501 155695 129766 124485 149530 103092 117487 60346 103355 82574 140331 54165 155746 22981 138389 134197 66021 45133 142749 87356 115779 107467 93747 90737 44140 96992 100646 83105 131340 124251 78085 152613 35353 86907 152381 57771 103817 78540 133803 131410 70622 111881 81719 67603 17598 64072 96703 93977 53777 125131 150578 54856 153014 87331 122781 37271 109350 107623 98157 134897 95009 32391 111413
95072 139344 48394 142774 152608 0 76794 101506 173146 225635 56124 140856 139420 49444 129089 141258 147994 116935 143317 120301 58836 134661 71454 140485 136327 167551 154717 96330 76470 140877 75126 78938 142287 171009 74420 155083 185246 77602 41656 109989 26555 127989 59391 101231 55328 126835 76547 176704 79012 132480 130889 132257 60124 25523 160542 141271 135111 145683 194112 185800 89152 170063 142335 67157 74290 170318 39070 33482 144189 116887 130566 107326 3738 150841 80754 140643 39027 79365 149545 190214 165221 136412 148936 153866 79443 61384 139171 83565 16859 147925 36584 76765 29826 139590 113148 62159 63895 71454 71177 134431 56213
64991 104008 78241 87534 97367 76794 0 113634 120804 184019 24006 96210 104084 52524 93753 105922 112658 139545 88076 84965 79491 154470 104989 105150 81087 112311 111242 49213 57082 85636 30775 78521 106951 130745 28006 101628 143629 14062 95148 142705 54445 118388 98386 29683 62898 91499 64254 121855 110961 97144 149650 77017 91922 60511 105302 86030 136653 110347 152495 144184 51828 128235 87095 9786 55891 122386 55526 50137 108853 142275 75326 79027 76568 95601 81671 105307 79218 106458 107900 148598 120835 101076 93696 101902 52164 17079 98206 104234 74764 92685 99661 33255 46968 84350 103253 29139 13065 104989 42073 79191 65795
58581 89447 60035 117791 128062 101506 113634 0 123891 175739 105164 90960 89524 79826 79193 91361 98098 48751 121167 70404 58614 66520 31927 90589 120725 120991 104820 74377 64274 125497 116981 44878 92391 121112 88495 106154 135349 101021 61926 53164 93012 67447 52274 121342 69117 76939 52500 127916 37374 82584 62132 109820 46014 88667 128914 125386 65174 95786 144215 135903 63941 120167 126655 105712 65597 120422 102879 91086 94293 50082 104190 50461 98597 116868 34056 90746 70545 28312 99648 140318 115325 86515 124390 105671 66091 101569 89274 19549 105453 118409 65901 85972 94321 94411 52605 111199 105749 31927 81103 102899 58702
81518 60215 130844 38231 81523 173146 120804 123891 0 105444 125926 79103 57593 130499 48888 39549 51892 144931 62826 60245 126399 156396 130726 40423 45688 8830 20967 97613 101435 39681 132824 100050 38352 27754 106748 28967 65054 110386 151003 151524 151240 120314 150489 126528 129339 66825 99184 5474 136160 53915 151575 63325 135793 150527 25983 39570 138578 51581 73920 65609 92832 28854 40743 120428 104039 4378 152813 145725 39989 148442 62212 82736 171990 29203 99646 56750 142628 127239 28663 70023 8596 44754 75164 30457 98960 117413 53548 120960 171116 31389 155516 110767 144255 72252 105179 131060 121593 130726 115576 66657 118833
133366 100476 182692 102123 147302 225635 184019 175739 105444 0 190254 131352 97582 182851 100932 91799 87762 196779 130820 112092 178247 208244 182574 92672 106969 103356 88923 149461 153283 109769 197152 151898 90601 83977 169308 90450 52055 173601 202851 203372 204646 172161 202337 190640 181187 118672 151032 109469 188007 106165 203423 127806 187641 202375 112571 109657 190426 83848 32459 52149 144680 81979 110926 184756 155887 101861 206219 198077 82872 200290 126539 134584 223933 101139 151493 96359 194476 179087 83751 54492 96966 97003 141564 90011 150808 181741 105797 172808 223605 102680 207364 168044 197661 126051 157027 195388 185921 182574 167424 129891 170681
61378 105383 61030 92656 102489 56124 24006 105164 125926 190254 0 101332 105460 32488 95129 107298 114034 131230 93198 86341 62279 148999 87778 106525 86209 117433 116364 51415 44880 90758 20361 69089 108327 137048 23974 106750 149864 24813 77937 127137 33775 118653 81175 48443 45687 92875 56248 126977 94262 98471 144611 82139 74711 39841 110424 91152 136918 111723 158730 150419 48652 133689 92217 14369 43447 127508 34856 29467 110229 131412 80448 79552 55898 100723 75519 106682 62007 91633 113574 154833 125957 102451 98818 107024 45603 8595 101264 93860 54094 97807 82450 29223 26298 89472 103518 6035 11107 87778 37411 84313 48634
48587 45413 97913 49897 47341 140856 96210 90960 79103 131352 101332 0 45489 98072 34990 40491 55051 112000 42652 22428 93468 123465 97795 40699 43449 74674 60032 64682 68504 47999 108230 67119 42303 78066 82154 61365 90963 85792 118072 118593 119867 87383 117558 101934 96408 17329 66253 82917 103229 26191 118644 31922 102862 117596 67665 48393 105647 52740 99828 91517 59901 75379 49458 95834 71108 75633 121441 113298 50259 115511 28655 49805 139154 57963 66715 46712 109697 94308 54860 95931 70536 40567 43669 60883 66029 92819 27313 88029 138826 55048 122585 81545 112882 13724 72248 106465 96999 97795 82645 22426 85902
47151 2895 96477 51716 77317 139420 104084 89524 57593 97582 105460 45489 0 96636 16246 28949 17829 110564 67032 25878 92032 122029 96359 28177 56563 54710 38523 63246 67068 59423 112838 65683 29924 40843 84352 40079 57192 90675 116636 117157 118431 85947 116122 110431 94972 32457 64817 61618 101793 23152 117208 59009 101426 116160 62840 59311 104211 14668 66058 57747 58465 42409 60581 101570 69672 54124 120005 111862 23196 114075 50055 48369 137718 50793 65278 1222 108261 92872 33350 62161 49027 24103 73646 39597 64593 97427 29418 86593 137390 52335 121149 81830 111446 43659 70812 110669 101607 96359 81209 49775 84466
51499 96560 34689 99192 109025 49444 52524 79826 130499 182851 32488 98072 96636 0 86305 98474 105210 105892 99734 77517 36093 123661 61591 97702 92745 123969 111933 52566 31266 97294 50857 45850 99503 128225 33673 112435 142462 49054 51105 100459 23979 97014 54343 73850 19346 84051 34430 133513 68075 89696 119273 88675 48371 30810 116960 97688 115279 102899 151328 143016 45135 127279 98753 42888 29087 127534 28884 16900 101405 106073 86984 67950 49217 107258 52056 97859 35176 66294 106761 147431 122437 93628 105354 111218 35030 36400 96387 68522 47414 104343 55618 35092 20326 96008 81907 38523 39625 61591 28412 90849 23296
36820 16170 86146 42788 66818 129089 93753 79193 48888 100932 95129 34990 16246 86305 0 16358 31098 100233 56533 15547 81701 111698 86028 15586 47634 45988 29817 52915 56737 50494 102507 55352 17388 49237 74021 31151 60543 80344 106305 106826 108100 75616 105791 100100 84641 22126 54486 52913 91462 12653 106877 48511 91095 105829 53911 50383 93880 28786 69409 61097 48134 45069 51652 91239 59341 45419 109674 101531 19131 103744 39556 38038 127387 41865 54947 17469 97930 82541 24645 65512 40322 11512 63147 30668 54262 87096 17941 76262 127059 43406 110818 71498 101115 33160 60481 100338 91276 86028 70878 39276 74135
48989 28873 98315 33449 67528 141258 105922 91361 39549 91799 107298 40491 28949 98474 16358 0 37898 112402 57011 26149 93870 123866 98197 1319 38296 36649 20479 65084 68906 41156 114676 67521 1811 40075 86190 21812 51409 92512 118474 118995 120269 87784 117960 112268 96810 31721 66655 43575 103630 14366 119046 49218 103264 117997 44573 41044 106049 32543 60275 51964 60303 35825 42313 103407 71509 36080 121842 113699 22034 115913 40034 50207 139556 32526 67116 30172 110099 94710 15307 56378 30983 5205 63856 21329 66431 99265 13998 88431 139228 34067 122986 83667 113284 34253 72649 112507 103444 98197 83047 39754 86304
55725 20723 105051 52933 89667 147994 112658 98098 51892 87762 114034 55051 17829 105210 31098 37898 0 119139 79995 34496 100606 130603 104934 37453 57779 53723 39635 71820 75642 60578 121412 74257 36957 24138 92926 41192 47373 99249 125210 125731 127005 94521 124696 119005 103547 41030 73391 55918 110367 38003 125782 70943 110000 124734 63575 60467 112785 10929 56238 47927 67039 25704 61736 110144 78246 47778 128579 120436 24080 122649 64906 56943 146293 51949 73853 16606 116835 101446 34463 52341 46231 33836 85996 40752 73167 106001 42280 95168 145964 53490 129723 90404 120020 56009 79386 119243 110181 104934 89784 64438 93040
80165 110488 82120 138831 149102 116935 139545 48751 144931 196779 131230 112000 110564 105892 100233 112402 119139 0 142207 91445 83674 17769 50012 111630 141766 142032 125861 99852 90184 146538 142891 70789 113431 142153 114406 127194 156390 126932 76659 17838 113914 39612 59386 147252 94211 97980 78411 148957 47856 103625 14280 130861 64061 109570 149955 146427 21220 116827 165256 156944 89852 141208 147696 131623 91508 141462 124861 111989 115333 20657 125230 71501 114026 137908 59337 111787 87153 41340 120689 161359 136365 107556 145431 126712 92002 127480 110315 38309 122512 139450 80357 111883 116004 115452 55605 137265 131660 50012 107014 123940 83796
78794 66955 121826 33223 26792 143317 88076 121167 62826 130820 93198 42652 67032 99734 56533 57011 79995 142207 0 51490 117164 153672 128002 57218 29714 54334 56622 83082 92330 26535 100097 97326 58822 78755 74021 47011 90431 77658 140442 148800 120475 117589 142956 93801 108196 53451 96460 63878 133435 44043 148851 15521 131815 124906 47324 26732 135854 74506 99297 90985 85697 73946 25443 87701 91355 64409 122049 114960 62980 145718 23959 80012 143090 40980 96921 68254 124512 124515 53964 95400 63022 57086 18191 47414 87412 84686 43260 118236 141287 38065 144955 78040 113490 32582 102455 98332 88866 128002 85718 27702 102122
28032 25801 77358 54144 58385 120301 84965 70404 60245 112092 86341 22428 25878 77517 15547 26149 34496 91445 51490 0 72913 102909 77240 25594 52348 57345 41174 44127 47949 56897 93719 46563 27179 57510 65233 42507 71703 71555 97517 98038 99312 66827 97003 91311 75853 10340 45698 64270 82673 12275 98089 40144 82307 97040 65268 57291 85092 32185 80569 72257 39346 56521 58356 82450 50552 56775 100885 92742 30647 94956 34513 29250 118599 53222 46159 27100 89142 73753 36002 76672 51679 22869 54713 42025 45474 78308 18965 67474 118271 54763 102029 62710 92327 24734 51692 91550 82487 77240 62090 33222 65347
48496 91956 15364 116621 124885 58836 79491 58614 126399 178247 62279 93468 92032 36093 81701 93870 100606 83674 117164 72913 0 101400 40341 93098 110174 123500 107329 57462 36119 114724 78677 30966 94899 123621 56248 108662 137858 69885 40894 80039 43291 79394 43018 90206 19168 79447 30071 130425 46825 85093 97081 106105 27387 38946 131423 115118 97659 98295 146724 138412 44868 122676 116183 70671 33939 122930 54238 41365 96801 83626 101279 58731 56605 119376 32159 93255 27148 43847 102157 142827 117833 89024 121213 108180 39926 63992 91783 46075 58863 120918 45407 53725 45380 96920 64553 68315 67446 40341 42958 105408 16013
95075 121952 99846 150296 160567 134661 154470 66520 156396 208244 148999 123465 122029 123661 111698 123866 130603 17769 153672 102909 101400 0 67739 123094 153230 153496 137325 113632 107954 158002 160072 88558 124896 153617 131586 138659 167854 141060 94386 27414 131641 44453 77113 160549 111937 109444 96180 160421 65582 115089 13882 142325 81788 127296 161419 157891 25866 128292 176720 168409 106118 152672 159160 148804 109277 152927 142588 129716 126798 38384 136695 79568 131752 149373 77106 123251 104880 59067 132153 172823 147830 119020 156895 138176 109771 144661 121779 56078 140238 150914 98084 129063 133730 126916 60446 155034 148841 67739 124783 135404 101522
54994 96283 33049 124626 134897 71454 104989 31927 130726 182574 87778 97795 96359 61591 86028 98197 104934 50012 128002 77240 40341 67739 0 97425 127561 127827 111656 70688 56652 132333 104175 40363 99226 127948 80932 112989 142185 94569 31179 44787 66823 79023 21250 114890 45475 83775 47256 134752 9939 89420 63967 116656 14990 62478 135750 132222 67486 102622 151051 142739 60252 127003 133491 96169 56796 127257 77770 64897 101129 49965 111025 61360 68546 123703 34229 97582 41458 8813 106484 147154 122160 93351 131226 112507 58946 89490 96110 13014 76817 125245 34877 78409 68912 101247 64182 93813 92944 903 67642 109735 40697
48216 28100 97542 34323 67735 140485 105150 90589 40423 92672 106525 40699 28177 97702 15586 1319 37453 111630 57218 25594 93098 123094 97425 0 39170 37523 21353 64312 68134 42029 113903 66748 3130 40949 85418 22686 52283 91740 117701 118222 119496 87012 117188 111496 96038 31928 65882 44449 102858 14573 118274 49425 102492 117225 45447 41918 105276 33417 61149 52837 59531 36699 43187 102635 70737 36954 121070 112927 21589 115140 40241 49435 138784 33400 66344 29399 109326 93938 16180 57252 31857 4979 64063 22203 65658 98492 14206 87659 138455 34941 122214 82895 112512 34460 71877 111735 102672 97425 82275 39961 85532
78353 58962 114836 9372 43257 136327 81087 120725 45688 106969 86209 43449 56563 92745 47634 38296 57779 141766 29714 52348 110174 153230 127561 39170 0 37195 34736 76093 85340 15963 93107 96885 37099 55159 67031 23670 66580 70669 133452 148359 113485 117148 136690 86811 101206 54309 92512 46739 132994 44967 148410 23761 127107 117916 31888 16026 135413 50655 75446 67134 78707 50792 16857 80711 84365 47270 115059 107970 39129 145277 22494 79571 136101 19863 96480 55891 117523 124074 30290 71549 45611 43501 38700 23739 80422 77696 44185 117795 134297 16749 137965 71050 106501 32591 102013 91343 81876 127561 78728 26940 95132
78618 57316 127944 29738 73030 167551 112311 120991 8830 103356 117433 74674 54710 123969 45988 36649 53723 142032 54334 57345 123500 153496 127827 37523 37195 0 17660 94713 98536 31188 124332 97150 35452 33093 98256 21649 62967 101893 148103 148624 144710 117414 147590 118036 126440 63925 96284 10920 133260 51015 148676 54832 132893 147627 17490 31077 135678 48699 71833 63521 89933 28019 32250 111935 101139 10773 146283 139194 37106 145542 53719 79837 167305 20710 96746 53867 139728 124340 24094 67936 12537 41854 66671 23139 96060 108920 50648 118061 165521 22896 152616 102274 137725 63815 102279 122567 113100 127827 109953 58164 115934
62448 41145 111774 25714 73412 154717 111242 104820 20967 88923 116364 60032 38523 111933 29817 20479 39635 125861 56622 41174 107329 137325 111656 21353 34736 17660 0 78543 82365 30346 123262 80980 19282 23048 97186 11128 48534 100824 131933 132454 133728 101243 131419 116966 110269 47754 80114 24992 117089 34845 132505 53916 116723 131457 27646 30234 119508 32511 57400 49088 73762 17325 31504 110866 84968 17498 135301 127158 20918 129372 52649 63666 153015 17226 80575 37680 123558 108169 9593 53503 12401 25684 67495 12619 79890 107851 34477 101890 152687 19412 136446 96548 126743 54732 86108 121498 112031 111656 96506 56970 99763
24386 63170 62124 82540 92373 96330 49213 74377 97613 149461 51415 64682 63246 52566 52915 65084 71820 99852 83082 44127 57462 113632 70688 64312 76093 94713 78543 0 25588 80642 58793 39923 66113 94835 30308 79876 109072 35804 86583 103448 73981 77550 87171 55773 52592 50661 31257 101639 76121 56306 108812 72023 72474 74552 96833 81036 95814 69509 117938 109626 17336 93889 82101 47479 28227 94144 75062 67627 68015 102582 65050 38189 96104 85794 42414 64469 73799 67201 73371 114041 89047 60238 88702 79394 20671 43382 62997 64977 94300 85497 91096 27785 66504 68133 62415 56625 47562 70688 29376 69710 42420
21635 66992 40781 91787 100485 76470 57082 64274 101435 153283 44880 68504 67068 31266 56737 68906 75642 90184 92330 47949 36119 107954 56652 68134 85340 98536 82365 25588 0 89890 60425 27335 69935 98657 31942 83698 112894 45051 65484 93345 53570 76996 67608 65372 31249 54483 12583 105461 62531 60129 103566 81270 51977 53209 106459 90284 95261 73331 121760 113448 15228 97712 91348 49160 2702 97966 56537 46491 71837 92915 75881 40774 76243 94412 32311 68291 52456 57097 77193 117863 92869 64060 96813 83216 5123 45017 66819 54874 74439 95954 69997 29420 47978 71956 61889 50916 49194 56652 18582 80444 21077
83125 61822 119386 12250 44820 140877 85636 125497 39681 109769 90758 47999 59423 97294 50494 41156 60578 146538 26535 56897 114724 158002 132333 42029 15963 31188 30346 80642 89890 0 97657 101656 39958 53394 71581 20735 69379 75218 138002 153131 118035 121920 141240 91361 105756 58858 97062 40732 137766 49517 153182 26278 131656 122466 24179 937 140185 53454 78245 69934 83257 47671 2226 85261 88915 41263 119609 112520 41989 150049 27044 84343 140650 14705 101252 58750 122072 128846 29917 74348 39829 46360 38460 22387 84972 82246 48734 122567 138847 11789 142515 75599 111050 37140 106785 95892 86426 132333 83278 31490 99682
69881 112762 77427 99555 109388 75126 30775 116981 132824 197152 20361 108230 112838 50857 102507 114676 121412 142891 100097 93719 78677 160072 104175 113903 93107 124332 123262 58793 60425 97657 0 81868 115705 144426 31353 113649 156763 31582 94335 143534 52777 126042 97572 52378 62084 100253 67601 133876 110659 105445 155682 89038 91109 58844 117323 98051 144307 119101 165629 157317 56030 140587 99116 21138 59070 134407 53858 48469 117607 145622 87347 86941 74900 107621 85018 114061 78405 107980 120472 161732 132856 109830 105716 113922 55511 15411 108238 107581 73096 104706 98848 36601 45300 96370 110907 14326 17876 104175 45420 91211 64982
24269 65606 35411 93950 104221 78938 78521 44878 100050 151898 69089 67119 65683 45850 55352 67521 74257 70789 97326 46563 30966 88558 40363 66748 96885 97150 80980 39923 27335 101656 81868 0 68550 97271 53382 82313 111509 65908 57597 73123 61711 58792 58926 86229 36179 53098 16656 104075 44621 58743 84170 85980 43295 57366 105074 101545 77057 71946 120374 112063 28952 96326 102814 70599 27822 96581 70467 59316 70452 73519 80349 33519 76652 93027 12915 66905 47195 36876 75807 116477 91484 62674 100549 81830 29191 66456 65433 35293 78596 94568 62110 50859 61909 70570 43685 75124 70636 40363 44122 79058 25673
50018 29848 99344 32252 69339 142287 106951 92391 38352 90601 108327 42303 29924 99503 17388 1811 36957 113431 58822 27179 94899 124896 99226 3130 37099 35452 19282 66113 69935 39958 115705 68550 0 38877 87219 20615 50212 93542 119503 120024 121298 88814 118989 113298 97839 33533 67684 42377 104660 16178 120075 50994 104293 119027 43376 39847 107078 31493 59078 50766 61332 34628 41116 104437 72539 34883 122872 114729 21093 116942 41845 51236 140585 31329 68145 31147 111128 95739 14109 55181 29786 7016 65667 20132 67460 100294 15810 89460 140257 32870 124016 84697 114313 36064 73679 113536 104474 99226 84076 41565 87333
78740 43738 128066 48763 95367 171009 130745 121112 27754 83977 137048 78066 40843 128225 49237 40075 24138 142153 78755 57510 123621 153617 127948 40949 55159 33093 23048 94835 98657 53394 144426 97271 38877 0 115941 33603 43588 120327 148225 148746 150019 117535 147711 137367 126561 64045 96405 31779 133381 54441 148797 75871 133015 147748 44510 53283 135800 26862 52454 44142 90054 5724 54552 132135 101260 23640 151593 143450 31178 145664 74604 79958 169307 40274 96867 39621 139850 124461 29373 48557 26251 45279 89629 35093 96182 129015 54073 118182 168979 42460 152737 113418 143035 74327 102400 142257 133195 127948 112798 78167 116055
41396 84276 57478 73478 83312 74420 28006 88495 106748 169308 23974 82154 84352 33673 74021 86190 92926 114406 74021 65233 56248 131586 80932 85418 67031 98256 97186 30308 31942 71581 31353 53382 87219 115941 0 87573 128918 23314 74386 117566 52071 97557 77623 48110 42135 71767 39115 107799 86879 77413 127196 62961 71160 57394 91246 71975 115821 90615 137784 129473 27544 113525 73040 20084 30752 108331 53152 47621 89121 117136 61271 58455 74193 81545 56532 85575 58456 81319 93189 133887 106780 81344 79640 87846 27025 15941 82068 79095 72390 78630 78898 8115 44593 70294 82422 29184 20121 80932 16934 65135 41206
63781 42478 113107 15438 63799 155083 101628 106154 28967 90450 106750 61365 40079 112435 31151 21812 41192 127194 47011 42507 108662 138659 112989 22686 23670 21649 11128 79876 83698 20735 113649 82313 20615 33603 87573 0 50061 91210 133266 133787 133176 102576 132752 107353 111602 49087 81447 32471 118422 36178 133838 44303 118056 132790 24344 20624 120841 34068 58927 50615 75095 27879 21893 101253 86302 28052 134750 127661 22475 130705 43036 64999 153926 12106 81908 39236 124891 109502 9257 55030 22955 27017 57885 1652 81223 98238 35810 103223 153053 13647 137779 91591 126191 53132 87442 111884 102418 112989 97839 47482 101096
92977 60087 142303 61733 106913 185246 143629 135349 65054 52055 149864 90963 57192 142462 60543 51409 47373 156390 90431 71703 137858 167854 142185 52283 66580 62967 48534 109072 112894 69379 156763 111509 50212 43588 128918 50061 0 133211 162462 162983 164257 131772 161948 150251 140798 78283 110643 69080 147618 65775 163034 87417 147252 161985 72182 69268 150037 43458 20532 3060 104291 41590 70537 144367 115497 61472 165830 157687 42483 159901 86150 94195 183544 60750 111104 55970 154087 138698 43362 9546 56577 56614 101175 49622 110419 141352 65408 132419 183216 62291 166975 127655 157272 85662 116637 154998 145532 142185 127035 89501 130292
51581 90598 72859 77116 86949 77602 14062 101021 110386 173601 24813 85792 90675 49054 80344 92512 99249 126932 77658 71555 69885 141060 94569 91740 70669 101893 100824 35804 45051 75218 31582 65908 93542 120327 23314 91210 133211 0 89762 130092 55253 104978 92999 42741 57516 78090 52223 111437 100068 83735 136240 66599 86141 61319 94884 75612 123243 96937 142077 133766 38418 117817 76677 12416 44076 111968 56334 50944 95444 129662 64908 65617 77375 85183 69058 91897 73832 93845 97482 138180 110417 87666 83278 91484 40133 17887 87735 91621 75572 82267 94275 25679 47775 73932 89843 29947 14940 94569 32615 68773 54843
75097 116559 30983 139900 148501 41656 95148 61926 151003 202851 77937 118072 116636 51105 106305 118474 125210 76659 140442 97517 40894 94386 31179 117701 133452 148103 131933 86583 65484 138002 94335 57597 119503 148225 74386 133266 162462 89762 0 69713 55311 101894 19115 114558 45508 104051 57077 155029 38736 109696 90613 129383 22046 51195 156027 138396 94835 122899 171328 163016 71875 147279 139461 86329 64379 147534 66468 53614 121405 76612 125546 81811 38747 143980 54506 117858 23321 39089 126761 167430 142437 113628 144829 132783 68767 79650 116387 43290 51207 144580 6378 75630 57268 121523 87053 83973 83104 31179 68951 130011 46301
86757 117081 75405 145424 155695 109989 142705 53164 151524 203372 127137 118593 117157 100459 106826 118995 125731 17838 148800 98038 80039 27414 44787 118222 148359 148624 132454 103448 93345 153131 143534 73123 120024 148746 117566 133787 162983 130092 69713 0 106969 57389 52440 150413 87769 104572 81387 155550 42904 110217 32056 137454 57346 102624 156548 153019 38996 123420 171849 163537 93012 147800 154288 134783 94668 148055 117915 105043 121926 25697 131823 78094 107080 144501 63366 118380 80207 36388 127282 167952 142958 114149 152024 133305 95162 128849 116908 39523 115566 146042 73411 115043 109058 122044 73381 133172 132303 44787 107161 130532 80217
73294 118354 39668 119933 129766 26555 54445 93012 151240 204646 33775 119867 118431 23979 108100 120269 127005 113914 120475 99312 43291 131641 66823 119496 113485 144710 133728 73981 53570 118035 52777 61711 121298 150019 52071 133176 164257 55253 55311 106969 0 114999 58777 78882 35955 105846 55051 154254 74593 111491 127869 109416 53349 6877 137701 118429 132090 124694 173123 164811 66930 149074 119494 44808 51390 149329 18662 7626 123200 113867 107725 88338 26328 127999 67764 119653 39449 74733 128555 169225 144232 115423 126094 131959 56825 39035 118181 78934 24524 125084 57273 54416 9805 116748 100158 39810 41546 66823 48828 111589 37297
58993 85870 83839 114213 124485 127989 118388 67447 120314 172161 118653 87383 85947 97014 75616 87784 94521 39612 117589 66827 79394 44453 79023 87012 117148 117414 101243 77550 76996 121920 126042 58792 88814 117535 97557 102576 131772 104978 101894 57389 114999 0 94321 124467 89897 73362 65223 124339 81595 79007 39633 106243 86684 110654 125337 121809 25881 92209 140638 132326 70795 116590 123078 114774 78320 116844 122507 111356 90716 58498 100613 43486 125080 113291 47774 87169 95623 75408 96071 136741 111748 82938 120813 102094 76435 110631 85697 66269 129371 114832 106407 95034 113949 90834 18532 123874 114811 79023 92667 99322 79407
74757 116046 33508 142366 149530 59391 98386 52274 150489 202337 81175 117558 116122 54343 105791 117960 124696 59386 142956 97003 43018 77113 21250 117188 136690 147590 131419 87171 67608 141240 97572 58926 118989 147711 77623 132752 161948 92999 19115 52440 58777 94321 0 117795 47632 103537 59201 154515 24980 109183 73341 131610 17161 54432 155513 141634 77562 122385 170814 162502 73999 146766 142699 89566 66503 147020 69724 56852 120891 59339 127240 81297 56482 143466 53992 117345 30705 27227 126247 166917 141923 113114 145858 132270 70891 82887 115873 33361 66063 145008 22813 78868 60866 121010 84529 87210 86341 21250 72189 129498 48425
71587 110354 94868 93258 103092 101231 29683 121342 126528 190640 48443 101934 110431 73850 100100 112268 119005 147252 93801 91311 90206 160549 114890 111496 86811 118036 116966 55773 65372 91361 52378 86229 113298 137367 48110 107353 150251 42741 114558 150413 78882 124467 117795 0 81896 97846 72544 127579 120389 103491 155729 82741 107138 84949 111026 91755 142731 116693 159117 150805 58739 134291 92820 34224 64397 128111 79963 74574 115200 149983 81050 84549 101005 101325 89379 111653 98628 114165 114176 155220 126560 107422 99420 107626 60454 41516 103930 111942 99201 98410 119071 50475 71405 90074 109332 53467 37503 114890 57411 84915 75164
49985 94896 19731 107653 117487 55328 62898 69117 129339 181187 45687 96408 94972 19346 84641 96810 103547 94211 108196 75853 19168 111937 45475 96038 101206 126440 110269 52592 31249 105756 62084 36179 97839 126561 42135 111602 140798 57516 45508 87769 35955 89897 47632 81896 0 82387 31537 133365 53245 88033 107618 97137 32001 32067 125422 106150 108162 101235 149664 141352 44142 125616 107215 54078 29070 125870 42950 30426 99741 94163 95446 64674 55101 115720 42662 96195 31407 53324 105097 145767 120773 91964 113815 111120 35056 47399 94723 56612 53298 112805 50021 42509 34093 98796 75056 51722 50853 45475 34954 99310 10746
34566 32381 83892 59716 60346 126835 91499 76939 66825 118672 92875 17329 32457 84051 22126 31721 41030 97980 53451 10340 79447 109444 83775 31928 54309 63925 47754 50661 54483 58858 100253 53098 33533 64045 71767 49087 78283 78090 104051 104572 105846 73362 103537 97846 82387 0 52232 70850 89208 17818 104623 42105 88841 103575 71848 59252 91626 38719 87149 78837 45880 63101 60317 88985 57087 63355 107420 99277 37227 101490 36474 35784 125133 59801 52694 33680 95676 80287 42582 83252 58259 29449 56675 48605 52008 84842 24051 74009 124805 61343 108564 69245 98861 26695 58227 98084 89022 83775 68625 35183 71881
20376 64740 34515 93084 103355 76547 64254 52500 99184 151032 56248 66253 64817 34430 54486 66655 73391 78411 96460 45698 30071 96180 47256 65882 92512 96284 80114 31257 12583 97062 67601 16656 67684 96405 39115 81447 110643 52223 57077 81387 55051 65223 59201 72544 31537 52232 0 103210 51810 57877 91792 85114 43571 53287 104208 97456 83487 71080 119509 111197 17012 95460 98521 56332 13646 95715 60459 49656 69586 81141 77865 34949 75757 92161 20537 66039 46299 45139 74941 115611 90618 61809 99683 80964 14789 52190 64567 42916 74517 93702 61590 36592 51901 69704 50116 62283 56369 47256 29801 78192 21090
85544 64241 134870 39282 82574 176704 121855 127916 5474 109469 126977 82917 61618 133513 52913 43575 55918 148957 63878 64270 130425 160421 134752 44449 46739 10920 24992 101639 105461 40732 133876 104075 42377 31779 107799 32471 69080 111437 155029 155550 154254 124339 154515 127579 133365 70850 103210 0 140185 57941 155601 64376 139819 154552 27034 40621 142604 55607 77946 69634 96858 32879 41794 121479 108064 8404 155827 148738 44014 152468 63263 86762 175548 30254 103671 60776 146654 131265 32689 74049 12621 48780 76215 33962 102986 118464 57573 124986 174674 32440 159541 111818 147269 73359 109204 132111 122644 134752 118488 67708 122859
60427 101716 40819 130060 140331 79012 110961 37374 136160 188007 94262 103229 101793 68075 91462 103630 110367 47856 133435 82673 46825 65582 9939 102858 132994 133260 117089 76121 62531 137766 110659 44621 104660 133381 86879 118422 147618 100068 38736 42904 74593 81595 24980 120389 53245 89208 51810 140185 0 94853 61810 122089 22761 70248 141183 137655 65959 108055 156484 148172 65153 132436 138924 102141 63511 132691 85540 72668 106562 47809 116459 66807 76103 129137 39662 103015 49101 12186 111917 152587 127594 98784 136659 117940 64786 95974 101543 18461 84460 130678 42435 84356 76682 106680 69629 100297 99428 9939 74553 115168 47608
40211 23076 89537 47188 54165 132480 97144 82584 53915 106165 98471 26191 23152 89696 12653 14366 38003 103625 44043 12275 85093 115089 89420 14573 44967 51015 34845 56306 60129 49517 105445 58743 16178 54441 77413 36178 65775 83735 109696 110217 111491 79007 109183 103491 88033 17818 57877 57941 94853 0 110269 35857 94486 109220 58939 49911 97271 35692 74641 66330 51526 50191 50976 94072 62732 50446 113065 104922 27584 107135 27066 41430 130779 46892 58339 24375 101321 85933 29673 70744 45349 14442 50494 35696 57653 90034 7135 79654 130450 48434 114209 74890 104507 20507 63872 103680 94214 89420 74270 26786 77527
90255 117132 96074 145475 155746 130889 149650 62132 151575 203423 144611 118644 117208 119273 106877 119046 125782 14280 148851 98089 97081 13882 63967 118274 148410 148676 132505 108812 103566 153182 155682 84170 120075 148797 127196 133838 163034 136240 90613 32056 127869 39633 73341 155729 107618 104623 91792 155601 61810 110269 0 137505 78016 123524 156599 153070 21045 123471 171900 163588 101728 147851 154340 144414 104889 148106 138816 125943 121977 34631 131874 74748 127980 144552 72718 118431 101107 55294 127333 168003 143009 114200 152075 133356 105383 140271 116959 51690 136466 146094 94312 124674 129958 122096 55626 150646 144451 63967 120395 130584 97203
67448 58933 110767 30208 22981 132257 77017 109820 63325 127806 82139 31922 59009 88675 48511 49218 70943 130861 15521 40144 106105 142325 116656 49425 23761 54832 53916 72023 81270 26278 89038 85980 50994 75871 62961 44303 87417 66599 129383 137454 109416 106243 131610 82741 97137 42105 85114 64376 122089 35857 137505 0 120469 113846 47823 26592 124508 68191 96283 87971 74637 71241 26377 76641 80296 64908 110989 103900 57346 134372 15278 68666 132031 38275 85575 60232 113453 113169 51126 92386 63404 49293 19310 44576 76353 73626 35467 106890 130227 35360 133896 66980 102431 21024 91108 87273 77806 116656 74659 15867 91063
60060 101350 19575 129693 138389 60124 91922 46014 135793 187641 74711 102862 101426 48371 91095 103264 110000 64061 131815 82307 27387 81788 14990 102492 127107 132893 116723 72474 51977 131656 91109 43295 104293 133015 71160 118056 147252 86141 22046 57346 53349 86684 17161 107138 32001 88841 43571 139819 22761 94486 78016 120469 0 49005 140817 132050 81574 107689 156118 147806 58368 132069 133115 83103 50872 132324 64296 51424 106195 64014 114102 66601 57215 128770 39296 102649 28988 22901 111551 152221 127227 98418 134717 117574 55260 76424 101177 27101 64347 130312 26559 70286 55439 106313 71843 80746 79878 14990 59890 114801 32794
71946 116083 35323 124363 134197 25523 60511 88667 150527 202375 39841 117596 116160 30810 105829 117997 124734 109570 124906 97040 38946 127296 62478 117225 117916 147627 131457 74552 53209 122466 58844 57366 119027 147748 57394 132790 161985 61319 51195 102624 6877 110654 54432 84949 32067 103575 53287 154552 70248 109220 123524 113846 49005 0 142131 122860 127746 122423 170851 162540 66103 146803 123925 50875 51030 147058 24729 14457 120929 109522 112155 85862 25297 132430 63419 117382 35265 70388 126284 166954 141961 113151 130525 132307 57017 45101 115910 74589 23493 129514 55372 59740 15871 119975 95813 45876 47612 62478 53061 116020 32953
86542 65239 135868 26529 66021 160542 105302 128914 25983 112571 110424 67665 62840 116960 53911 44573 63575 149955 47324 65268 131423 161419 135750 45447 31888 17490 27646 96833 106459 24179 117323 105074 43376 44510 91246 24344 72182 94884 156027 156548 137701 125337 155513 111026 125422 71848 104208 27034 141183 58939 156599 47823 140817 142131 0 24068 143602 56872 81047 72736 97856 38787 25241 104926 107799 27565 139274 132185 45406 153466 46710 87760 160316 17504 104669 62168 141738 132263 33147 77150 26178 49778 59662 25996 103458 101911 58571 125984 158512 19690 160540 95265 130716 56806 110202 115558 106091 135750 102944 51155 119347
83013 61710 119780 12138 45133 141271 86030 125386 39570 109657 91152 48393 59311 97688 50383 41044 60467 146427 26732 57291 115118 157891 132222 41918 16026 31077 30234 81036 90284 937 98051 101545 39847 53283 71975 20624 69268 75612 138396 153019 118429 121809 141634 91755 106150 59252 97456 40621 137655 49911 153070 26592 132050 122860 24068 0 140073 53343 78134 69822 83651 47559 1289 85655 89309 41152 120003 112914 41877 149937 27438 84231 141044 14593 101141 58639 122466 128734 29806 74237 39717 46249 38774 22276 85366 82640 49128 122456 139240 11678 142909 75993 111444 37534 106674 96286 86820 132222 83672 31884 100076
77257 104135 99632 132478 142749 135111 136653 65174 138578 190426 136918 105647 104211 115279 93880 106049 112785 21220 135854 85092 97659 25866 67486 105276 135413 135678 119508 95814 95261 140185 144307 77057 107078 135800 115821 120841 150037 123243 94835 38996 132090 25881 77562 142731 108162 91626 83487 142604 65959 97271 21045 124508 81574 127746 143602 140073 0 110474 158903 150591 89059 134854 141342 133039 96584 135109 139733 128582 108980 41169 118877 61750 132202 131555 66038 105434 105329 59443 114336 155005 130012 101203 139078 120358 94699 128896 103962 54732 140687 133096 98533 113298 131175 109098 42629 142138 133076 67486 110932 117586 97671
53414 17563 102740 45809 87356 145683 110347 95786 51581 83848 111723 52740 14668 102899 28786 32543 10929 116827 74506 32185 98295 128292 102622 33417 50655 48699 32511 69509 73331 53454 119101 71946 31493 26862 90615 34068 43458 96937 122899 123420 124694 92209 122385 116693 101235 38719 71080 55607 108055 35692 123471 68191 107689 122423 56872 53343 110474 0 52324 44013 64728 28428 54612 107833 75935 48097 126267 118125 20919 120338 62595 54632 143981 44825 71541 13446 114524 99135 27339 48427 43015 30675 83677 33628 70856 103690 39528 92856 143653 46366 127412 88092 117709 53698 77074 116932 107870 102622 87472 62127 90729
101843 68953 151169 70599 115779 194112 152495 144215 73920 32459 158730 99828 66058 151328 69409 60275 56238 165256 99297 80569 146724 176720 151051 61149 75446 71833 57400 117938 121760 78245 165629 120374 59078 52454 137784 58927 20532 142077 171328 171849 173123 140638 170814 159117 149664 87149 119509 77946 156484 74641 171900 96283 156118 170851 81047 78134 158903 52324 0 20625 113157 50456 79403 153233 124363 70337 174696 166553 51349 168767 95016 103061 192410 69616 119970 64836 162953 147564 52228 22968 65443 65480 110041 58487 119285 150218 74274 141285 192082 71157 175840 136521 166138 94528 125503 163864 154398 151051 135901 98367 139158
93531 60641 142857 62288 107467 185800 144184 135903 65609 52149 150419 91517 57747 143016 61097 51964 47927 156944 90985 72257 138412 168409 142739 52837 67134 63521 49088 109626 113448 69934 157317 112063 50766 44142 129473 50615 3060 133766 163016 163537 164811 132326 162502 150805 141352 78837 111197 69634 148172 66330 163588 87971 147806 162540 72736 69822 150591 44013 20625 0 104845 42144 71091 144921 116052 62026 166384 158242 43037 160455 86704 94749 184098 61304 111658 56524 154641 139252 43916 6486 57131 57168 101729 50176 110973 141906 65962 132973 183770 62845 167529 128209 157826 86216 117191 155552 146086 142739 127589 90056 130846
15215 58389 49313 85154 93747 89152 51828 63941 92832 144680 48652 59901 58465 45135 48134 60303 67039 89852 85697 39346 44868 106118 60252 59531 78707 89933 73762 17336 15228 83257 56030 28952 61332 90054 27544 75095 104291 38418 71875 93012 66930 70795 73999 58739 44142 45880 17012 96858 65153 51526 101728 74637 58368 66103 97856 83651 89059 64728 113157 104845 0 89108 84715 44762 17866 89363 68280 60360 63234 92582 67383 31544 88467 85809 31979 59688 61097 56765 68590 109260 84266 55457 90075 74613 11842 40619 58216 54541 87122 87351 76388 25022 59722 63352 55660 53861 44799 60252 26529 71841 33906
77794 45303 127120 43039 90737 170063 128235 120167 28854 81979 133689 75379 42409 127279 45069 35825 25704 141208 73946 56521 122676 152672 127003 36699 50792 28019 17325 93889 97712 47671 140587 96326 34628 5724 113525 27879 41590 117817 147279 147800 149074 116590 146766 134291 125616 63101 95460 32879 132436 50191 147851 71241 132069 146803 38787 47559 134854 28428 50456 42144 89108 0 48828 128191 100315 24740 150648 142505 28150 144718 69974 79012 168362 34551 95922 41186 138904 123516 24939 46559 20527 41030 84820 29369 95236 125176 49824 117237 168033 36737 151792 112473 142090 70078 101455 138823 129356 127003 111853 73537 115110
