NAME : HANOI-100-3
COMMENT : OSM drive network, customers at real shops (shop=* POIs), depot (21.0285, 105.8542), seed 3
TYPE : VRPSPD
DIMENSION : 101
CAPACITY : 150
EDGE_WEIGHT_TYPE : EXPLICIT
EDGE_WEIGHT_FORMAT : FULL_MATRIX
EDGE_WEIGHT_SECTION
0 13538 72179 82127 50355 8757 11790 13538 13612 44677 29238 53532 6740 94182 19622 15694 9222 18110 58347 84930 72273 9144 36656 55265 7821 20244 11228 64853 57421 43929 60485 17255 17834 17718 42911 18951 16054 38689 11228 64550 15215 49969 60266 64084 21635 53930 39408 48286 30866 11379 62791 19038 60601 4978 20778 10992 36112 18951 10138 35204 52914 63937 63490 67738 45158 10971 64417 68071 57219 57722 41006 54376 32891 64871 81721 17877 39067 47552 10852 64289 72049 71238 11861 17725 13466 25847 12738 25827 20486 61813 36820 76891 70966 23997 69195 78292 8477 37785 23461 63861 67740
13538 0 65465 87565 56508 16180 5007 5007 6805 39659 33326 46817 12112 88069 24140 8979 10728 11395 55194 90368 77711 17555 39290 63424 9773 24257 12757 58740 62859 38912 53771 10540 22352 19062 36798 21925 20478 32577 13108 58437 22646 50497 54154 57971 23178 50900 44846 42765 24152 6520 56076 12324 59826 10416 18840 8966 40199 21925 5007 39291 46802 69375 56775 61625 50596 17086 60606 62550 51697 61809 35988 59814 36979 59349 80946 11162 32954 52990 11521 57575 71274 65759 13451 14743 7660 20546 10779 29914 21078 55200 42258 76116 76404 22145 63083 72179 15706 43223 24093 57147 61127
72179 65465 0 147740 92280 72091 65506 65465 64330 48726 74007 31055 73852 65201 74379 61184 65892 56799 40040 150543 135332 74506 67308 103702 67999 74066 71912 38508 123034 48726 17853 57633 73113 69718 46578 72669 71239 52669 72575 22417 77438 64674 27777 43882 72845 39458 105021 47125 42456 67020 19310 60586 79585 72156 66321 64553 69173 72669 67895 76995 29574 129550 30626 41394 110771 71822 31577 55650 46945 77848 51650 119989 74485 46799 68308 56442 52292 113165 70988 21347 65086 32422 71912 67903 62030 63900 69040 70760 71735 34380 102433 68082 133545 64342 31221 47477 77447 103398 72802 20919 28861
82127 87565 147740 0 103702 87008 83574 87565 86631 124370 109647 129873 77149 172388 100031 91000 89631 91743 123723 5368 58812 85214 117065 112689 88229 100653 80549 143365 37754 123622 136827 91000 98242 98126 121423 99359 96463 117288 80549 142061 93441 128608 137996 142682 102044 119306 46476 127476 107208 85411 137687 97637 122531 78708 86301 91401 116520 99359 87565 114442 130644 61656 130829 146250 44503 91380 129792 147261 135880 136361 120699 61613 113300 144060 143650 94155 117665 39109 80173 140631 133979 136614 80743 83582 92635 104933 81585 106235 100895 128760 49496 138821 56055 88144 146925 156804 76997 53302 103870 140203 136382
50355 56508 92280 103702 0 42165 57788 56508 57537 55061 30379 79501 53114 90336 38932 56615 46688 58167 101377 102310 62807 41736 33903 24410 48015 40028 56983 66222 96878 54314 86958 57312 39424 41722 66592 40046 40058 54925 56983 71447 36300 36965 69457 59400 41437 97466 81727 54473 69972 57237 101897 55685 105382 52962 68211 49487 29424 41437 53905 24216 70093 62807 102596 69108 87477 40221 106789 62729 48785 43735 51390 96694 27030 59529 126502 56943 54548 89871 56608 80485 116830 111580 57616 65492 51962 50015 60839 34102 41437 101021 79139 121672 56680 70995 74468 79662 50036 80104 41537 80485 106947
8757 16180 72091 87008 42165 0 16180 16180 17533 40938 24973 53443 12151 92180 15390 16714 6600 18972 62182 89811 77001 3084 32391 47951 6407 16012 16597 62851 62302 40191 60397 18117 13693 13578 40909 14810 11914 36688 16597 62924 7117 45703 58640 61004 17404 58271 44289 44548 30778 16097 62702 18263 65970 11999 27817 8948 31846 14810 12297 30619 51288 68818 63401 65736 50039 6538 67595 64333 53146 53457 37267 59257 28626 61132 87090 17749 37065 52434 16222 64134 77418 72386 17230 24764 11422 21871 19777 21561 16346 61826 41701 82261 75214 31036 67569 76291 12634 42667 19230 63706 67753
11790 5007 65506 83574 57788 16180 0 5007 3277 41700 34606 46859 10365 89632 25421 7937 11209 8792 51495 86377 73721 17555 40975 63492 9773 25538 8758 60302 58868 40953 53812 7937 23632 20342 38361 23205 21758 34618 9109 58998 22926 52539 54934 60012 24459 47078 40856 44806 24193 3532 56118 14365 55516 8668 14530 9773 41480 23205 5007 40571 47582 65385 55785 63188 46606 18366 57564 64591 53739 63090 38029 55823 38259 61391 76636 11093 34995 49000 7522 57616 66964 64275 9452 10433 9701 22587 6780 31195 22359 53716 38268 71806 72414 17836 63863 73742 13444 39233 25373 57188 59642
13538 5007 65465 87565 56508 16180 5007 0 6805 39659 33326 46817 12112 88069 24140 8979 10728 11395 55194 90368 77711 17555 39290 63424 9773 24257 12757 58740 62859 38912 53771 10540 22352 19062 36798 21925 20478 32577 13108 58437 22646 50497 54154 57971 23178 50900 44846 42765 24152 6520 56076 12324 59826 10416 18840 8966 40199 21925 5007 39291 46802 69375 56775 61625 50596 17086 60606 62550 51697 61809 35988 59814 36979 59349 80946 11162 32954 52990 11521 57575 71274 65759 13451 14743 7660 20546 10779 29914 21078 55200 42258 76116 76404 22145 63083 72179 15706 43223 24093 57147 61127
13612 6805 64330 86631 57537 17533 3277 6805 0 39471 34356 45682 12186 87882 25159 6760 11731 7615 51693 89434 76777 19096 40292 64454 11313 25276 10947 58552 61925 38724 52635 6760 23371 20064 36611 22927 21497 32389 11298 57821 23676 50310 53757 57783 24180 47276 43912 42577 23016 5354 54941 12136 55715 10490 14728 9996 41229 22927 6805 40321 46405 68441 54745 61438 49662 18116 57699 62363 51510 62839 35800 58880 38008 59162 76834 9916 32766 52057 9711 56439 67163 63236 11249 10107 7472 20358 8376 30944 22080 52676 41324 72005 75470 18034 62686 71992 15781 42289 25095 56011 58603
44677 39659 48726 124370 55061 40938 41700 39659 39471 0 26092 30653 49389 55113 26865 35816 35639 37061 65649 127173 97437 44022 22981 63391 38759 27379 49731 27392 99664 747 36018 36206 28654 28032 15788 28773 29696 10575 50082 30788 38833 27934 26505 20813 25940 62657 81651 4357 36148 43214 59584 31324 85770 46068 51857 36364 29890 28639 41203 31608 19152 97437 64868 30277 87401 35477 70765 24142 13289 42014 3671 96619 29102 20941 103906 35067 10198 89795 48495 32087 97218 72708 50425 48677 35282 20651 47753 22781 27877 65293 79063 102060 91310 51012 34833 40831 51337 80028 25798 31659 68526
29238 33326 74007 109647 30379 24973 34606 33326 34356 26092 0 51463 34260 73873 10255 33433 23464 34943 78153 112450 79733 28057 7418 40249 24833 11351 38749 48668 84941 25345 61363 34088 12015 15053 37573 12636 13859 25905 38749 53893 22797 20730 50290 41846 11895 74242 66928 29702 46749 34528 75512 32261 87738 32498 47298 26306 6873 13223 30723 6163 44498 79733 79373 51553 72678 19863 83566 45175 31231 28483 22421 81896 3653 41974 108857 33720 25528 75073 38373 57432 99186 88357 39381 43641 28780 22933 38654 5077 13223 77797 64340 104028 73606 49580 56914 62108 35899 65306 11753 57004 83724
53532 46817 31055 129873 79501 53443 46859 46817 45682 30653 51463 0 55205 60372 49788 42537 47244 38151 44509 132676 117940 55859 48402 88085 49351 49475 53265 32274 105167 30450 17747 38985 48419 45024 24300 47975 46545 28078 53928 16209 54542 52049 18238 36164 48254 41517 87154 29051 23808 48373 36856 40679 81764 53509 49728 45906 53954 47975 49247 56979 11500 111684 43051 35159 92905 50482 48356 47285 37072 66128 30450 102122 54473 39080 84721 37537 27701 95299 52341 14416 81165 50155 53265 50341 43382 39206 50392 48152 47040 44102 84567 84162 116153 47749 25013 42824 58799 85532 48211 13988 46084
6740 12112 73852 77149 53114 12151 10365 12112 12186 49389 34260 55205 0 97799 24644 16283 14244 17138 55491 79952 67296 11649 41678 58003 12843 25266 6251 68470 52443 48642 62158 16283 22855 22739 46529 23972 21076 42307 6251 67344 18584 54990 63280 67701 26657 51075 34430 52495 32539 10365 64464 22656 55624 3322 17589 15965 41133 23972 12112 40225 55928 58959 61093 71356 40180 15993 61561 72281 61428 62744 45718 49398 37913 69080 76743 19439 42684 42575 5875 65962 67072 68383 6883 14870 17182 29952 10159 30848 25508 59025 31842 71914 65988 20808 72209 81910 7002 32808 28483 65534 64951
94182 88069 65201 172388 90336 92180 89632 88069 87882 55113 73873 60372 97799 0 81052 84227 86655 82006 95464 173333 139242 95264 68406 91680 89775 81719 96398 36246 147988 55113 63232 82840 82812 81036 54928 82932 82557 61124 96749 44164 90554 59839 47111 46349 80305 92472 129975 53419 77067 91145 83417 79689 126689 94478 94072 86363 67228 82932 89897 76141 51609 139242 92167 39132 135725 86494 95684 54954 48324 55910 58037 144943 73631 49265 132415 79559 60747 138120 95162 55884 129193 96529 97092 94256 84594 74689 94247 76524 82242 93985 127387 132189 133116 92185 36259 25019 101328 128353 80163 55884 92968
19622 24140 74379 100031 38932 15390 25421 24140 25159 26865 10255 49788 24644 81052 0 24154 14279 25630 68841 102834 80356 18474 17672 46310 15648 2410 29132 53510 75325 26118 61207 24775 1789 5326 34948 2410 3663 26678 29132 56441 13215 30983 52157 46930 3802 64929 57312 30475 37436 25342 69361 22890 78505 22882 38113 17120 17128 3802 21538 16220 44805 79848 70060 56395 63062 10246 74253 50260 38097 38738 23194 72280 13908 47059 99625 24407 26301 65457 28757 57740 89953 79044 29765 34456 19584 13619 29468 6843 3802 68485 54724 94796 74230 40394 60486 66949 26283 55689 5628 57312 74411
15694 8979 61184 91000 56615 16714 7937 8979 6760 35816 33433 42537 16283 84227 24154 0 10904 4732 50149 93803 81146 19129 39028 63531 12622 24270 14703 54897 66294 35069 49490 3877 22365 19058 32956 21921 20491 28734 15054 54595 22768 46655 50311 54129 23175 46237 48281 38923 19871 9451 51796 8061 58593 14587 18420 9176 40306 21921 10903 39398 42959 72810 51862 57783 54031 17193 55561 58708 47855 60735 32145 63249 37086 55507 79713 6882 29111 56425 13467 53294 70041 60352 15397 13800 6652 16703 12725 30021 21075 49793 45693 74883 79839 20912 59240 68337 19878 46658 24089 52866 55719
9222 10728 65892 89631 46688 6600 11209 10728 11731 35639 23464 47244 14244 86655 14279 10904 0 12773 55983 92434 79777 9593 30555 52860 3120 14396 18344 57326 64925 34892 54198 11918 12490 10655 35384 13102 10616 31163 18695 57399 12027 43634 53116 55704 14652 52072 46912 39248 24579 12723 56503 11663 65581 11568 24741 3173 30338 13102 7326 29429 45764 71441 57202 60211 52662 7224 61396 59034 48181 51948 31968 61880 27117 55833 86700 11550 31540 55056 16969 58002 77028 66186 19038 20644 5619 16809 16680 20053 12912 55627 44324 81871 78470 27900 62045 70766 15883 45289 15926 57574 61554
18110 11395 56799 91743 58167 18972 8792 11395 7615 37061 34943 38151 17138 82006 25630 4732 12773 0 45480 94546 81890 21388 40505 65083 14880 25747 15135 52676 67037 36314 45105 855 23842 20535 30735 23398 21968 29691 15798 50894 24319 48132 47308 54495 24652 41569 49024 40167 15486 10306 47410 8897 56204 15442 15857 11435 41817 23398 11758 40908 39955 73553 47193 55562 54774 18703 50893 59953 49100 62212 33390 63992 38596 56752 77324 5180 29691 57169 14211 48909 67652 55684 15135 12470 8911 18180 12262 31532 22552 45125 46437 72495 80582 17667 56237 66116 20733 47402 25566 48481 51051
58347 55194 40040 123723 101377 62182 51495 55194 51693 65649 78153 44509 55491 95464 68841 50149 55983 45480 0 126526 113869 64564 78159 108293 58090 68957 50081 68504 99017 64901 33313 46335 67052 63745 55263 66608 65178 56280 51704 52413 67529 85512 55278 73203 67862 4900 81004 66648 35373 53158 29670 50862 56698 55225 39339 54645 84545 66608 55804 84118 49097 105533 21256 71390 86754 61913 13948 84325 74669 99591 62226 95972 81806 76120 45772 46718 55903 89148 50233 43807 42199 22214 49387 41585 52121 60145 47417 74742 65762 15924 78416 45195 112562 37210 61217 77719 58665 79381 68776 43379 22214
84930 90368 150543 5368 102310 89811 86377 90368 89434 127173 112450 132676 79952 173333 102834 93803 92434 94546 126526 0 57420 88017 119868 111297 91033 103456 83352 146168 40557 126426 139630 93803 101045 100929 124226 102162 99266 120091 83352 144864 96244 128579 140799 145485 104847 122109 49279 130279 110011 88214 140490 100440 125334 81512 89104 94204 119013 102162 90368 113461 133447 60264 133632 149053 47306 94183 132596 150064 136826 135349 123502 65325 115212 146863 146453 96958 120468 41912 82976 143434 136782 139417 83546 86385 95438 107736 84388 109038 103698 131563 52299 141624 54663 90947 149728 159607 79800 56105 106673 143006 139185
72273 77711 135332 58812 62807 77001 73721 77711 76777 97437 79733 117940 67296 139242 80356 81146 79777 81890 113869 57420 0 75269 83644 71794 78376 81390 70696 115092 55172 96689 125997 81146 80768 83066 106364 81390 81402 97249 70696 120316 76148 89075 118326 108274 82781 109453 48784 100806 97354 75557 127833 87517 112677 68855 76448 81547 80211 82781 77711 73957 114512 8336 120976 117977 57158 78321 119939 111603 97659 95845 93766 76896 76771 108402 133797 84302 96872 51868 70320 125390 124125 126760 70889 73728 82782 90224 71732 75662 82781 118907 50012 128967 6791 78290 123337 128531 67144 42957 83070 125390 126529
9144 17555 74506 85214 41736 3084 17555 17555 19096 44022 28057 55859 11649 95264 18474 19129 9593 21388 64564 88017 75269 0 35474 46625 8401 19096 15851 65934 60508 43275 62812 20533 16777 16661 43993 17894 14997 39771 15851 66007 9415 48787 61724 64087 20487 60251 42495 47631 33193 17206 65118 21242 64799 11497 26765 11363 34930 17894 14291 33703 54372 67024 65817 68820 48245 9541 69976 67417 56229 56540 40351 57463 31710 64216 85919 20164 40148 50639 15475 66616 76247 74801 16484 24045 13838 24954 19393 24645 19430 64242 39907 81090 73482 29984 70653 79374 10804 40872 22313 66188 70168
36656 39290 67308 117065 33903 32391 40975 39290 40292 22981 7418 48402 41678 68406 17672 39028 30555 40505 78159 119868 83644 35474 0 43773 31924 18634 46166 41250 92359 22233 58251 39650 19432 21694 34512 20054 21276 22844 46166 46475 30215 13606 44485 34428 17829 74403 74346 25556 47975 41619 72451 35946 92921 39916 53642 32270 8725 20553 37092 9687 41386 83644 77386 44136 80096 27280 83283 37757 23813 27971 19309 89314 7177 34556 112737 38511 22467 82490 45774 53831 104369 85677 46799 50305 34717 22480 45745 12495 19791 77803 71758 109211 77517 54656 49496 54690 43317 72723 17687 53831 81044
55265 63424 103702 112689 24410 47951 63492 63424 64454 63391 40249 88085 58003 91680 46310 63531 52860 65083 108293 111297 71794 46625 43773 0 53986 47344 61872 77644 101437 62643 97984 64228 46722 49020 74871 47344 47356 63203 61872 82869 42102 48119 80879 70826 48735 104382 86615 64396 76888 63208 108813 62759 110271 57851 73100 55924 41994 48735 59876 34086 81119 71794 109512 80529 92365 47165 113706 74155 60211 42966 59720 101583 36900 70955 131390 63860 62826 94760 61496 91911 121719 118496 62505 70381 58398 57313 65728 41616 48735 107937 84028 126561 65667 75884 85890 91084 54925 84993 49024 91911 113863
7821 9773 67999 88229 48015 6407 9773 9773 11313 38759 24833 49351 12843 89775 15648 12622 3120 14880 58090 91033 78376 8401 31924 53986 0 15765 16909 60446 63523 38011 56305 14025 13859 12024 38504 14471 11986 34283 17260 60330 13153 45003 56046 58824 16021 54179 45511 42368 26686 11287 58610 14735 64291 10133 23305 4856 31707 14471 5890 30798 48694 70040 59309 63331 51261 8593 63503 62153 51301 53317 35087 60478 28486 58953 85411 13657 34660 53655 15534 60109 75739 68294 17603 19208 7330 19929 15244 21422 14872 57734 42923 80581 77069 26610 64975 73885 14482 43888 17847 59681 63661
20244 24257 74066 100653 40028 16012 25538 24257 25276 27379 11351 49475 25266 81719 2410 24270 14396 25747 68957 103456 81390 19096 18634 47344 15765 0 29754 54024 75947 26632 61324 24892 2410 5443 35065 2410 4284 27192 29754 56128 13836 31927 51845 47445 3802 65046 57934 30989 37553 25459 69477 23007 78669 23504 38230 17237 18224 3802 21655 17316 44493 80881 70176 56909 63684 10868 74370 50774 38611 39834 23708 72902 15004 47573 99789 24524 26815 66078 29378 57427 90117 79161 30386 34573 19700 13736 29585 7939 3802 68601 55346 94959 75263 40511 60174 67464 26905 56311 5628 56999 74528
11228 12757 71912 80549 56983 16597 8758 12757 10947 49731 38749 53265 6251 96398 29132 14703 18344 15135 50081 83352 70696 15851 46166 61872 16909 29754 0 67068 55843 48984 60218 14703 27344 27228 45127 28461 25564 42649 1726 65764 23030 59408 61700 68044 31145 45664 37830 52837 30599 10111 62524 21577 52743 7810 12669 17222 45622 28461 12757 44714 54348 62359 57187 69954 43580 20481 56151 72623 61770 67232 46060 52798 42401 69422 73863 17859 43026 45975 2368 64022 64191 62972 694 9459 17732 30618 4480 35337 29707 55118 35242 69033 69388 15740 70629 80508 9535 36208 32721 63594 62972
64853 58740 38508 143365 66222 62851 60302 58740 58552 27392 48668 32274 68470 36246 53510 54897 57326 52676 68504 146168 115092 65934 41250 77644 60446 54024 67068 0 118659 27392 36272 53510 54569 51707 25599 54184 53228 31795 67419 16092 61225 38616 17545 17824 52584 65513 100646 25790 47738 61816 56672 50359 97359 65149 64743 57034 43115 54184 60568 50937 22292 115092 65402 7571 106396 57165 68939 29592 20887 51790 30316 115614 48427 20741 105670 50230 31418 108790 65832 28324 102448 69784 67762 64927 55265 45360 64918 49426 53010 67219 98058 105445 108965 62856 14462 21162 71999 99023 52442 28324 66223
57421 62859 123034 37754 96878 62302 58868 62859 61925 99664 84941 105167 52443 147988 75325 66294 64925 67037 99017 40557 55172 60508 92359 101437 63523 75947 55843 118659 0 98916 112121 66294 73536 73420 96717 74653 71756 92581 55843 117355 68735 105671 113290 117976 77338 94600 21770 102770 82502 60705 112980 72930 97825 54002 61595 66695 91814 74653 62859 90906 105938 53729 106123 121544 16843 66673 105086 122555 111702 113424 95993 41606 88594 119354 118944 69449 92959 14403 55467 115925 109272 111908 56037 58876 67929 80227 56879 81529 76189 104054 24790 114115 52415 63438 122219 132098 52291 28596 79164 115497 111676
43929 38912 48726 123622 54314 40191 40953 38912 38724 747 25345 30450 48642 55113 26118 35069 34892 36314 64901 126426 96689 43275 22233 62643 38011 26632 48984 27392 98916 0 36018 35459 27906 27285 15040 28026 28948 9828 49335 30788 38086 27187 26505 20813 25193 61910 80904 4357 35401 42467 58837 30577 85022 45320 51109 35617 29143 27892 40456 30861 19152 96689 64121 30277 86654 34730 70018 24142 13289 41266 2924 95871 28354 20941 103159 34320 9451 89048 47748 32087 96470 71961 49678 47929 34535 19904 47006 22034 27129 64545 78316 101313 90563 50265 34833 40831 50590 79281 25050 31659 67779
60485 53771 17853 136827 86958 60397 53812 53771 52635 36018 61363 17747 62158 63232 61207 49490 54198 45105 33313 139630 125997 62812 58251 97984 56305 61324 60218 36272 112121 36018 0 45939 59419 56024 33870 58975 57545 39496 60881 20181 65211 59351 23046 40971 60137 30321 94108 34416 30762 55326 25589 48591 84468 60462 56507 52859 63850 58975 56200 66879 16865 118637 31827 39158 99858 59927 37089 52093 42437 72655 38941 109076 64372 43888 73497 44748 39119 102252 59294 11574 69969 38888 60218 57120 50335 50206 57346 58052 58041 32878 91520 72966 124210 54528 28985 45487 65753 92485 60094 11146 34817
17255 10540 57633 91000 57312 18117 7937 10540 6760 36206 34088 38985 16283 82840 24775 3877 11918 855 46335 93803 81146 20533 39650 64228 14025 24892 14703 53510 66294 35459 45939 0 22987 19680 31569 22543 21113 29124 15054 51728 23464 47277 48142 54495 23797 42424 48281 39312 16320 9451 48244 8042 57059 14587 15857 10580 40962 22543 10903 40053 40789 72810 48048 56396 54031 17848 51748 59098 48245 61356 32535 63249 37741 55897 78179 4324 29501 56425 13467 49743 68507 56539 15135 12470 8056 17325 12262 30677 21697 45980 45693 73350 79839 18522 57071 66950 19878 46658 24711 49315 51906
17834 22352 73113 98242 39424 13693 23632 22352 23371 28654 12015 48419 22855 82812 1789 22365 12490 23842 67052 101045 80768 16777 19432 46722 13859 2410 27344 54569 73536 27906 59419 22987 0 3538 33160 2410 1874 27802 27344 55175 11518 32745 50891 48719 3802 63141 55523 32263 35648 23554 67572 21101 76717 21093 36324 15332 18888 2991 19749 17980 43539 78471 68271 57455 61274 8458 72465 52049 39886 40498 24983 70491 15668 48848 97836 22619 27802 63668 26968 56474 88165 77255 27976 32667 17795 11831 27680 8603 3802 66696 52936 93007 74641 38606 59820 68009 24494 53901 5628 56046 72622
17718 19062 69718 98126 41722 13578 20342 19062 20064 28032 15053 45024 22739 81036 5326 19058 10655 20535 63745 100929 83066 16661 21694 49020 12024 5443 27228 51707 73420 27285 56024 19680 3538 0 29766 3094 1664 25544 27228 51780 11952 34754 47497 48097 4645 59834 55408 31641 32341 21718 64266 17795 74489 20473 33874 12042 21926 3094 16459 21018 40145 79647 64965 54593 61158 8342 69158 51427 40574 43536 24361 70375 18706 48226 95608 19312 25921 63552 25873 53079 85937 73949 27860 29777 14488 8293 25813 11641 2848 63390 52820 90779 76939 35932 56426 65147 24379 53785 5863 52651 69316
42911 36798 46578 121423 66592 40909 38361 36798 36611 15788 37573 24300 46529 54928 34948 32956 35384 30735 55263 124226 106364 43993 34512 74871 38504 35065 45127 25599 96717 15040 33870 31569 33160 29766 0 32716 31286 12625 45478 28640 39283 40447 24357 29591 33882 52271 78704 17643 25796 39874 49547 28418 75418 43207 42801 35092 42303 32716 38626 43088 17005 103233 54482 28484 84454 35223 60379 36832 25979 54526 17131 93672 40582 32507 93554 28288 12248 86849 43891 29939 86866 62773 45821 42985 33323 23948 42976 34262 31782 54907 76116 91708 102790 40914 32922 39038 50057 77082 34448 29511 58140
18951 21925 72669 99359 40046 14810 23205 21925 22927 28773 12636 47975 23972 82932 2410 21921 13102 23398 66608 102162 81390 17894 20054 47344 14471 2410 28461 54184 74653 28026 58975 22543 2410 3094 32716 0 2991 27416 28461 54731 12634 33367 50448 48838 3802 62697 56640 32382 35204 24166 67129 20658 77352 22210 36737 14905 19510 2486 19322 18602 43095 79588 67828 57069 62390 9575 72021 52168 40005 41120 25102 71608 16289 48967 98471 22175 27416 64785 28085 56030 88800 76812 29093 32640 17351 11387 28292 9225 3802 66252 54052 93642 75263 38795 59376 67623 25611 55018 5628 55602 72179
16054 20478 71239 96463 40058 11914 21758 20478 21497 29696 13859 46545 21076 82557 3663 20491 10616 21968 65178 99266 81402 14997 21276 47356 11986 4284 25564 53228 71756 28948 57545 21113 1874 1664 31286 2991 0 27064 25564 53301 10288 34589 49017 49761 5661 61267 53744 33305 33774 21680 65698 19227 74890 19313 34450 13458 20732 2991 17875 19824 41665 77983 66397 56113 59494 6678 70591 53091 41594 42342 26025 68711 17511 49890 96010 20745 27441 61888 25188 54600 86338 75381 26196 30793 15921 9957 25806 10447 4512 64822 51156 91180 75275 36732 57946 66667 22715 52121 7487 54172 70749
38689 32577 52669 117288 54925 36688 34618 32577 32389 10575 25905 28078 42307 61124 26678 28734 31163 29691 56280 120091 97249 39771 22844 63203 34283 27192 42649 31795 92581 9828 39496 29124 27802 25544 12625 27416 27064 0 43000 34731 35062 30189 30448 30137 25753 53288 74569 13681 26780 36132 50564 24933 76326 38986 42875 30871 30635 27416 34405 31421 23096 97249 55500 34680 80319 31002 61397 33466 22613 44269 6904 89536 28914 30265 94538 26365 377 82713 41413 36030 87774 63791 43343 41594 29102 18592 40671 22594 26243 55924 71981 92616 91123 40988 39013 45234 45836 72946 25610 35602 59158
11228 13108 72575 80549 56983 16597 9109 13108 11298 50082 38749 53928 6251 96749 29132 15054 18695 15798 51704 83352 70696 15851 46166 61872 17260 29754 1726 67419 55843 49335 60881 15054 27344 27228 45478 28461 25564 43000 0 66115 23030 59479 62051 68395 31145 47287 37830 53188 31262 10462 63187 21928 53140 7810 14199 17573 45622 28461 13108 44714 54699 62359 58810 70305 43580 20481 57773 72974 62121 67232 46411 52798 42401 69773 74260 18210 43377 45975 2719 64685 64588 64595 2420 11082 18083 30969 6011 35337 29707 56741 35242 69431 69388 17373 70980 80859 9535 36208 32721 64257 63743
64550 58437 22417 142061 71447 62924 58998 58437 57821 30788 53893 16209 67344 44164 56441 54595 57399 50894 52413 144864 120316 66007 46475 82869 60330 56128 65764 16092 117355 30788 20181 51728 55175 51780 28640 54731 53301 34731 66115 0 61298 43841 7106 23049 54907 49421 99342 29187 36552 60512 40581 49431 94508 64846 62471 56884 48340 54731 60265 56162 11853 120316 49310 18977 105092 57238 52848 34817 26112 57015 33712 114309 53652 25966 89579 48925 34354 107486 64528 12233 86356 53692 66008 63084 54962 45962 63136 52822 53796 51128 96754 89353 114190 60492 8804 26689 70939 97719 54864 12233 50132
15215 22646 77438 93441 36300 7117 22926 22646 23676 38833 22797 54542 18584 90554 13215 22768 12027 24319 67529 96244 76148 9415 30215 42102 13153 13836 23030 61225 68735 38086 65211 23464 11518 11952 39283 12634 10288 35062 23030 61298 0 43527 57014 58899 15228 63618 50722 42443 36125 22555 68050 21995 72403 18432 34275 15090 29671 12634 19043 25637 49662 73774 68749 64110 56472 6295 72942 62228 51041 51281 35162 65690 26450 59027 93523 23096 35439 58867 22654 62597 83851 77733 23663 31222 17565 20245 26234 19386 14170 67173 48134 88693 70021 37493 65943 74665 19066 49099 17054 62169 73100
49969 50497 64674 128608 36965 45703 52539 50497 50310 27934 20730 52049 54990 59839 30983 46655 43634 48132 85512 128579 89075 48787 13606 48119 45003 31927 59408 38616 105671 27187 59351 47277 32745 34754 40447 33367 34589 30189 59479 43841 43527 0 41850 31793 31087 81875 87658 26866 55447 53234 79796 43511 100840 53228 62927 45329 13857 33786 50151 22944 42486 89075 84731 41501 93409 40593 90628 35123 21178 15503 26655 102626 20434 31922 120209 46138 29812 95803 58032 52878 112288 93022 60102 59747 45912 29952 58003 25808 33024 85156 85071 117130 82949 62283 46862 52055 56629 86036 30945 52878 88389
60266 54154 27777 137996 69457 58640 54934 54154 53757 26505 50290 18238 63280 47111 52157 50311 53116 47308 55278 140799 118326 61724 44485 80879 56046 51845 61700 17545 113290 26505 23046 48142 50891 47497 24357 50448 49017 30448 62051 7106 57014 41850 0 21059 50624 52286 95278 24903 35417 56448 45287 45367 91990 60563 59374 52601 46350 50448 55982 53955 7570 117551 53754 20430 101028 52954 57322 32827 24122 55024 29428 110245 51445 23976 94126 44861 30071 103422 60464 14470 90637 58399 62394 59558 50679 41679 59549 48539 49513 54843 92690 93633 112200 57487 11752 29637 66874 93655 50581 14470 54575
64084 57971 43882 142682 59400 61004 60012 57971 57783 20813 41846 36164 67701 46349 46930 54129 55704 54495 73203 145485 108274 64087 34428 70826 58824 47445 68044 17824 117976 20813 40971 54495 48719 48097 29591 48838 49761 30137 68395 23049 58899 31793 21059 0 46005 70212 99963 19119 51730 61526 61393 50327 101351 64380 68172 56265 36292 48704 59799 44114 25495 108274 70122 20710 105713 55543 73659 14423 14056 40935 23736 114931 41604 4253 110390 53379 29760 108107 66807 32395 107168 74504 68738 66110 54496 40717 65893 42847 47942 71940 97375 110165 102147 66848 26070 31264 71230 98340 45863 32395 70944
21635 23178 72845 102044 41437 17404 24459 23178 24180 25940 11895 48254 26657 80305 3802 23175 14652 24652 67862 104847 82781 20487 17829 48735 16021 3802 31145 52584 77338 25193 60137 23797 3802 4645 33882 3802 5661 25753 31145 54907 15228 31087 50624 46005 0 63950 59325 29550 36457 25716 68382 21911 78605 24470 37990 16158 18768 2724 20576 18009 43272 82272 69081 55470 65075 12260 73274 49335 37172 40379 22269 74293 15548 46134 99724 23428 25376 67470 29871 56206 90053 78065 31778 33893 18605 12409 29842 8584 2724 67506 56737 94895 76654 40048 58952 66024 28296 57703 1826 55778 73432
53930 50900 39458 119306 97466 58271 47078 50900 47276 62657 74242 41517 51075 92472 64929 46237 52072 41569 4900 122109 109453 60251 74403 104382 54179 65046 45664 65513 94600 61910 30321 42424 63141 59834 52271 62697 61267 53288 47287 49421 63618 81875 52286 70212 63950 0 76587 63657 32381 48741 29405 46951 54147 50808 34923 50733 80789 62697 51388 80207 46106 101116 19583 68398 82337 58002 13948 81333 71677 95954 59234 91555 77895 73128 43221 42807 52911 84732 45816 40815 39648 22214 44970 37169 48210 56234 43000 70830 61850 16944 73999 42645 108145 32793 58225 74727 54249 74965 64865 40387 22214
39408 44846 105021 46476 81727 44289 40856 44846 43912 81651 66928 87154 34430 129975 57312 48281 46912 49024 81004 49279 48784 42495 74346 86615 45511 57934 37830 100646 21770 80904 94108 48281 55523 55408 78704 56640 53744 74569 37830 99342 50722 87658 95278 99963 59325 76587 0 84757 64489 42692 94968 54918 79812 35990 43582 48682 73802 56640 44846 72893 87925 40448 88110 103531 10095 48661 87074 104542 93689 95412 77980 36578 70581 101341 100931 51436 74946 11901 37454 97912 91260 93895 38024 40863 49916 62214 38866 63517 58176 86041 6777 96102 47543 45425 104206 114086 34278 7842 61151 97484 93663
48286 42765 47125 127476 54473 44548 44806 42765 42577 4357 29702 29051 52495 53419 30475 38923 39248 40167 66648 130279 100806 47631 25556 64396 42368 30989 52837 25790 102770 4357 34416 39312 32263 31641 17643 32382 33305 13681 53188 29187 42443 26866 24903 19119 29550 63657 84757 0 38981 46320 58411 34933 88603 49174 54944 39974 30265 32248 44593 34359 17551 100806 65124 28676 90507 39087 70386 22449 11596 40170 7281 99725 31849 19248 106356 38173 13304 92901 51601 30486 100051 71535 53531 51783 38892 24261 50859 26391 31486 66213 82169 104893 94680 54099 33232 39230 54947 83134 29407 30058 67639
30866 24152 42456 107208 69972 30778 24193 24152 23016 36148 46749 23808 32539 77067 37436 19871 24579 15486 35373 110011 97354 33193 47975 76888 26686 37553 30599 47738 82502 35401 30762 16320 35648 32341 25796 35204 33774 26780 31262 36552 36125 55447 35417 51730 36457 32381 64489 38981 0 25707 33067 19273 59348 30843 27311 23240 53622 35204 26581 52714 28065 89018 34592 50623 70239 30509 40785 58767 47914 69527 32726 79457 50402 54646 75514 15129 26403 72633 29675 34566 70785 44390 30599 27675 20716 28556 27727 43337 34357 35017 61901 74584 96047 25332 44346 60869 36134 62866 37371 34138 39757
11379 6520 67020 85411 57237 16097 3532 6520 5354 43214 34528 48373 10365 91145 25342 9451 12723 10306 53158 88214 75557 17206 41619 63208 11287 25459 10111 61816 60705 42467 55326 9451 23554 21718 39874 24166 21680 36132 10462 60512 22555 53234 56448 61526 25716 48741 42692 46320 25707 0 57632 15879 57180 8668 16193 11287 41401 24166 6520 40493 49096 67221 55913 64701 48442 18288 59228 66105 55252 63011 39543 57660 38181 62904 78299 12607 36509 50837 8874 59130 68628 64404 10805 12096 11215 24101 8133 31116 23872 53844 40104 73470 74250 19499 65377 75256 13959 41069 26887 58702 59771
62791 56076 19310 137687 101897 62702 56118 56076 54941 59584 75512 36856 64464 83417 69361 51796 56503 47410 29670 140490 127833 65118 72451 108813 58610 69477 62524 56672 112980 58837 25589 48244 67572 64266 49547 67129 65698 50564 63187 40581 68050 79796 45287 61393 68382 29405 94968 58411 33067 57632 0 51198 68818 62768 56268 55165 80242 67129 58506 81027 40860 119497 19828 59558 100718 62433 20810 73160 64455 93875 56510 109935 78521 64309 57614 47054 50187 103112 61600 35488 54318 18766 62524 57850 52641 60242 59651 72201 66282 24327 92380 57315 126526 54289 49385 65693 68058 93345 69296 35060 17212
19038 12324 60586 97637 55685 18263 14365 12324 12136 31324 32261 40679 22656 79689 22890 8061 11663 8897 50862 100440 87517 21242 35946 62759 14735 23007 21577 50359 72930 30577 48591 8042 21101 17795 28418 20658 19227 24933 21928 49431 21995 43511 45367 50327 21911 46951 54918 34933 19273 15879 51198 0 61605 19335 23693 11289 39135 20658 14754 38226 38015 79447 51897 53245 60668 16021 56275 54719 43866 57591 27653 69885 35914 51518 82725 6903 25310 63062 20341 48953 73053 61065 22271 20513 8765 13560 19599 28850 19811 50506 52330 77895 85730 23049 54296 63799 26185 53295 22825 48525 56433
60601 59826 79585 122531 105382 65970 55516 59826 55715 85770 87738 81764 55624 126689 78505 58593 65581 56204 56698 125334 112677 64799 92921 110271 64291 78669 52743 97359 97825 85022 84468 57059 76717 74489 75418 77352 74890 76326 53140 94508 72403 100840 91990 101351 78605 54147 79812 88603 59348 57180 68818 61605 0 57183 43176 64291 94611 77352 59826 93703 84638 104341 58820 100245 85562 69854 48103 108388 97535 114235 82272 94780 91391 104268 25830 57461 75949 87956 53743 92522 16159 56273 52049 45607 62818 70888 51053 84326 76505 57259 77224 21355 111370 38557 100919 110799 57934 78189 79519 92094 56273
4978 10416 72156 78708 52962 11999 8668 10416 10490 46068 32498 53509 3322 94478 22882 14587 11568 15442 55225 81512 68855 11497 39916 57851 10133 23504 7810 65149 54002 45320 60462 14587 21093 20473 43207 22210 19313 38986 7810 64846 18432 53228 60563 64380 24470 50808 35990 49174 30843 8668 62768 19335 57183 0 17656 13304 39371 22210 10416 38463 53210 60519 60760 68034 41740 14230 61295 68959 58106 60981 42397 50957 36151 65758 78303 17743 39363 44134 7434 64266 68631 68116 8442 14603 15779 26631 9616 29086 23321 58691 33402 73473 67548 20875 69491 78588 6850 34367 26296 63838 64617
20778 18840 66321 86301 68211 27817 14530 18840 14728 51857 47298 49728 17589 94072 38113 18420 24741 15857 39339 89104 76448 26765 53642 73100 23305 38230 12669 64743 61595 51109 56507 15857 36324 33874 42801 36737 34450 42875 14199 62471 34275 62927 59374 68172 37990 34923 43582 54944 27311 16193 56268 23693 43176 17656 0 23305 54172 36737 18840 53263 52022 68111 46446 67628 49332 30031 45409 74729 63876 74956 48185 58550 50951 71089 64295 19725 42875 51727 13268 60485 54624 52231 11975 4621 22200 32975 10452 43887 35890 44377 40994 59466 75140 4920 68303 78183 20763 41960 38905 60057 52231
10992 8966 64553 91401 49487 8948 9773 8966 9996 36364 26306 45906 15965 86363 17120 9176 3173 11435 54645 94204 81547 11363 32270 55924 4856 17237 17222 57034 66695 35617 52859 10580 15332 12042 35092 14905 13458 30871 17573 56884 15090 45329 52601 56265 16158 50733 48682 39974 23240 11287 55165 11289 64291 13304 23305 0 33179 14905 5890 32271 45248 73211 55864 59919 54432 10066 60057 59759 48906 54789 32693 63650 29958 56558 85411 10211 31248 56826 15986 56663 75739 64848 17916 19208 3885 16719 15244 22894 14058 54289 46094 80581 80240 26554 61529 70473 17653 47059 17072 56235 60215
36112 40199 69173 116520 29424 31846 41480 40199 41229 29890 6873 53954 41133 67228 17128 40306 30338 41817 84545 119013 80211 34930 8725 41994 31707 18224 45622 43115 91814 29143 63850 40962 18888 21926 42303 19510 20732 30635 45622 48340 29671 13857 46350 36292 18768 80789 73802 30265 53622 41401 80242 39135 94611 39371 54172 33179 0 20097 37597 9087 46985 80211 85177 46000 79552 26736 89957 39622 25677 21610 27152 88769 6577 36421 115731 40593 30258 81946 45246 57378 106059 93468 46254 50515 35653 29806 45527 11951 20097 84189 71214 110901 74084 56453 51361 56555 42773 72179 18626 57378 88835
18951 21925 72669 99359 41437 14810 23205 21925 22927 28639 13223 47975 23972 82932 3802 21921 13102 23398 66608 102162 82781 17894 20553 48735 14471 3802 28461 54184 74653 27892 58975 22543 2991 3094 32716 2486 2991 27416 28461 54731 12634 33786 50448 48704 2724 62697 56640 32248 35204 24166 67129 20658 77352 22210 36737 14905 20097 0 19322 19189 43095 79588 67828 57069 62390 9575 72021 52034 39871 41707 24968 71608 16876 48833 98471 22175 27416 64785 28085 56030 88800 76812 29093 32640 17351 11387 28292 9812 2724 66252 54052 93642 76654 38795 59376 67623 25611 55018 4550 55602 72179
10138 5007 67895 87565 53905 12297 5007 5007 6805 41203 30723 49247 12112 89897 21538 10903 7326 11758 55804 90368 77711 14291 37092 59876 5890 21655 12757 60568 62859 40456 56200 10903 19749 16459 38626 19322 17875 34405 13108 60265 19043 50151 55982 59799 20576 51388 44846 44593 26581 6520 58506 14754 59826 10416 18840 5890 37597 19322 0 36688 48629 69375 58537 63453 50596 14483 61874 64378 53525 59207 37532 59814 34376 61177 80946 13592 34782 52990 11521 60004 71274 67027 13451 14743 9774 22050 10779 27312 18476 56468 42258 76116 76404 22145 64911 74007 15706 43223 21490 59576 62394
35204 39291 76995 114442 24216 30619 40571 39291 40321 31608 6163 56979 40225 76141 16220 39398 29429 40908 84118 113461 73957 33703 9687 34086 30798 17316 44714 50937 90906 30861 66879 40053 17980 21018 43088 18602 19824 31421 44714 56162 25637 22944 53955 44114 18009 80207 72893 34359 52714 40493 81027 38226 93703 38463 53263 32271 9087 19189 36688 0 50013 73957 85338 53822 78643 25828 89531 47444 33499 30697 27937 87861 2814 44243 114823 39685 31044 81038 44338 62948 105151 94018 45346 49606 34745 29047 44619 10431 19189 83763 70306 109993 67830 55545 59183 64377 41864 71271 17867 62520 89385
52914 46802 29574 130644 70093 51288 47582 46802 46405 19152 44498 11500 55928 51609 44805 42959 45764 39955 49097 133447 114512 54372 41386 81119 48694 44493 54348 22292 105938 19152 16865 40789 43539 40145 17005 43095 41665 23096 54699 11853 49662 42486 7570 25495 43272 46106 87925 17551 28065 49096 40860 38015 84638 53210 52022 45248 46985 43095 48629 50013 0 112455 47573 25177 93676 45602 52835 36179 25572 55790 22076 102893 47507 28412 89243 37509 22718 96070 53112 12935 85754 53984 55042 52206 43327 34327 52197 41187 42161 48662 85338 88750 109715 50135 16499 34383 59522 86303 43229 12507 50088
63937 69375 129550 61656 62807 68818 65385 69375 68441 97437 79733 111684 58959 139242 79848 72810 71441 73553 105533 60264 8336 67024 83644 71794 70040 80881 62359 115092 53729 96689 118637 72810 78471 79647 103233 79588 77983 97249 62359 120316 73774 89075 117551 108274 82272 101116 40448 100806 89018 67221 119497 79447 104341 60519 68111 73211 80211 79588 69375 73957 112455 0 112639 117977 48821 73190 111603 111603 97659 95845 93766 68560 76771 108402 125460 75966 96872 45655 61984 122441 115789 118424 62553 65392 74445 86743 63395 75662 81123 110570 41676 120631 9636 69954 123337 128531 58807 34621 83070 122013 118192
63490 56775 30626 130829 102596 63401 55785 56775 54745 64868 79373 43051 61093 92167 70060 51862 57202 47193 21256 133632 120976 65817 77386 109512 59309 70176 57187 65402 106123 64121 31827 48048 68271 64965 54482 67828 66397 55500 58810 49310 68749 84731 53754 70122 69081 19583 88110 65124 34592 55913 19828 51897 58820 60760 46446 55864 85177 67828 58537 85338 47573 112639 0 68287 93860 63132 10812 81890 72317 98811 61446 103078 83025 73038 47877 47753 55123 96255 57339 42200 44321 13716 56493 48692 53340 61180 54523 75961 66981 6582 85522 47317 119668 44467 58114 74422 65574 86488 69995 41772 13716
67738 61625 41394 146250 69108 65736 63188 61625 61438 30277 51553 35159 71356 39132 56395 57783 60211 55562 71390 149053 117977 68820 44136 80529 63331 56909 69954 7571 121544 30277 39158 56396 57455 54593 28484 57069 56113 34680 70305 18977 64110 41501 20430 20710 55470 68398 103531 28676 50623 64701 59558 53245 100245 68034 67628 59919 46000 57069 63453 53822 25177 117977 68287 0 109281 60050 71825 32478 23772 54675 33201 118499 51312 23626 108555 53115 34303 111676 68718 31210 105333 72669 70648 67812 58150 48245 67803 52311 55896 70105 100943 108330 111850 65741 17347 24047 74884 101909 55327 31210 69109
45158 50596 110771 44503 87477 50039 46606 50596 49662 87401 72678 92905 40180 135725 63062 54031 52662 54774 86754 47306 57158 48245 80096 92365 51261 63684 43580 106396 16843 86654 99858 54031 61274 61158 84454 62390 59494 80319 43580 105092 56472 93409 101028 105713 65075 82337 10095 90507 70239 48442 100718 60668 85562 41740 49332 54432 79552 62390 50596 78643 93676 48821 93860 109281 0 54411 92824 110292 99439 101162 83730 30174 76331 107091 106681 57187 80696 12256 43205 103662 97010 99645 43774 46613 55666 67964 44616 69267 63926 91791 12369 101852 55021 51175 109957 119836 40028 16921 66901 103234 99413
