NAME : HANOI-100-1
COMMENT : OSM drive network, customers at real shops (shop=* POIs), depot (21.0285, 105.8542), seed 1
TYPE : VRPSPD
DIMENSION : 101
CAPACITY : 150
EDGE_WEIGHT_TYPE : EXPLICIT
EDGE_WEIGHT_FORMAT : FULL_MATRIX
EDGE_WEIGHT_SECTION
0 53801 6782 46905 41589 37975 24239 52862 52847 67659 60427 35169 69137 10736 72753 15129 75347 10852 4978 34060 13538 12174 20244 39422 78292 29065 37785 14082 42705 64417 13877 39501 75245 15834 67738 16320 13950 11228 41006 44567 83141 25478 75758 12369 14475 14280 15213 85824 64853 13538 24767 64725 51052 19622 81149 72273 48647 48812 43330 17718 42366 11262 16054 49867 63161 68215 69404 16569 11278 57715 32302 69140 9222 52311 85615 36280 81046 71904 38689 45322 20486 38119 62010 23072 12738 15513 22547 78361 12738 6136 16646 14374 84930 25847 42419 17725 18951 14993 16546 23997 67634
53801 0 57461 97092 18789 37363 39462 78569 55162 107576 41582 47080 28094 53678 111654 46213 97172 54781 55657 44284 47740 49108 43081 46180 30457 56212 87972 50502 17673 63188 52060 19932 32550 45191 19902 57816 48074 56368 19372 45009 133328 54338 125944 54797 54744 48851 40559 37989 17017 47689 35773 16889 101239 42567 131336 113138 16376 63951 17048 40656 92553 48393 42176 65489 25437 118401 64688 41661 57238 83422 44171 57554 46275 67933 37779 39438 131232 34941 20743 45764 42067 64119 21278 41031 53116 40281 40947 37875 52231 49395 45191 44070 135117 34417 17959 53876 43240 52891 56216 50684 19798
6782 57461 0 41927 46343 43039 29303 47884 50201 62681 62208 40233 70919 13119 67775 13812 70369 5875 3364 39124 12220 9758 25308 44486 81952 30140 32808 10893 47460 61228 10688 43161 77026 17467 71398 12418 11159 6251 45760 49630 78164 21620 70780 8564 11286 11091 19682 89484 68512 12220 26548 68384 46075 24686 76171 67296 52307 49908 48085 22782 37389 12220 21118 50964 64942 63237 66215 21633 6300 52737 37366 70921 14286 53408 89275 38061 76068 73685 42349 50385 25550 33141 63791 28136 9549 20577 27611 80142 9549 11200 14322 16883 79952 29994 47174 14536 24014 11803 13357 20808 71294
46905 97092 41927 0 86060 83162 69425 79569 83543 56331 101546 80355 110257 52835 59451 53934 102054 44951 43486 79247 52343 49220 65431 84609 121582 67912 18667 48848 87176 94570 47586 82877 116364 56599 111028 45150 50621 45327 85477 89753 46578 53304 38746 45618 45909 49274 59398 129115 108143 52343 65935 108015 4148 64809 44602 58904 91937 87680 87801 62904 13103 52343 61240 88735 104280 31651 99557 61756 45376 84422 77489 108438 54409 91179 128905 77399 44499 113023 82065 90508 65673 64826 103129 68259 47586 60700 67734 119480 48042 51323 53454 56270 48366 69711 86890 48360 64137 48143 46847 53817 110924
41589 18789 46343 86060 0 18573 20673 75116 54808 88787 49297 28291 40054 42453 92865 35095 97600 45407 44539 25683 36622 38792 24291 31045 43172 37422 76940 41404 1116 66653 42952 7259 44510 34916 32618 49330 38500 46994 583 33427 122296 50631 114912 45595 45646 39860 28112 47611 29733 36571 27014 29605 90207 23777 120304 94349 14343 49947 1742 24944 81521 37275 26608 51485 35298 107369 68633 26092 47864 79969 25381 63442 32551 53929 50495 36319 120200 45314 7487 34182 24789 60666 32149 22242 43924 26557 22158 49434 42857 35670 35826 32952 124085 17563 831 45588 25551 43794 47730 46977 32514
37975 37363 43039 83162 18573 0 16621 84309 67518 79162 63485 10773 55476 41964 83240 39747 106794 46762 41235 7992 40033 42132 19737 13355 53371 31543 74043 45584 19690 80691 46475 21297 57185 40051 42816 52577 43057 47486 17990 15597 119399 56025 112015 47664 49020 44329 31935 54541 39931 40033 38886 39803 87310 18793 116917 84724 32042 32185 20315 22467 78624 37865 22456 33723 53871 104472 82671 22971 47535 89162 7864 77480 31544 36167 60694 50357 117303 59748 21525 16352 20737 69594 50722 17012 46552 26307 18106 62575 45411 32913 41194 37672 121187 21161 19404 50887 21499 47749 51328 52371 42713
24239 39462 29303 69425 20673 16621 0 72189 59863 76245 63511 16392 60726 27051 80323 24216 94673 32103 27498 15284 24501 26274 4833 20646 63845 22658 60306 30052 21789 73287 30694 23346 65182 25468 53291 37280 27525 33459 20090 25790 105662 43905 98278 32292 33162 28797 16393 68283 50405 24501 27822 50277 73573 5480 103669 81806 34091 38220 22415 6601 64887 22008 8265 39758 55971 90735 77553 7750 33509 77042 13526 76054 16443 42202 71168 43194 103566 65987 23574 26545 4601 57473 52821 5922 30694 10450 1791 70107 29554 18404 26487 23059 107450 12553 21504 35325 5363 31892 35765 40251 53187
52862 78569 47884 79569 75116 84309 72189 0 55582 100323 78009 85929 87620 52087 105418 53107 22485 46003 49253 84820 52087 46909 70930 90182 103060 76331 70450 43749 76232 52480 42974 68440 93792 50988 92505 41013 46285 45401 74533 95327 115806 28284 108422 43314 41757 44704 55796 110592 89620 52087 53159 89492 83717 70766 113813 104938 73415 96099 76858 66749 75031 52087 67151 97155 81059 100879 56862 67151 44581 4853 83063 68973 57841 99599 109714 55508 113710 87329 68587 96082 68766 25104 82503 74216 43115 63592 70547 94967 43700 56998 48657 51339 117594 63149 75947 37868 69612 41975 39387 31938 92402
52847 55162 50201 83543 54808 67518 59863 55582 0 104297 31640 74762 40921 47502 109392 44759 56217 45276 48841 73171 46285 44607 59635 78533 70898 72857 74424 42510 55924 25090 41734 48132 47092 40827 67824 41965 43309 46746 54225 81842 119780 34937 112396 42761 40736 42319 43470 87623 64939 46234 39571 64811 87691 59519 117787 108912 53031 90229 56550 54423 79005 47502 55856 91567 34360 104853 30077 55341 47144 60435 71895 37533 46661 94011 75988 20836 117684 43117 48279 82597 56440 41132 40850 63096 41875 51266 58221 49676 42460 48768 40827 41312 121568 50823 55638 36628 57286 40736 39850 31374 67721
67659 107576 62681 56331 88787 79162 76245 100323 104297 0 122300 68628 125075 73589 9476 74688 122808 65705 64241 74649 73097 69974 75828 74289 122970 58549 41733 69602 89903 115325 68340 91460 126784 77353 112415 65904 71375 66081 88204 74077 57711 74059 62804 66372 66663 70028 79926 123731 109530 73097 86689 109402 57817 74795 50888 9476 102205 55219 90529 77504 44588 73097 75840 56757 121740 55195 120311 76356 66130 105176 73673 129192 75163 59201 130292 98153 53058 128340 91688 74832 77219 85580 119660 73909 68340 78491 77389 132174 68796 72077 74208 77024 57128 85668 89618 69114 77219 68897 67601 74571 112311
60427 41582 62208 101546 49297 63485 63511 78009 31640 122300 0 73152 23274 58181 127394 52237 62735 59236 60404 70544 53763 53611 63676 75906 54326 77056 92427 53923 49297 28161 55481 42772 29349 49693 52114 61237 52175 60823 48864 77380 137783 57017 130399 58217 58165 52272 50948 71913 49229 53712 44968 49101 105694 63559 135790 126915 46976 94347 49297 58415 97008 55018 59897 95885 17267 122856 30136 59381 61692 82862 70243 24290 54139 98329 58256 29139 135687 21416 42918 78135 60431 63890 23330 67103 56537 56328 62213 27976 56686 56246 49693 49695 139571 53629 49297 57075 61327 56312 59637 53454 52011
35169 47080 40233 80355 28291 10773 16392 85929 74762 68628 73152 0 65624 39815 72706 38998 108413 44303 38428 6803 39256 40920 17281 6357 64144 21860 71236 44807 29407 88186 45340 30964 67959 40334 53590 49770 42280 44679 27708 17310 114276 58043 109208 45514 46969 43552 31295 64258 50704 39256 43514 50576 84503 16185 107452 74190 41709 22423 30033 20983 75817 36653 19789 23961 63589 101665 92251 20304 44728 90782 5045 87147 29395 26405 71467 58093 109623 70522 31192 18065 19154 71186 60439 14205 44584 24716 17683 73348 44200 30764 41269 37925 113693 28863 29122 49572 19154 46538 49572 54389 53486
69137 28094 70919 110257 40054 55476 60726 87620 40921 125075 23274 65624 0 66891 129152 60947 77694 67946 69114 60711 62474 62322 63053 61970 33722 77476 101137 62634 38937 43186 64191 40950 8746 58404 31534 69948 60886 69533 40637 60798 146493 65888 139110 66928 66876 60982 58608 51333 28649 62423 53650 28521 114404 63366 144501 130470 37393 79741 38312 58705 105718 63729 60225 81279 9843 131567 44687 59710 70403 92473 61732 37552 62850 83723 37653 38434 144398 8864 41656 61553 60721 73171 10149 62296 65247 58330 61237 11798 65397 64957 58404 58406 148282 52887 39223 65946 61656 65023 68348 62325 31430
10736 53678 13119 52835 42453 41964 27051 52087 47502 73589 58181 39815 66891 0 78683 8059 74571 11521 11315 38706 6468 6852 24816 44068 78169 36365 43716 9637 43570 60926 10112 39856 72998 13824 67614 16697 8627 13108 41870 49213 89072 24071 81688 11709 12580 9698 15760 85701 64729 6468 22521 64601 56983 24699 87079 78204 48523 55050 44195 21075 48297 6468 21037 56106 60914 74145 65192 21037 13977 56940 36949 66894 12171 58550 85491 34033 86976 69657 39045 49968 23519 37371 59764 28149 10112 18345 25409 76115 8971 10736 11490 12856 90860 27014 43284 14743 23523 11309 15183 21540 67511
72753 111654 67775 59451 92865 83240 80323 105418 109392 9476 127394 72706 129152 78683 0 79783 127902 70799 69335 78727 78191 75068 79906 78367 127047 62627 43504 74696 93981 120419 73434 95538 130862 82447 116493 70998 76469 71175 92282 78154 55854 79153 60947 71466 71757 75123 84481 127809 113608 78191 91783 113480 60100 78873 49030 6791 106283 59297 94607 81582 46348 78191 79918 60835 126296 53963 125405 80433 71225 110271 77751 134286 80257 63279 134370 103247 51201 132895 95766 78910 81297 90674 124216 77987 73434 83047 81466 136252 73890 77171 79302 82118 55271 89875 93696 74208 81297 73992 72695 79665 116389
15129 46213 13812 53934 35095 39747 24216 53107 44759 74688 52237 38998 60947 8059 79783 0 75592 13051 12007 37889 6598 6921 23988 43251 70704 37021 44815 10479 36211 58183 11642 31912 67054 7644 60149 18228 7663 14639 34512 48396 90171 25091 82787 13240 14111 8934 8326 78236 57264 6598 16577 57136 58082 23871 88178 79303 41059 54465 36837 18776 49396 6598 20209 55761 54970 75244 62449 19694 15371 57960 36131 60950 10442 58205 78027 28089 88075 63713 31101 49151 20792 38392 53820 27332 11642 15619 22574 70171 10502 12153 8455 6184 91959 19070 35926 15239 21639 12296 16713 22560 60046
75347 97172 70369 102054 97600 106794 94673 22485 56217 122808 62735 108413 77694 74571 127902 75592 0 68488 71738 107305 74571 69394 93415 112667 107221 98816 92934 66234 98717 34739 65458 90925 82224 73473 105119 63498 68770 67886 97017 117811 138291 50769 130907 65798 64241 67189 78281 124918 102234 74571 75644 102106 106201 93251 136298 127423 95899 118584 99342 89234 97515 74571 89635 119639 72430 123364 39120 89635 67066 27338 105547 51231 80326 122083 111131 64433 136195 69587 91071 118566 91250 45832 78920 96700 65599 86077 93032 77240 66184 79483 71142 73823 140079 85633 98431 60353 92097 64460 61872 54423 105015
10852 54781 5875 44951 45407 46762 32103 46003 45276 65705 59236 44303 67946 11521 70799 13051 68488 0 5956 43194 11521 7522 29378 48557 79272 35296 35832 6180 46524 56303 5763 42224 74054 14288 68718 8132 8730 2719 44824 53701 81188 18220 73804 2690 5891 6964 18638 86804 65832 11521 23624 65704 49099 28757 79195 70320 49627 55064 47149 25873 40413 11521 25188 56119 61969 66261 61289 25703 3588 50856 41437 67949 16969 58563 86595 35089 79092 70713 41413 54456 28571 31288 60819 32206 4624 23263 30462 77170 4624 15271 11144 13959 82976 29382 46238 9611 28085 6878 9289 15968 68614
4978 55657 3364 43486 44539 41235 27498 49253 48841 64241 60404 38428 69114 11315 69335 12007 71738 5956 0 37320 10416 8399 23504 42682 80148 31651 34367 9534 45655 59868 9329 41356 75221 16047 69593 13331 9799 7682 43956 47826 79723 22065 72339 7902 10174 9732 17877 87680 66708 10416 24744 66580 47634 22882 77730 68855 50503 51419 46281 20977 38948 10416 19313 52474 63137 64796 64855 19829 7860 54106 35562 69117 12482 54918 87471 36256 77627 71880 40545 48581 23746 34510 61987 26331 8189 18773 25807 78338 8189 9396 12963 15079 81512 28190 45370 13177 22210 10444 13177 19534 69490
34060 44284 39124 79247 25683 7992 15284 84820 73171 74649 70544 6803 60711 38706 78727 37889 107305 43194 37320 0 38147 39812 16173 5362 58606 27628 70127 43698 26799 86468 44231 28356 62421 39225 48052 48662 41171 43570 25100 10506 115483 56935 108099 44405 45860 42443 30186 57454 45167 38147 42406 45039 83394 15076 112947 80211 39101 27672 27425 19875 74708 35545 18680 29210 60793 100556 89730 19195 43620 89673 1758 84539 28286 31654 65929 56502 113387 64984 28584 11262 18045 70077 57643 13097 43475 23607 16574 67811 43091 29655 40160 36816 117272 27754 26514 48463 18045 45429 48463 53281 47948
13538 47740 12220 52343 36622 40033 24501 52087 46285 73097 53763 39256 62474 6468 78191 6598 74571 11521 10416 38147 0 5390 24257 43510 72231 37280 43223 9491 37738 59710 10112 33439 68581 9171 61676 16697 7166 13108 36039 48654 88579 24071 81196 11709 12580 8236 9853 79763 58791 5007 18104 58663 56490 24140 86587 77711 42586 54724 38364 19062 47804 5007 20478 56020 56497 73653 63976 19979 13840 56940 36390 62476 10728 58463 79554 29616 86484 65240 32628 49409 21078 37371 55347 27590 10112 15905 22860 71697 8971 11458 9982 7711 90368 20597 37453 14743 21925 11309 15183 21540 61573
12174 49108 9758 49220 38792 42132 26274 46909 44607 69974 53611 40920 62322 6852 75068 6921 69394 7522 8399 39812 5390 0 25922 45174 73599 37676 40101 4101 39909 56697 4993 35610 68429 7929 63045 11605 1775 9109 38209 50318 85457 18893 78073 7710 7761 2846 12023 81131 60160 5390 17952 60032 53368 25805 83464 74589 43954 56388 40534 20726 44682 5390 22142 57684 56345 70530 61683 21644 9978 51762 38054 62324 11593 60128 80922 29464 83361 65088 34798 51073 22743 32194 55194 29255 6113 17569 24633 71545 4972 11841 4784 8286 87245 22767 39623 9565 23589 6490 10005 16363 62941
20244 43081 25308 65431 24291 19737 4833 70930 59635 75828 63676 17281 63053 24816 79906 23988 93415 29378 23504 16173 24257 25922 0 21535 67464 21097 56311 29808 25408 73060 30341 26965 67509 25241 56909 34846 27281 29754 23708 26679 101667 43044 94283 30515 31970 28553 16165 71902 54024 24257 28469 53896 69578 2410 99675 81390 37709 38002 26033 5443 60892 21655 4284 39540 58297 86740 77326 4294 29804 75783 14415 75826 14396 41984 74786 42966 99571 68314 27192 27434 3802 56187 55148 5185 29585 9299 4713 72434 29201 15765 26259 22832 103456 13736 25122 34573 3802 31539 34573 39391 56805
39422 46180 44486 84609 31045 13355 20646 90182 78533 74289 75906 6357 61970 44068 78367 43251 112667 48557 42682 5362 43510 45174 21535 0 59865 28191 75489 49060 32161 91830 49594 33718 63680 44587 49311 54024 46533 48932 30462 11765 119442 62297 113462 49768 51222 47805 35548 58713 46425 43510 47768 46297 88756 20438 113113 79851 44281 27692 32295 25237 80070 40907 24042 29230 64100 105919 95092 24557 48982 95035 7120 89901 33648 31674 67188 61864 115284 66242 33946 12520 23407 75439 60688 18459 48838 28969 21937 69069 48453 35017 45523 42178 119354 33116 31876 53825 23407 50791 53825 58643 49207
78292 30457 81952 121582 43172 53371 63845 103060 70898 122970 54326 64144 33722 78169 127047 70704 107221 79272 80148 58606 72231 73599 67464 59865 0 80594 112463 74993 42056 72647 76551 44423 29298 69682 24047 82307 72565 80859 43755 58693 157819 78829 150435 79287 79235 73342 65050 24801 21162 72179 60264 21034 125730 66949 155826 128531 40867 77636 41430 65147 117044 72884 66667 79174 38763 142892 74178 66152 81728 107913 60253 66709 70766 81618 14867 58550 155723 37909 45234 59448 66450 88610 34815 65414 77607 64772 65330 35089 76722 73885 69682 68561 159607 58799 42341 78367 67623 77382 80707 75175 23943
29065 56212 30140 67912 37422 31543 22658 76331 72857 58549 77056 21860 77476 36365 62627 37021 98816 35296 31651 27628 37280 37676 21097 28191 80594 0 58793 40461 38539 86281 40668 40095 81932 38357 70040 41414 39452 35672 36839 38134 103725 50067 96765 37986 41022 40522 29390 84173 67155 37280 43928 67027 72060 20064 97373 64111 50840 23632 39164 22773 63374 33676 21110 24688 72720 89222 90548 21625 35722 81185 25870 89048 26640 27132 87917 56188 99544 82737 40323 38889 22488 61588 69571 19392 39528 24372 22658 86857 39528 26102 39293 35948 103614 31066 38253 44181 22488 41783 42668 50119 69936
37785 87972 32808 18667 76940 74043 60306 70450 74424 41733 92427 71236 101137 43716 43504 44815 92934 35832 34367 70127 43223 40101 56311 75489 112463 58793 0 39728 78056 85451 38467 73757 107245 47479 101909 36030 41501 36208 76357 80634 54317 44185 46933 36499 36790 40155 50278 119995 99023 43223 56815 98895 22815 55689 52324 42957 82818 78560 78682 53785 8834 43223 52121 79616 95160 39390 90438 52636 36257 75303 68370 99319 45289 82060 119786 68280 52221 103904 72946 81389 56553 55707 94010 59139 38467 51580 58614 110361 38922 42203 44335 47150 56105 60591 77771 39240 55018 39024 37727 44698 101805
14082 50502 10893 48848 41404 45584 30052 43749 42510 69602 53923 44807 62634 9637 74696 10479 66234 6180 9534 43698 9491 4101 29808 49060 74993 40461 39728 0 42521 53537 1558 38222 68741 9590 64439 8445 3977 7767 40821 54204 85084 15733 77701 4294 4242 1651 14748 82525 61553 9491 19612 61425 52995 29691 83092 74216 45348 59988 43146 24613 44309 9491 26029 61284 56657 70158 58523 25530 8637 48602 41940 62636 15538 63728 82316 29776 82989 65400 37410 54960 26629 29034 55506 33141 2614 21456 28411 71857 3364 15786 6445 9947 86873 25492 42235 6209 27476 2389 6845 13202 64335
42705 17673 47460 87176 1116 19690 21789 76232 55924 89903 49297 29407 38937 43570 93981 36211 98717 46524 45655 26799 37738 39909 25408 32161 42056 38539 78056 42521 0 67769 44069 8376 43393 36032 31501 50447 39616 48111 1699 33513 123413 51747 116029 46712 46763 40976 29229 46494 28616 37687 28131 28488 91323 24893 121420 95465 13310 51063 625 26060 82637 38391 27724 52601 34182 108486 69749 27209 48980 81085 26498 63898 33667 55045 49379 37435 121317 44198 8603 34268 25905 61783 31032 23358 45040 27673 23274 48318 43974 36787 36942 34068 125201 18680 286 46705 26667 44910 48847 48093 31398
64417 63188 61228 94570 66653 80691 73287 52480 25090 115325 28161 88186 43186 60926 120419 58183 34739 56303 59868 86468 59710 56697 73060 91830 72647 86281 85451 53537 67769 0 52761 59977 47650 54251 70544 52992 55583 57773 66070 95139 130807 45964 123423 53788 51763 54491 56895 90343 67659 59658 52996 67531 98718 72943 128814 119939 64842 103654 68394 67848 90032 60926 69280 104991 38484 115880 5151 68765 58171 57333 85320 16657 60085 107435 76557 32093 128711 35013 60123 95894 69864 52159 44936 76520 52902 64691 71646 42666 53487 62193 54251 54736 132596 64247 67483 47655 70711 51763 50877 42402 70441
13877 52060 10688 47586 42952 46475 30694 42974 41734 68340 55481 45340 64191 10112 73434 11642 65458 5763 9329 44231 10112 4993 30341 49594 76551 40668 38467 1558 44069 52761 0 39770 70298 11147 65996 7670 5535 7234 42370 54738 83823 14958 76439 3248 3467 3209 16183 84083 63111 10112 21170 62983 51734 30225 81830 72955 46905 60435 44694 25146 43048 10112 26562 61491 58214 68896 57748 26064 7992 47827 42474 64194 16013 63935 83873 31333 81727 66957 38958 55493 27162 28258 57064 33674 1139 21989 29053 73415 2947 16261 8002 11505 85611 26927 43783 6040 28009 2220 6069 12427 65892
39501 19932 43161 82877 7259 21297 23346 68440 48132 91460 42772 30964 40950 39856 95538 31912 90925 42224 41356 28356 33439 35610 26965 33718 44423 40095 73757 38222 8376 59977 39770 0 45405 31733 33869 46148 35317 43812 6676 36151 119113 43955 111730 42413 42464 36677 26258 51955 30983 33388 21473 30855 87024 26450 117121 97022 10745 52671 8738 26355 78338 34092 27876 54209 36194 104187 61957 27361 44681 73293 28055 56767 31974 56653 51746 29643 117018 46210 811 36906 26677 53991 33044 24915 40741 25980 24831 50330 39675 35094 32643 29769 120902 19026 8090 42375 27850 40611 44548 40301 33765
75245 32550 77026 116364 44510 57185 65182 93792 47092 126784 29349 67959 8746 72998 130862 67054 82224 74054 75221 62421 68581 68429 67509 63680 29298 81932 107245 68741 43393 47650 70298 45405 0 64511 30697 76055 66993 75641 45093 62508 152601 71995 145217 73035 72983 67090 63064 48342 27811 68530 58106 27683 120512 67822 150608 132346 41849 81451 42768 63161 111826 69836 64681 82989 16014 137674 49181 64166 76510 98645 64067 41712 68124 85433 32578 44542 150505 12912 46112 63263 65177 79342 16320 66752 71354 62786 65693 10671 71504 71054 64511 64503 154389 57343 43679 72054 66112 71130 74455 68432 30593
15834 45191 17467 56599 34916 40051 25468 50988 40827 77353 49693 40334 58404 13824 82447 7644 73473 14288 16047 39225 9171 7929 25241 44587 69682 38357 47479 9590 36032 54251 11147 31733 64511 0 59127 17676 6895 15876 34333 49732 92836 22972 85452 13884 13832 8045 9076 77214 56242 9119 14034 56114 60746 25124 90843 81967 40036 55801 36658 20029 52060 10426 21462 57097 52427 77909 58517 20947 16745 55841 37468 58406 11772 59541 77004 25546 90740 61170 30922 50487 22045 36273 51277 28668 12203 16872 23827 67628 11739 13489 3877 2409 94624 18891 35747 13934 22892 11979 16076 20441 59023
67738 19902 71398 111028 32618 42816 53291 92505 67824 112415 52114 53590 31534 67614 116493 60149 105119 68718 69593 48052 61676 63045 56909 49311 24047 70040 101909 64439 31501 70544 65996 33869 30697 59127 0 71753 62011 70305 33201 48139 147265 68274 139881 68733 68681 62787 54495 30415 7571 61625 49710 7708 115176 56395 145272 117977 30312 67082 30876 54593 106490 62329 56113 68620 36467 132338 72076 55598 71174 97358 49698 64606 60211 71064 31370 53599 145169 35807 34680 48894 55896 78056 31210 54860 67052 54218 54776 37322 66168 63331 59127 58006 149053 48245 31787 67812 57069 66828 70153 64620 7571
16320 57816 12418 45150 49330 52577 37280 41013 41965 65904 61237 49770 69948 16697 70998 18228 63498 8132 13331 48662 16697 11605 34846 54024 82307 41414 36030 8445 50447 52992 7670 46148 76055 17676 71753 0 11957 8713 48747 59168 81386 13230 74002 5443 4945 9631 22796 89840 68868 16697 27538 68740 49297 34224 79394 70518 52662 61182 51072 31732 40611 16697 30656 62237 63971 66460 57978 31171 8713 45866 46904 69311 22599 64681 89630 36494 79290 72714 45336 59923 33748 26298 62821 37674 7725 28575 35638 79172 8181 20738 14531 18034 83175 33380 50161 6300 33482 6671 4787 12238 71649
13950 48074 11159 50621 38500 43057 27525 46285 43309 71375 52175 42280 60886 8627 76469 7663 68770 8730 9799 41171 7166 1775 27281 46533 72565 39452 41501 3977 39616 55583 5535 35317 66993 6895 62011 11957 0 10317 37917 51678 86857 18269 79474 8271 8219 2326 11730 80097 59125 7166 16917 58997 54768 27164 84865 75989 42920 57747 40241 22086 46082 7166 23502 59043 54909 71931 60569 23003 11186 51138 39413 60888 13369 61487 79888 28028 84762 63652 34506 52433 24102 31570 53758 30614 6591 18929 25884 70109 6180 13617 3750 7252 88646 22475 39330 8417 24949 6366 10357 15739 61907
11228 56368 6251 45327 46994 47486 33459 45401 46746 66081 60823 44679 69533 13108 71175 14639 67886 2719 7682 43570 13108 9109 29754 48932 80859 35672 36208 7767 48111 57773 7234 43812 75641 15876 70305 8713 10317 0 46411 54077 81564 18853 74180 4277 7138 8551 20225 88391 67419 13108 25211 67291 49475 29132 79571 70696 51214 55440 48736 27228 40789 13108 25564 56495 63557 66637 62760 26079 869 50254 41813 69536 18695 58939 88182 36676 79468 72300 43000 54832 29707 30658 62406 32582 6211 24985 31807 78757 6211 15646 12731 15546 83352 30969 47825 11082 28461 8349 9967 17418 70201
41006 19372 45760 85477 583 17990 20090 74533 54225 88204 48864 27708 40637 41870 92282 34512 97017 44824 43956 25100 36039 38209 23708 30462 43755 36839 76357 40821 1699 66070 42370 6676 45093 34333 33201 48747 37917 46411 0 32844 121713 50048 114329 45012 45063 39277 27529 48194 30316 35988 26431 30188 89624 23194 119721 93766 14926 49364 2325 24361 80938 36692 26025 50902 35881 106786 68050 25509 47281 79386 24798 62859 31968 53346 51078 35736 119617 45897 6904 33599 24206 60083 32731 21659 43341 25974 21575 50017 42274 35087 35243 32369 123502 16980 1414 45005 24968 43211 47147 46394 33097
44567 45009 49630 89753 33427 15597 25790 95327 81842 74077 77380 17310 60798 49213 78154 48396 117811 53701 47826 10506 48654 50318 26679 11765 58693 38134 80634 54204 33513 95139 54738 36151 62508 49732 48139 59168 51678 54077 32844 0 119724 67441 118606 54912 56366 52949 40692 57541 45253 48654 52157 45125 93901 25583 112901 79638 45549 25501 33513 30381 85215 46051 29187 27039 62928 111063 97524 29702 54126 100180 12264 91641 38792 29483 66016 65172 115071 65071 36378 1511 28552 80583 59516 23603 53982 34114 27081 67897 53597 40161 50667 47322 119142 36141 33513 58969 28552 55935 58969 63787 48035
83141 133328 78164 46578 122296 119399 105662 115806 119780 57711 137783 114276 146493 89072 55854 90171 138291 81188 79723 115483 88579 85457 101667 119442 157819 103725 54317 85084 123413 130807 83823 119113 152601 92836 147265 81386 86857 81564 121713 119724 0 89541 15509 81855 82146 85511 95634 165351 144379 88579 102171 144251 45452 101045 8004 58002 128174 100867 124038 99141 48590 88579 97477 102405 140517 14927 135794 97992 81613 120659 113726 144675 90645 104849 165142 113636 7039 149260 118302 120479 101909 101063 139366 104495 83823 96936 103970 155717 84278 87560 89691 92506 1788 105947 123127 84596 100374 84380 83083 90054 147161
25478 54338 21620 53304 50631 56025 43905 28284 34937 74059 57017 58043 65888 24071 79153 25091 50769 18220 22065 56935 24071 18893 43044 62297 78829 50067 44185 15733 51747 45964 14958 43955 71995 22972 68274 13230 18269 18853 50048 67441 89541 0 82157 15531 13959 16688 27512 86361 65389 24071 25177 65261 57452 42928 87548 78673 49184 69834 52373 38465 48766 24071 39265 70890 59736 74614 50951 39265 18316 33137 55177 62457 29825 73334 85837 31765 87445 68493 43521 68196 40481 13569 58760 46377 15099 35308 42263 75053 15683 29381 20641 23322 91330 34865 51462 9852 41328 13959 11604 3654 68171
75758 125944 70780 38746 114912 112015 98278 108422 112396 62804 130399 109208 139110 81688 60947 82787 130907 73804 72339 108099 81196 78073 94283 113462 150435 96765 46933 77701 116029 123423 76439 111730 145217 85452 139881 74002 79474 74180 114329 118606 15509 82157 0 74471 74762 78127 88251 157967 136996 81196 94788 136868 37570 93662 19630 63095 120790 105960 116654 91757 41206 81196 90093 107498 133133 9370 128410 90609 74229 113275 106342 137291 83262 109942 157758 106252 17827 141876 110918 119361 94526 93679 131982 97111 76439 89552 96586 148333 76895 80176 82307 85122 17297 98563 115743 77213 92990 76996 75700 82670 139777
12369 54797 8564 45618 45595 47664 32292 43314 42761 66372 58217 45514 66928 11709 71466 13240 65798 2690 7902 44405 11709 7710 30515 49768 79287 37986 36499 4294 46712 53788 3248 42413 73035 13884 68733 5443 8271 4277 45012 54912 81855 15531 74471 0 3202 5946 18826 86820 65848 11709 23812 65720 49766 30274 79862 70987 49642 57754 47337 26743 41080 11709 26705 58809 60951 66928 58775 26736 5146 48167 42648 66930 17610 61253 86610 34070 79759 69694 41601 55667 28760 28598 59801 33723 2738 23586 30650 76152 2738 16435 10739 14147 83643 29570 46426 7096 29222 4363 6599 13454 68629
14475 54744 11286 45909 45646 49020 33162 41757 40736 66663 58165 46969 66876 12580 71757 14111 64241 5891 10174 45860 12580 7761 31970 51222 79235 41022 36790 4242 46763 51763 3467 42464 72983 13832 68681 4945 8219 7138 45063 56366 82146 13959 74762 3202 0 5893 18951 86767 65795 12580 23854 65668 50057 31853 80153 71278 49590 60789 47388 27614 41371 12580 28191 61845 60899 67219 56749 28191 7896 46610 44102 66878 18481 64289 86558 34018 80050 69642 41652 57122 29630 27041 59748 35303 3608 24457 31521 76099 4192 17890 10687 14189 83934 29696 46477 5071 30477 2468 5042 11428 68577
14280 48851 11091 49274 39860 44329 28797 44704 42319 70028 52272 43552 60982 9698 75123 8934 67189 6964 9732 42443 8236 2846 28553 47805 73342 40522 40155 1651 40976 54491 3209 36677 67090 8045 62787 9631 2326 8551 39277 52949 85511 16688 78127 5946 5893 0 13203 80874 59902 8236 18068 59774 53422 28436 83518 74643 43697 59019 41602 23358 44736 8236 24774 60315 55005 70584 59478 24275 9420 49557 40685 60985 14439 62759 80665 28125 83415 63749 35866 53705 25374 29989 53855 31886 4265 20201 27155 70206 4414 14687 4900 8403 87300 23948 40691 6836 26221 4041 8031 14157 62684
15213 40559 19682 59398 28112 31935 16393 55796 43470 79926 50948 31295 58608 15760 84481 8326 78281 18638 17877 30186 9853 12023 16165 35548 65050 29390 50278 14748 29229 56895 16183 26258 63064 9076 54495 22796 11730 20225 27529 40692 95634 27512 88251 18826 18951 13203 0 72582 51610 9801 14713 51482 63545 16048 93642 84481 35405 46762 29854 10953 54859 10613 12386 48300 53312 80708 61161 11871 21094 60649 28428 59661 5991 50744 72373 26801 93539 62024 25447 41448 12969 41081 50703 19629 17229 7796 14751 67989 16088 9085 10218 6667 97423 11879 28943 19721 13816 17137 21195 23858 54392
85824 37989 89484 129115 47611 54541 68283 110592 87623 123731 71913 64258 51333 85701 127809 78236 124918 86804 87680 57454 79763 81131 71902 58713 24801 84173 119995 82525 46494 90343 84083 51955 48342 77214 30415 89840 80097 88391 48194 57541 165351 86361 157967 86820 86767 80874 72582 0 27530 79712 67796 27402 133262 71177 162121 129293 48399 75501 45869 71618 124576 80416 73237 77039 56265 150424 91875 72767 89261 115445 59212 84405 78298 79483 27377 71686 163255 55605 52766 58296 71889 96142 50756 69642 85139 72304 69768 54133 84254 81418 77214 76093 167116 64238 46780 85899 73062 84914 88239 82707 30312
64853 17017 68512 108143 29733 39931 50405 89620 64939 109530 49229 50704 28649 64729 113608 57264 102234 65832 66708 45167 58791 60160 54024 46425 21162 67155 99023 61553 28616 67659 63111 30983 27811 56242 7571 68868 59125 67419 30316 45253 144379 65389 136996 65848 65795 59902 51610 27530 0 58740 46824 7011 112290 53510 142387 115092 27427 64196 27991 51707 103604 59444 53228 65734 33581 129453 69191 52712 68289 94473 46813 61721 57326 68178 28484 50714 142284 32921 31795 46009 53010 75170 28324 51975 64167 51332 51890 34437 63283 60446 56242 55121 146168 45360 28902 64927 54184 63943 67268 61735 6874
13538 47689 12220 52343 36571 40033 24501 52087 46234 73097 53712 39256 62423 6468 78191 6598 74571 11521 10416 38147 5007 5390 24257 43510 72179 37280 43223 9491 37687 59658 10112 33388 68530 9119 61625 16697 7166 13108 35988 48654 88579 24071 81196 11709 12580 8236 9801 79712 58740 0 18053 58612 56490 24140 86587 77711 42534 54724 38313 19062 47804 5007 20478 56020 56446 73653 63925 19979 13840 56940 36390 62425 10728 58463 79502 29565 86484 65189 32577 49409 21078 37371 55295 27590 10112 15905 22860 71646 8971 11458 9931 7660 90368 20546 37401 14743 21925 11309 15183 21540 61521
24767 35773 26548 65935 27014 38886 27822 53159 39571 86689 44968 43514 53650 22521 91783 16577 75644 23624 24744 42406 18104 17952 28469 47768 60264 43928 56815 19612 28131 52996 21170 21473 58106 14034 49710 27538 16917 25211 26431 52157 102171 25177 94788 23812 23854 18068 14713 67796 46824 18053 0 46696 70082 28353 100179 91303 30619 60850 28756 23219 61396 19359 24690 62188 46876 87245 57262 24175 26081 58012 40648 54857 17904 64632 67587 22718 100076 56445 20661 52912 25235 38444 45592 31930 22132 21773 26523 62878 21075 20547 14034 13996 103960 18115 27845 23597 26120 22001 25938 21524 49606
64725 16889 68384 108015 29605 39803 50277 89492 64811 109402 49101 50576 28521 64601 113480 57136 102106 65704 66580 45039 58663 60032 53896 46297 21034 67027 98895 61425 28488 67531 62983 30855 27683 56114 7708 68740 58997 67291 30188 45125 144251 65261 136868 65720 65668 59774 51482 27402 7011 58612 46696 0 112162 53382 142259 114964 27299 64068 27863 51579 103476 59316 53100 65606 33453 129325 69063 52584 68161 94345 46685 61593 57198 68050 28356 50586 142156 32793 31667 45881 52883 75042 28196 51847 64039 51204 51762 34309 63155 60318 56114 54993 146040 45232 28774 64799 54056 63815 67140 61607 7011
51052 101239 46075 4148 90207 87310 73573 83717 87691 57817 105694 84503 114404 56983 60100 58082 106201 49099 47634 83394 56490 53368 69578 88756 125730 72060 22815 52995 91323 98718 51734 87024 120512 60746 115176 49297 54768 49475 89624 93901 45452 57452 37570 49766 50057 53422 63545 133262 112290 56490 70082 112162 0 68956 43476 61265 96085 91827 91949 67052 17250 56490 65388 92883 108427 30525 103705 65903 49524 88570 81637 112586 58556 95327 133053 81547 43373 117171 86213 94656 69820 68974 107277 72406 51734 64847 71881 123628 52189 55470 57602 60417 47240 73858 91038 52507 68285 52291 50994 57965 115072
19622 42567 24686 64809 23777 18793 5480 70766 59519 74795 63559 16185 63366 24699 78873 23871 93251 28757 22882 15076 24140 25805 2410 20438 66949 20064 55689 29691 24893 72943 30225 26450 67822 25124 56395 34224 27164 29132 23194 25583 101045 42928 93662 30274 31853 28436 16048 71177 53510 24140 28353 53382 68956 0 99053 80356 37195 36906 25519 5326 60270 21538 3663 38444 58610 86119 77209 4178 29182 75619 13319 75710 14279 40888 74272 42849 98950 68626 26678 26338 3802 56023 55460 4088 29468 9182 4713 72746 29084 15583 26143 22715 102834 13619 24608 34456 3802 31422 34450 39274 56291
81149 131336 76171 44602 120304 116917 103669 113813 117787 50888 135790 107452 144501 87079 49030 88178 136298 79195 77730 112947 86587 83464 99675 113113 155826 97373 52324 83092 121420 128814 81830 117121 150608 90843 145272 79394 84865 79571 119721 112901 8004 87548 19630 79862 80153 83518 93642 162121 142387 86587 100179 142259 43476 99053 0 51179 126181 94043 122045 97148 46597 86587 95484 95581 138524 14500 133801 96000 79620 118666 111189 142682 88653 98025 163149 111643 2475 147267 116309 113656 99917 99070 137373 102503 81830 94944 101978 153724 82286 85567 87698 90514 7422 103955 121134 82604 98381 82387 81091 88061 145168
72273 113138 67296 58904 94349 84724 81806 104938 108912 9476 126915 74190 130470 78204 6791 79303 127423 70320 68855 80211 77711 74589 81390 79851 128531 64111 42957 74216 95465 119939 72955 97022 132346 81967 117977 70518 75989 70696 93766 79638 58002 78673 63095 70987 71278 74643 84481 129293 115092 77711 91303 114964 61265 80356 51179 0 107767 60781 96090 83066 45802 77711 81402 62319 126296 56111 124926 81917 70745 109791 79235 133807 79777 64763 135854 102768 53349 132895 97249 80393 82781 90195 124216 79470 72955 83047 82950 137012 73410 76691 78823 81638 57420 90224 95179 73728 82781 73512 72215 79186 117873
48647 16376 52307 91937 14343 32042 34091 73415 53031 102205 46976 41709 37393 48523 106283 41059 95899 49627 50503 39101 42586 43954 37709 44281 40867 50840 82818 45348 13310 64842 46905 10745 41849 40036 30312 52662 42920 51214 14926 45549 128174 49184 120790 49642 49590 43697 35405 48399 27427 42534 30619 27299 96085 37195 126181 107767 0 63416 12685 35502 87399 43239 37022 64954 32638 113247 66822 36507 52083 78268 38799 61577 41121 67398 48189 34509 126078 42654 11556 46304 36502 58965 29488 35660 47961 35127 35576 46774 47077 44240 40036 38915 129962 28851 13512 48721 37675 47737 51062 45530 30208
48812 63951 49908 87680 49947 32185 38220 96099 90229 55219 94347 22423 79741 55050 59297 54465 118584 55064 51419 27672 54724 56388 38002 27692 77636 23632 78560 59988 51063 103654 60435 52671 81451 55801 67082 61182 57747 55440 49364 25501 100867 69834 105960 57754 60789 59019 46762 75501 64196 54724 60850 64068 91827 36906 94043 60781 63416 0 51689 39696 82326 52121 38032 2106 81871 98351 107920 38547 55489 100952 27468 106420 44862 4550 84959 73560 96214 84014 52899 26256 39411 81356 78459 35884 59296 41294 39499 86840 59296 44825 56737 53392 100284 47989 50778 63948 39411 61550 62435 69446 66978
43330 17048 48085 87801 1742 20315 22415 76858 56550 90529 49297 30033 38312 44195 94607 36837 99342 47149 46281 27425 38364 40534 26033 32295 41430 39164 78682 43146 625 68394 44694 8738 42768 36658 30876 51072 40241 48736 2325 33513 124038 52373 116654 47337 47388 41602 29854 45869 27991 38313 28756 27863 91949 25519 122045 96090 12685 51689 0 26686 83263 39017 28349 53227 33556 109111 70374 27834 49605 81711 27123 63898 34293 55671 48753 38061 121942 43572 9229 34268 26530 62408 30407 23984 45666 28299 23900 47692 44599 37412 37568 34694 125826 19305 911 47330 27293 45535 49472 48719 30772
17718 40656 22782 62904 24944 22467 6601 66749 54423 77504 58415 20983 58705 21075 81582 18776 89234 25873 20977 19875 19062 20726 5443 25237 65147 22773 53785 24613 26060 67848 25146 26355 63161 20029 54593 31732 22086 27228 24361 30381 99141 38465 91757 26743 27614 23358 10953 71618 51707 19062 23219 51579 67052 5326 97148 83066 35502 39696 26686 0 58366 16459 1664 41234 53950 84214 72114 1149 27277 71602 18117 70614 10655 43678 72470 37754 97045 63966 25544 31136 2848 52034 50800 9356 25146 4503 4948 68086 24006 12024 21048 17620 100929 8293 25774 29777 3094 26344 30217 34811 54489
42366 92553 37389 13103 81521 78624 64887 75031 79005 44588 97008 75817 105718 48297 46348 49396 97515 40413 38948 74708 47804 44682 60892 80070 117044 63374 8834 44309 82637 90032 43048 78338 111826 52060 106490 40611 46082 40789 80938 85215 48590 48766 41206 41080 41371 44736 54859 124576 103604 47804 61396 103476 17250 60270 46597 45802 87399 82326 83263 58366 0 47804 56702 83382 99741 33663 95019 57217 40838 79884 72951 103900 49870 85826 124367 72861 46494 108485 77527 85970 61134 60288 98591 63720 43048 56161 63195 114942 43503 46784 48916 51731 50378 65172 82352 43821 59599 43605 42308 49279 106386
11262 48393 12220 52343 37275 37865 22008 52087 47502 73097 55018 36653 63729 6468 78191 6598 74571 11521 10416 35545 5007 5390 21655 40907 72884 33676 43223 9491 38391 60926 10112 34092 69836 10426 62329 16697 7166 13108 36692 46051 88579 24071 81196 11709 12580 8236 10613 80416 59444 5007 19359 59316 56490 21538 86587 77711 43239 52121 39017 16459 47804 0 17875 53417 57752 73653 65192 17377 13840 56940 33787 63731 7326 55861 80207 30871 86484 66495 33281 46806 18476 37371 56602 24988 10112 13302 20366 72953 8971 7574 10029 8966 90368 20926 38106 14743 19322 11309 15183 21540 62226
16054 42176 21118 61240 26608 22456 8265 67151 55856 75840 59897 19789 60225 21037 79918 20209 89635 25188 19313 18680 20478 22142 4284 24042 66667 21110 52121 26029 27724 69280 26562 27876 64681 21462 56113 30656 23502 25564 26025 29187 97477 39265 90093 26705 28191 24774 12386 73237 53228 20478 24690 53100 65388 3663 95484 81402 37022 38032 28349 1664 56702 17875 0 39570 55470 82550 73547 515 25614 72004 16922 72047 10616 42014 73990 39187 95381 65486 27064 29942 4512 52407 52320 7692 25806 5520 6573 69606 25421 11986 22480 19052 99266 9957 27438 30793 2991 27760 30793 35611 56009
49867 65489 50964 88735 51485 33723 39758 97155 91567 56757 95885 23961 81279 56106 60835 55761 119639 56119 52474 29210 56020 57684 39540 29230 79174 24688 79616 61284 52601 104991 61491 54209 82989 57097 68620 62237 59043 56495 50902 27039 102405 70890 107498 58809 61845 60315 48300 77039 65734 56020 62188 65606 92883 38444 95581 62319 64954 2106 53227 41234 83382 53417 39570 0 83409 99889 109257 40085 56545 102008 29006 107758 46200 2444 86497 74898 97752 85552 54437 27794 40949 82411 79997 37422 60351 42832 41037 88378 60351 46121 58033 54688 101822 49527 52316 65004 40949 62606 63491 70501 68516
63161 25437 64942 104280 35298 53871 55971 81059 34360 121740 17267 63589 9843 60914 126296 54970 72430 61969 63137 60793 56497 56345 58297 64100 38763 72720 95160 56657 34182 38484 58214 36194 16014 52427 36467 63971 54909 63557 35881 62928 140517 59736 133133 60951 60899 55005 53312 56265 33581 56446 46876 33453 108427 58610 138524 126296 32638 81871 33556 53950 99741 57752 55470 83409 0 125590 40460 54955 64426 85912 60679 33500 56873 85853 43856 31873 138421 14843 36900 63684 55966 66609 7186 57540 59270 53575 56482 19067 59420 58980 52427 52429 142305 48132 34467 59795 56900 59046 62371 56174 36363
