NAME : HCMC-100-1
COMMENT : OSM drive network, customers at real shops (shop=* POIs), depot (10.7769, 106.7009), seed 1
TYPE : VRPSPD
DIMENSION : 101
CAPACITY : 150
EDGE_WEIGHT_TYPE : EXPLICIT
EDGE_WEIGHT_FORMAT : FULL_MATRIX
EDGE_WEIGHT_SECTION
0 42107 9597 64500 26419 42985 33039 38022 34709 45985 31071 18614 14989 22412 5551 44751 62983 55860 39409 45817 20639 46711 6779 24422 55899 48860 20228 45159 35928 48473 20175 57639 50666 39707 14268 47224 38173 23196 64258 57962 14509 68019 30891 57052 81465 76853 49752 55036 36544 36731 20227 28024 24799 24727 6661 48545 36744 13210 71004 54412 52025 42690 9597 35792 24317 80221 64718 45098 71402 45158 54691 51783 75724 15803 39479 15545 58298 14526 54795 80413 35743 34228 81066 44751 25936 7847 9597 6779 19078 53528 71384 49081 65394 14679 32934 91808 54178 45456 43238 25877 71034
42107 0 48400 26319 42971 77858 65134 48891 72172 83293 64143 52383 52914 52821 44701 57656 99095 93777 77746 83143 58856 42760 46182 62777 90658 83271 53536 82139 74674 85074 51466 91984 76754 78819 51864 76163 76510 48086 101847 56146 53912 51268 69638 91811 68649 60102 87819 89065 74007 65670 58468 58787 50526 59651 39013 85147 76147 35885 101412 89171 82433 77563 48400 64731 57514 67378 75569 43228 101810 76402 89035 89700 41452 54851 73824 52759 95905 53929 83893 63662 66619 71208 81525 60057 17700 44312 48400 46182 58481 86774 95424 86061 48952 53309 63810 53628 91765 43641 44938 49474 105793
9597 48400 0 70792 32036 34865 25039 43390 27390 38193 22951 11706 11378 23400 9290 48674 54862 48542 32090 38498 12518 52329 9290 20191 51668 40739 13321 37039 28610 40353 20031 49518 49887 34077 11107 44433 30854 28792 56747 63579 10278 73829 23573 52821 82079 82663 43501 46915 29225 34597 12181 25679 29768 20496 12683 40425 31438 19020 72646 50181 53667 34570 3260 35182 21183 80834 67560 50715 73044 39119 46570 44465 82107 10024 31359 12603 50980 10295 47902 86223 32864 26107 85090 47752 32229 11770 3260 7469 14847 45407 68688 40961 70035 6558 30055 98101 49593 51074 48845 30506 66803
64500 26319 70792 0 55750 90637 77912 62838 92198 102583 76921 70073 72873 75213 67093 67299 113220 113067 99001 103191 79336 52403 68574 81459 111218 96049 69260 101429 96015 102398 73858 104762 86782 100133 71723 88032 97765 60864 120188 65789 75816 61377 91871 112371 56269 70210 108720 101829 94034 78449 80861 71565 63305 80109 60572 102470 97308 53576 123805 109731 104826 90342 70792 77509 78619 54998 85212 52871 124203 89180 101813 108990 24573 77159 86602 70135 115505 75779 94945 73770 79397 88585 91168 69700 40092 66704 70792 68574 78838 99089 105067 103439 32072 75701 76588 29879 111342 53284 54581 62252 126353
26419 42971 32036 55750 0 41258 28461 17114 48916 54987 27470 27220 39378 43683 30335 26675 63841 64302 54086 56141 36088 26387 31203 48811 80289 46670 22564 53833 51772 53028 42328 54805 37714 56072 38693 36639 52850 9476 70809 36128 38898 55071 50014 81441 90459 63905 62426 52085 50751 26146 39059 19043 11660 49116 21081 53100 54600 14100 92274 78801 73296 40963 32036 25207 48157 89214 46460 24453 92672 37183 51857 60402 70883 39559 37151 39969 66740 38915 44852 67465 28573 41637 60925 26927 25272 32631 32036 31203 43467 49010 58432 54069 74387 35860 25764 83058 76333 24754 20425 9950 95423
42985 77858 34865 90637 41258 0 22546 48926 20325 18151 20395 26919 38766 53493 41884 52826 23704 27312 20619 19305 22798 61571 41884 38359 68787 8864 27984 16997 19450 15916 50124 28425 43291 22606 39055 41044 19383 37908 31521 69635 33720 89958 24499 70183 111334 98792 26005 32554 18490 34063 24215 31100 35818 45916 42308 15989 22278 42923 93173 67542 84273 1869 36359 35969 48572 110090 68881 59958 93571 34712 20951 23566 105770 31679 21281 40745 29077 32598 35142 102352 33417 9315 87895 50557 60159 44171 34218 39870 31661 31046 55614 17232 99569 29915 30608 117945 50818 60316 55769 35927 83800
33039 65134 25039 77912 28461 22546 0 30712 32278 37924 2151 15683 30289 45016 32081 32186 45129 47239 37023 39078 19450 48595 32081 35267 68612 23923 15782 36770 34709 35965 41648 29485 29484 39009 30579 22860 35787 24333 52946 48996 27222 77233 33376 69765 102858 86067 45363 26882 33718 13088 22421 17323 22041 37440 31018 36037 37537 30486 92755 67125 75797 22182 26534 14994 40096 101613 49725 46220 93153 17150 26890 43339 93045 25728 11942 32268 49677 27239 26787 89627 14935 24574 67255 29917 47434 34368 23862 30066 29830 25374 48365 37006 90923 22855 9680 105221 59695 46521 38804 22150 83747
38022 48891 43390 62838 17114 48926 30712 0 58658 64304 29783 38145 50753 55576 41938 11308 71509 73619 63403 65459 45831 22726 42578 59397 91663 49383 33380 63150 61089 62345 54222 47981 29173 65389 50068 28859 62167 16731 79326 25309 50273 57081 59757 92816 100089 65841 71743 43544 60098 18366 48802 26091 16325 60491 32811 62417 63917 27228 104168 90176 85189 48562 43390 17427 59821 98844 32571 20336 104566 29432 49916 69719 77971 50662 37184 51344 76057 50290 36312 69401 21543 50954 49407 13709 31191 44234 43390 42578 54842 40470 48751 63386 83754 46784 24187 90147 86075 20637 10407 15141 106798
34709 72172 27390 92198 48916 20325 32278 58658 0 13320 30128 24514 27241 42240 32716 62558 34181 24888 8422 13463 15290 69229 32716 24631 51854 27025 26857 12166 5027 18604 38872 46586 60191 10409 28014 53567 7186 45566 32958 79368 22463 92225 7498 53250 100259 101059 18624 50715 1835 43796 15210 40833 45551 31740 36256 18676 7855 38623 76240 50609 72472 20030 28821 45701 34891 99014 80097 67616 76638 47857 39112 20360 103045 22040 38433 29704 26225 20540 53303 104619 43150 13966 97628 60290 55129 34859 27084 30557 18750 49207 73774 17479 88494 22136 40341 119507 33885 67974 65416 45660 66867
45985 83293 38193 102583 54987 18151 37924 64304 13320 0 35774 34898 39480 54480 44742 68204 23445 13454 9842 1233 25675 75301 44742 36870 62604 25523 37241 1262 11020 7868 51111 41043 55910 10046 40253 55994 8775 51637 21852 85014 34703 102610 19737 64000 112498 111443 7932 45172 11485 49441 27092 46478 51197 42782 46641 7940 13010 49007 86088 61359 84134 18528 39688 51347 45713 111253 81499 73687 83938 49661 33570 8497 114539 34024 36412 41943 14362 32779 47761 115003 48796 17838 102931 65936 66251 47029 37740 42727 30990 43665 68232 6575 100733 32792 45986 129891 44635 74046 71147 51306 69866
31071 64143 22951 76921 27470 20395 2151 29783 30128 35774 0 14112 28201 42928 29992 32766 42978 45088 34872 36928 17300 47625 29992 33179 66524 21773 14791 34619 32558 33814 39559 27951 30064 36859 28490 23439 33636 23342 50795 49575 25133 76242 31226 67677 100770 85076 43212 25348 31567 13668 20271 16332 21050 35352 29515 33887 35386 29494 90667 65036 73709 20031 24445 15574 38007 99525 50305 45250 91065 17730 25002 41188 92054 23577 9791 30180 47526 25151 27119 88636 14006 22423 67835 30497 46443 32280 21841 27978 27680 23840 48365 34855 89005 20767 10238 104230 57544 45551 39384 21159 81658
18614 52383 11706 70073 27220 26919 15683 38145 24514 34898 14112 0 18993 32408 18970 43429 49273 45382 31316 35506 11686 47512 18970 25360 57316 32331 4936 33744 28678 35253 29039 41110 42265 33303 19084 35641 30081 23976 53452 58714 15926 70126 25612 58469 90249 78959 41035 38507 26349 25869 14657 20434 24523 26144 16393 35325 31506 16497 81382 55829 63189 26624 12277 27775 28390 89005 61509 45899 81780 29931 38162 41305 85206 15458 22950 20773 47820 15943 39568 82519 24479 20969 79040 41702 34683 21450 10230 17149 20495 36999 61965 36294 77534 11559 21670 97382 51930 46257 43934 25261 72451
14989 52914 11378 72873 39378 38766 30289 50753 27241 39480 28201 18993 0 15654 12150 56991 58312 50544 31940 38348 16709 59670 11798 10661 44062 44973 20917 39406 28460 43802 12286 54769 58112 32128 1217 51488 30704 36155 58942 70921 6947 81171 23423 45214 73496 90004 41719 52165 29076 41717 14903 34727 37131 13112 19812 43875 29165 26361 65414 42574 46435 38471 11533 43622 14106 72252 75877 58057 65812 45778 51820 45245 77929 8726 36609 2901 51111 6909 54562 93564 40461 29557 93407 56069 36743 10686 14121 9442 9478 50658 75808 43928 61731 11809 37652 101195 44006 58415 56197 38210 59196
22412 52821 23400 75213 43683 53493 45016 55576 42240 54480 42928 32408 15654 0 19957 63394 73039 65496 46139 53348 31436 63955 18981 25315 44417 59700 34022 54406 43460 58529 4681 69496 69797 45475 14438 64772 45704 41238 73894 75205 22158 82818 37239 45570 82420 91651 55521 66892 44075 54608 29678 45588 43441 14230 25030 58602 42512 31125 54280 42930 35301 53198 23555 55091 12829 81175 83360 62341 54678 59820 66547 60049 85433 23501 51336 16077 65915 22120 68603 95211 53143 44284 99709 63394 36650 17692 25139 20137 24003 65385 89389 58880 70655 26536 50334 102522 51369 62700 60502 44520 59552
5551 44701 9290 67093 30335 41884 32081 41938 32716 44742 29992 18970 12150 19957 0 48667 61882 54617 37416 43824 19538 50627 3610 22319 53040 47781 20584 44058 33935 47372 16759 56560 52509 37604 11100 49067 36180 27112 63015 61878 12406 71935 28899 54193 79722 80769 47649 53957 34551 38574 18543 29867 28715 21882 10577 47444 34641 17126 68654 51553 49675 41589 9290 37635 21149 78478 67702 49014 69052 46382 53612 50540 77961 13700 38400 12376 56587 12423 55165 84329 37585 33127 84982 47895 28530 4079 10046 3610 16975 52449 73227 47980 64349 13600 34776 94402 52075 49372 47154 29793 68175
44751 57656 48674 67299 26675 52826 32186 11308 62558 68204 32766 43429 56991 63394 48667 0 75409 77519 67303 69358 49730 25406 48817 64566 97455 52065 38538 67050 64989 66245 62039 45310 25474 69289 56306 26872 66067 25649 83226 23004 56065 55140 63656 98608 109856 63899 75643 40855 63998 19098 52701 28942 21201 66283 40141 66317 67817 36388 111985 95968 93007 52531 48674 18158 66355 108612 25632 23016 112383 29826 47814 73619 82432 55552 39648 57583 79957 56082 33786 67459 26158 54854 42468 2401 40985 50963 48674 48817 60111 37781 43759 67286 91302 52069 26902 94608 89975 23317 12812 20340 112590
62983 99095 54862 113220 63841 23704 45129 71509 34181 23445 42978 49273 58312 73039 61882 75409 0 13783 32149 24092 42344 84154 61882 57906 85100 31069 50421 22291 33242 17698 69671 37128 55966 32542 58602 58439 30997 60491 8138 92218 53266 112541 41679 86495 130881 121375 28386 42260 32346 56646 43762 53683 58401 64911 63143 17770 35506 65360 105899 83855 103820 24452 56357 58552 68062 129636 81103 82541 103749 52349 33626 18644 128353 51226 38783 60291 12404 52145 47817 124935 56000 29801 107974 73140 82052 64169 54410 59868 51208 43721 58274 19307 119116 49462 53191 140528 67130 82900 78352 58510 89677
55860 93777 48542 113067 64302 27312 47239 73619 24888 13454 45088 45382 50544 65496 54617 77519 13783 0 21285 12941 36159 84615 54617 47857 73566 34838 47725 13316 22462 13695 62128 41990 60491 21008 51270 62727 20218 60952 10855 94329 45821 113002 31180 74961 123515 121836 16852 47123 23053 58756 37223 55793 60511 53744 57125 13767 23972 59491 94946 72321 95095 27843 49972 60662 56674 122270 85910 83002 92797 56636 38150 7111 126164 44687 42954 52960 2438 43898 52341 125396 58110 27544 110962 75250 76735 56904 48090 52603 42432 48246 63726 10439 111750 43141 55301 140376 55597 83360 80462 60620 78724
39409 77746 32090 99001 54086 20619 37023 63403 8422 9842 34872 31316 31940 46139 37416 67303 32149 21285 0 8711 22093 74399 37416 28475 53316 27319 33659 10240 3481 16686 42771 46880 61747 1987 32714 57075 1236 50736 29891 84112 27163 99028 12145 54711 104063 107862 11885 51009 6587 48540 19910 45577 50295 33494 42787 16758 3668 45426 77701 52071 75158 20324 33520 50446 36424 102819 84842 72786 78099 50743 39406 15608 107929 26740 39736 33612 21474 25240 53597 111422 47894 15811 102372 65034 60704 39559 32741 35257 23450 49501 74069 15553 92299 27244 45085 126310 35346 73144 70246 50404 68328
45817 83143 38498 103191 56141 19305 39078 65459 13463 1233 36928 35506 38348 53348 43824 69358 24092 12941 8711 0 26283 76455 43824 35739 61473 26677 37849 2416 9889 9022 49980 42197 57064 8915 39122 57148 7644 52791 21547 86168 33571 103218 18606 62868 111367 112052 6801 46327 11628 50596 26318 47633 52351 41651 47249 9094 11879 49616 84956 60228 83002 19682 39928 52501 44582 110122 82653 74841 82807 50815 34724 7264 114016 33148 37566 40811 13129 31648 48915 115612 49950 18992 104085 67090 66100 45967 38214 41665 29858 44819 69218 7420 99602 33266 47141 130500 43504 75200 72302 52460 68734
20639 58856 12518 79336 36088 22798 19450 45831 15290 25675 17300 11686 16709 31436 19538 49730 42344 36159 22093 26283 0 56401 19538 17078 55032 29005 14029 24521 19108 27834 28067 43868 47364 24080 16998 40739 20857 32738 44229 66540 12301 79397 14363 56185 89277 88231 31811 41264 17126 30968 2971 28005 32723 23859 22203 27907 21936 25760 79175 53544 62217 22503 14013 32873 26515 88033 67269 54788 79573 35029 40645 32082 91242 10208 25708 18688 38597 11180 43660 91791 30322 13589 84800 47462 41813 21825 12066 17523 10380 39757 64907 28442 77513 7117 27513 106644 40682 55147 52588 32832 70166
46711 42760 52329 52403 26387 61571 48595 22726 69229 75301 47625 47512 59670 63955 50627 25406 84154 84615 74399 76455 56401 0 51496 69104 100581 66984 42877 74146 72085 73341 62600 64725 44889 76386 58986 46287 73163 29632 91122 14594 59191 35871 70327 101734 100820 44631 82739 60270 71065 38309 59372 39199 31331 69409 41374 73414 74913 34240 112546 99094 93567 61277 52329 37370 68428 99549 39391 7553 112944 49159 67229 80715 67536 59852 57306 60262 87053 59208 53201 48191 44269 61950 38765 27807 36648 52923 52329 51496 63760 57196 63174 74382 76406 56152 45795 79712 96646 2089 12688 29620 115716
6779 46182 9290 68574 31203 41884 32081 42578 32716 44742 29992 18970 11798 18981 3610 48817 61882 54617 37416 43824 19538 51496 0 21883 52563 47781 20584 44058 33935 47372 15783 56560 52509 37604 10581 49067 36180 27981 63015 62746 12406 72996 28899 53716 79722 81830 47649 53957 34551 38574 18543 29867 28957 21882 11638 47444 34641 18187 67678 51076 48699 41589 9290 37635 20471 78478 67702 49883 68076 46382 53612 50540 78921 13700 38400 11857 56587 12423 55165 85390 37585 33127 85233 47895 30011 4053 10046 3610 16975 52449 73227 47980 64349 13600 34776 95883 52075 50241 48023 30035 67698
24422 62777 20191 81459 48811 38359 35267 59397 24631 36870 33179 25360 10661 25315 22319 64566 57906 47857 28475 35739 17078 69104 21883 0 51688 44566 27816 36796 25850 42567 21947 59746 63090 27928 11877 56466 28095 45589 56463 80328 12066 90604 19692 52841 82016 99438 37516 57143 26466 46694 14442 41571 46289 20516 29246 42639 24965 35795 75075 50201 56096 38064 20346 48600 22190 80771 82996 67491 75473 50756 55886 42180 86448 12401 41587 11671 48045 9896 59539 102998 45531 29150 100527 63188 46606 21198 21797 18792 7813 55636 80786 42109 70251 18280 42722 109714 41329 67849 65631 46399 66823
55899 90658 51668 111218 80289 68787 68612 91663 51854 62604 66524 57316 44062 44417 53040 97455 85100 73566 53316 61473 55032 100581 52563 51688 0 75488 59312 63556 52517 70002 41577 93092 96435 52652 44062 89811 54552 77066 82172 111832 45270 120655 44416 13221 112805 129489 61629 90488 53689 80040 53226 74461 78042 32741 60723 70074 49689 67272 34353 10581 52192 68493 51823 81945 38860 111560 115885 98968 32213 84101 87574 67889 117237 47049 74932 45751 73150 45232 92884 133049 78855 59579 133416 96078 74487 51399 53275 50228 46720 88981 114131 68670 101040 50132 76046 139951 25101 99326 97108 79121 18161
48860 83271 40739 96049 46670 8864 23923 49383 27025 25523 21773 32331 44973 59700 47781 52065 31069 34838 27319 26677 29005 66984 47781 44566 75488 0 33396 24369 26151 23564 56332 19560 34427 29306 45262 32431 26083 43320 38886 68997 39927 95370 31200 76883 117542 104204 32962 23690 25190 34102 30423 36512 41230 52124 47720 23636 28979 48335 99873 74243 90481 6995 42234 34543 54779 116297 60016 65370 100271 26099 12087 30938 111182 37887 12416 46952 36462 38806 26278 107764 34811 16016 84146 49664 65571 50068 39630 45767 37869 22182 46749 24604 105777 36123 30694 123358 57518 65729 58805 41339 90500
20228 53536 13321 69260 22564 27984 15782 33380 26857 37241 14791 4936 20917 34022 20584 38538 50421 47725 33659 37849 14029 42877 20584 27816 59312 33396 0 36087 31021 37340 30653 42175 38321 35646 20698 31761 32424 19213 55795 54077 17921 68581 27955 60465 91863 77415 43378 39571 28692 21925 16933 15543 19759 28139 17934 37412 33849 17651 82996 57824 64803 27689 13891 23831 30004 90619 57222 41264 83394 28321 39226 43648 84393 17453 24015 22387 50163 17938 37959 80975 20107 22034 74753 37414 35836 23064 11844 18763 22490 38064 58020 38380 79075 13576 17298 96569 54273 41622 39170 20370 74446
45159 82139 37039 101429 53833 16997 36770 63150 12166 1262 34619 33744 39406 54406 44058 67050 22291 13316 10240 2416 24521 74146 44058 36796 63556 24369 36087 0 11221 6714 51037 39889 54756 11229 40179 54840 9004 50483 20900 83860 34629 101455 19664 64951 112424 110289 9115 44018 10331 48287 25938 45324 50042 43656 45486 6786 13908 47853 87270 62311 84531 17374 38533 50193 46665 111180 80345 72533 85121 48507 32415 9406 113973 33402 35258 41869 15378 32706 46607 113849 47641 16684 101777 64781 65097 46345 36586 42044 30916 42511 67078 5420 100660 31638 44832 128737 45587 72892 69993 50151 71048
35928 74674 28610 96015 51772 19450 34709 61089 5027 11020 32558 28678 28460 43460 33935 64989 33242 22462 3481 9889 19108 72085 33935 25850 52517 26151 31021 11221 0 17667 40091 45711 60578 5467 29233 55174 2245 48422 31068 81798 23683 96390 8717 53912 101478 105224 14891 49840 3192 46226 16429 43263 47981 32695 39552 17739 2828 42788 76902 51272 73573 19156 30040 48132 35625 100233 82528 70472 77300 48841 38237 16785 105574 23259 37976 30923 22651 21759 52429 108784 45580 13458 100058 62720 57659 36078 29260 31776 19970 48333 72900 16534 89713 23763 42771 123324 34547 70830 67932 48090 67529
48473 85074 40353 102398 53028 15916 35965 62345 18604 7868 33814 35253 43802 58529 47372 66245 17698 13695 16686 9022 27834 73341 47372 42567 70002 23564 37340 6714 17667 0 55161 38809 53675 17835 44092 54034 15450 49678 21278 83055 38757 101728 26102 71397 116371 110561 15225 42938 16768 47482 29252 44519 49237 50102 48800 1006 20354 51167 93380 68757 89080 16569 41847 49388 53085 115126 79264 71728 91231 47702 31335 9794 115495 36716 34177 45781 16133 37249 45526 114121 46836 16270 100972 63976 68032 49659 39900 45358 35869 41430 63098 3439 104606 34952 44027 129707 52033 72086 69188 49346 77158
20175 51466 20031 73858 42328 50124 41648 54222 38872 51111 39559 29039 12286 4681 16759 62039 69671 62128 42771 49980 28067 62600 15783 21947 41577 56332 30653 51037 40091 55161 0 66127 66598 42107 11069 61574 42336 39884 70525 73850 18789 81463 33871 42730 79051 90297 52152 63524 40707 51410 26309 42390 42086 10861 23675 55233 39144 29771 54451 40090 35472 49829 20186 51893 9460 77807 82005 60986 54849 56452 63179 56681 83484 20132 47967 12709 62546 18752 65235 93857 49945 40915 98354 62039 35295 14494 21941 16938 20635 62016 86021 55512 67286 23167 47136 101167 48000 61345 59147 43165 56712
57639 91984 49518 104762 54805 28425 29485 47981 46586 41043 27951 41110 54769 69496 56560 45310 37128 41990 46880 42197 43868 64725 56560 59746 93092 19560 42175 39889 45711 38809 66127 0 19836 48866 55058 22430 45644 50678 44945 62323 51701 93937 50760 94245 127337 102696 48897 5133 44750 32461 46839 41098 47108 61919 56499 38881 48539 57114 117235 91604 100277 26556 51013 30555 64575 126093 45425 62335 117633 20743 7474 42825 119895 50145 18160 56748 43244 51718 11686 106256 37939 35576 74181 42909 74284 58847 48409 54546 54248 7529 28751 40125 115573 47335 32461 132071 77079 62636 52131 46247 108226
50666 76754 49887 86782 37714 43291 29484 29173 60191 55910 30064 42265 58112 69797 52509 25474 55966 60491 61747 57064 47364 44889 52509 63090 96435 34427 38321 54756 60578 53675 66598 19836 0 63733 58284 9726 60511 33635 63783 42487 55045 74101 61289 97588 122949 82860 63763 15381 59617 18903 50335 29041 29187 65263 47769 53747 63406 44830 118403 94948 99515 41422 49887 17954 67676 121704 26283 42499 118801 15751 22340 60672 101915 53641 25520 59561 61744 55062 9219 86420 28498 50443 54817 23073 59433 55612 49516 52509 57744 12307 21368 54991 106877 50678 24200 114091 87608 42800 32296 28326 111570
39707 78819 34077 100133 56072 22606 39009 65389 10409 10046 36859 33303 32128 45475 37604 69289 32542 21008 1987 8915 24080 76386 37604 27928 52652 29306 35646 11229 5467 17835 42107 48866 63733 0 32901 59062 3223 52722 29614 86099 27351 101015 11583 54047 103399 109849 10139 52996 8574 50527 21896 47564 52282 32830 44338 17907 3058 47412 77037 51406 74494 22311 34622 52432 35760 102154 86828 74772 77435 52729 41393 15331 107832 27685 41722 33054 21196 25427 55584 113409 49881 17798 104359 67021 61776 39746 34728 35445 23057 51488 76055 16234 91634 29230 47072 127441 34682 75131 72232 52391 67664
14268 51864 11107 71723 38693 39055 30579 50068 28014 40253 28490 19084 1217 14438 11100 56306 58602 51270 32714 39122 16998 58986 10581 11877 44062 45262 20698 40179 29233 44092 11069 55058 58284 32901 0 51777 31478 35471 59667 70236 7720 80486 24196 45214 72279 89320 42753 52455 29849 41974 15240 34076 36447 13450 19127 44164 29938 25677 64197 42574 45219 38760 11262 43579 12889 71035 75192 57372 64595 46068 52109 46018 76712 9063 36898 1690 51884 7683 54851 92880 40241 29846 92723 55385 35693 9469 13627 8624 10565 50947 76065 44654 60515 12098 37432 99978 44060 57731 55512 37525 59196
47224 76163 44433 88032 36639 41044 22860 28859 53567 55994 23439 35641 51488 64772 49067 26872 58439 62727 57075 57148 40739 46287 49067 56466 89811 32431 31761 54840 55174 54034 61574 22430 9726 59062 51777 0 55839 32560 66256 43886 48421 76021 54665 90964 121856 84781 63432 17976 54213 13338 43710 24063 28112 58639 44327 54107 58002 43533 113315 88324 94490 39427 44863 11432 61116 120612 35970 43898 113713 7650 24814 61408 103165 47017 20015 53467 63980 48438 10744 88341 22035 45039 57463 24471 58463 52160 42956 47858 51119 14902 29426 55075 105784 44054 17640 115340 80984 44199 33694 27252 104946
38173 76510 30854 97765 52850 19383 35787 62167 7186 8775 33636 30081 30704 45704 36180 66067 30997 20218 1236 7644 20857 73163 36180 28095 54552 26083 32424 9004 2245 15450 42336 45644 60511 3223 31478 55839 0 49500 28824 82876 25927 97792 10962 55947 103723 106626 12646 49773 5351 47304 18674 44341 49059 34730 41551 15522 4904 44190 78937 53307 75713 19088 32285 49210 37660 102478 83606 71550 79335 49507 38170 14541 107383 25504 38500 33168 20407 24004 52361 110186 46658 14575 101136 63798 59468 38323 31505 34021 22214 48266 72833 14317 91958 26008 43849 125074 36582 71908 69010 49168 69564
23196 48086 28792 60864 9476 37908 24333 16731 45566 51637 23342 23976 36155 41238 27112 25649 60491 60952 50736 52791 32738 29632 27981 45589 77066 43320 19213 50483 48422 49678 39884 50678 33635 52722 35471 32560 49500 0 67459 37992 35676 60185 46664 78219 93139 69019 59076 48006 47401 22067 35709 14761 5696 45894 17986 49750 51250 14688 89830 75579 70851 37613 28792 21128 45520 91894 45323 27256 90228 32900 47729 57052 75997 36316 33023 36747 63390 35693 40774 72579 24290 38287 62159 25649 30386 29408 28792 27981 40245 44931 54353 50718 77067 32616 21481 88173 72983 27557 22243 6775 92201
64258 101847 56747 120188 70809 31521 52946 79326 32958 21852 50795 53452 58942 73894 63015 83226 8138 10855 29891 21547 44229 91122 63015 56463 82172 38886 55795 20900 31068 21278 70525 44945 63783 29614 59667 66256 28824 67459 0 100035 54219 119509 39684 83567 131912 128342 24740 50078 31123 64463 45620 61500 66218 62350 65195 21351 32578 67561 102971 80927 103701 32269 58242 66369 65280 130668 88920 89509 100821 60166 41443 15716 133796 53084 46600 61357 9476 52295 55634 131902 63817 35128 115791 80957 84805 65302 56294 61000 50915 51538 66091 18023 120147 51346 61008 147496 64202 89867 86169 66327 86749
57962 56146 63579 65789 36128 69635 48996 25309 79368 85014 49575 58714 70921 75205 61878 23004 92218 94329 84112 86168 66540 14594 62746 80328 111832 68997 54077 83860 81798 83055 73850 62323 42487 86099 70236 43886 82876 37992 100035 0 70441 36169 80466 112984 114085 44929 92453 57869 80807 35907 69511 45752 37940 80659 52624 83127 84627 45622 123796 110344 104818 69340 63579 34968 79679 112814 28961 18756 124194 46757 64828 90428 80922 71102 56580 71512 96767 70458 50799 48489 42968 71664 29292 25405 48576 64174 63579 62746 75010 54794 60772 84095 89792 67354 43711 93098 106785 12505 18602 36347 126966
14509 53912 10278 75816 38898 33720 27222 50273 22463 34703 25133 15926 6947 22158 12406 56065 53266 45821 27163 33571 12301 59191 12406 12066 45270 39927 17921 34629 23683 38757 18789 51701 55045 27351 7720 48421 25927 35676 54219 70441 0 80691 18646 46423 80000 89525 37396 49098 24299 38649 9803 33070 36652 14097 19333 38829 24388 25882 69413 43782 52653 33425 10433 40555 16753 78755 74495 57577 69811 42711 48753 40468 84432 3626 33542 9410 46334 2170 51494 93085 37465 24511 92025 54687 37741 14549 11884 10247 6722 47590 72741 39205 68235 8741 34656 103613 41822 57936 55717 37730 60404
68019 51268 73829 61377 55071 89958 77233 57081 92225 102610 76242 70126 81171 82818 71935 55140 112541 113002 99028 103218 79397 35871 72996 90604 120655 95370 68581 101455 96390 101728 81463 93937 74101 101015 80486 76021 97792 60185 119509 36169 80691 0 93323 121808 109794 11128 108746 89482 94061 68043 82277 70886 62626 89648 62682 101800 99218 54809 131409 119168 112430 89663 73829 67103 87511 108523 54511 41955 131807 78893 96441 108995 76510 81352 85923 81762 115439 80708 82413 14688 75103 87906 51883 56394 46318 74231 73829 72996 85260 86408 90230 102768 85380 78591 75725 88685 119459 36444 47044 61573 135790
30891 69638 23573 91871 50014 24499 33376 59757 7498 19737 31226 25612 23423 37239 28899 63656 41679 31180 12145 18606 14363 70327 28899 19692 44416 31200 27955 19664 8717 26102 33871 50760 61289 11583 24196 54665 10962 46664 39684 80466 18646 93323 0 45811 95163 102157 21629 54889 9333 44894 11392 41931 46649 24594 34515 26174 8621 39422 68801 43171 67319 24205 25003 46799 27524 93919 81195 68714 69199 48955 43286 25503 99596 18222 39634 24818 31368 16723 57447 105717 44248 15291 98726 61388 53467 31041 24224 26740 14821 53382 77949 24977 83398 18727 41439 119339 26446 69072 66514 46758 59428
57052 91811 52821 112371 81441 70183 69765 92816 53250 64000 67677 58469 45214 45570 54193 98608 86495 74961 54711 62868 56185 101734 53716 52841 13221 76883 60465 64951 53912 71397 42730 94245 97588 54047 45214 90964 55947 78219 83567 112984 46423 121808 45811 0 113957 130642 63534 91641 55085 81192 54379 75613 79195 33894 61876 71469 51084 68425 23083 4310 39064 69888 52976 83098 40013 112713 117038 100121 23481 85254 88970 69284 118390 48202 76085 46904 74937 46385 94037 134202 80008 60974 134569 97230 75640 52552 54427 51381 47873 90134 115284 70065 102193 51285 77199 141104 26496 100479 98261 80273 29985
81465 68649 82079 56269 90459 111334 102858 100089 100259 112498 100770 90249 73496 82420 79722 109856 130881 123515 104063 111367 89277 100820 79722 82016 112805 117542 91863 112424 101478 116371 79051 127337 122949 103399 72279 121856 103723 93139 131912 114085 80000 109794 95163 113957 0 118628 112987 124734 102094 111364 87520 103064 95980 82208 81963 116443 100436 79453 132179 111317 113201 111039 82234 110424 80871 1283 130435 101166 132577 117662 124389 117973 45156 81342 109178 70691 123839 79962 126445 122188 110619 102126 139585 112079 69460 78711 84379 79377 82022 123226 143667 116898 35395 84377 107810 63497 113509 101579 101234 95356 127939
76853 60102 82663 70210 63905 98792 86067 65841 101059 111443 85076 78959 90004 91651 80769 63899 121375 121836 107862 112052 88231 44631 81830 99438 129489 104204 77415 110289 105224 110561 90297 102696 82860 109849 89320 84781 106626 69019 128342 44929 89525 11128 102157 130642 118628 0 117580 98242 102894 76802 91111 79720 71459 98481 71516 110634 108052 63643 140243 128001 121264 98497 82663 75863 96345 117357 63270 50853 140641 87652 105201 117828 85344 90186 94757 90596 124273 89542 91172 4883 83863 96740 60626 65154 55152 83065 82663 81830 94094 95168 98990 111602 94214 87425 84607 97519 128293 45204 55803 70407 144623
49752 87819 43501 108720 62426 26005 45363 71743 18624 7932 43212 41035 41719 55521 47649 75643 28386 16852 11885 6801 31811 82739 47649 37516 61629 32962 43378 9115 14891 15225 52152 48897 63763 10139 42753 63432 12646 59076 24740 92453 37396 108746 21629 63534 112987 117580 0 53026 16789 56880 31320 53917 58635 42875 52777 15297 13103 55144 83429 60894 82279 25966 44239 58786 45806 111743 89353 81126 82658 57100 41423 11255 117180 37665 44265 42643 16077 35473 55614 121140 56234 25277 110370 73374 70777 49792 43583 45490 33102 51518 74382 12662 101223 38635 53425 136028 44728 81484 78586 58744 69121
55036 89065 46915 101829 52085 32554 26882 43544 50715 45172 25348 38507 52165 66892 53957 40855 42260 47123 51009 46327 41264 60270 53957 57143 90488 23690 39571 44018 49840 42938 63524 5133 15381 52996 52455 17976 49773 48006 50078 57869 49098 89482 54889 91641 124734 98242 53026 0 48880 28932 44235 37569 43558 59316 53896 43010 52669 54511 114632 89001 97673 30685 48410 27026 61972 123490 40971 57881 115030 17214 11603 47957 116962 47542 15556 54144 48377 49115 7232 101802 35336 39706 69726 38454 71365 56244 45806 51943 51644 3074 26244 44254 112969 44731 29858 129138 81208 58182 47677 42697 105623
36544 74007 29225 94034 50751 18490 33718 60098 1835 11485 31567 26349 29076 44075 34551 63998 32346 23053 6587 11628 17126 71065 34551 26466 53689 25190 28692 10331 3192 16768 40707 44750 59617 8574 29849 54213 5351 47401 31123 80807 24299 94061 9333 55085 102094 102894 16789 48880 0 45235 17045 42272 46990 33576 38091 16841 6020 40458 78075 52444 74307 18195 30656 47141 36727 100849 81537 69451 78473 47880 37277 18524 104880 23875 37016 31539 24390 22375 51468 106454 44589 12497 99067 61729 56965 36694 28920 32392 20586 47372 71939 15644 90329 23971 41780 121342 35720 69810 66941 47099 68702
36731 65670 34597 78449 26146 34063 13088 18366 43796 49441 13668 25869 41717 54608 38574 19098 56646 58756 48540 50596 30968 38309 38574 46694 80040 34102 21925 48287 46226 47482 51410 32461 18903 50527 41974 13338 47304 22067 64463 35907 38649 68043 44894 81192 111364 76802 56880 28932 45235 0 33939 13899 17620 48867 33834 47554 49054 33040 103215 78552 84326 33699 34699 1906 51280 110119 36637 35919 103613 13912 33274 54856 93582 37245 21685 43664 61194 38666 22499 80362 12200 36091 54167 16829 47971 41677 33121 37694 41348 26269 39413 48523 95292 34283 7804 105757 71212 36220 25716 16759 95174
20227 58468 12181 80861 39059 24215 22421 48802 15210 27092 20271 14657 14903 29678 18543 52701 43762 37223 19910 26318 2971 59372 18543 14442 53226 30423 16933 25938 16429 29252 26309 46839 50335 21896 15240 43710 18674 35709 45620 69511 9803 82277 11392 54379 87520 91111 31320 44235 17045 33939 0 30976 35694 22054 23123 29324 19257 28308 77369 51739 60459 23920 13675 35844 24709 86275 70240 57759 77767 38000 42510 33146 91840 7763 28679 16930 39080 8682 46631 94671 33293 15007 87771 50433 42298 20830 12831 16529 7745 42728 67878 29860 75755 7334 30484 108169 37711 58118 55559 35803 68361
28024 58787 25679 71565 19043 31100 17323 26091 40833 46478 16332 20434 34727 45588 29867 28942 53683 55793 45577 47633 28005 39199 29867 41571 74461 36512 15543 45324 43263 44519 42390 41098 29041 47564 34076 24063 44341 14761 61500 45752 33070 70886 41931 75613 103064 79720 53917 37569 42272 13899 30976 0 11930 43288 25127 44591 46091 24333 94285 72973 75306 30805 25679 14382 44738 101819 46481 36824 94683 24038 40556 51893 86698 32951 26013 35352 58231 33087 31925 83280 16344 33128 64011 26673 41087 32970 25679 28674 37283 35013 49421 45560 87691 29074 13933 98874 68249 37125 31881 12039 89595
24799 50526 29768 63305 11660 35818 22041 16325 45551 51197 21050 24523 37131 43441 28715 21201 58401 60511 50295 52351 32723 31331 28957 46289 78042 41230 19759 50042 47981 49237 42086 47108 29187 52282 36447 28112 49059 5696 66218 37940 36652 62626 46649 79195 95980 71459 58635 43558 46990 17620 35694 11930 0 46870 20188 49309 50809 16891 92033 76555 73054 35523 29768 16680 46495 94735 41167 28941 92431 28686 45437 56611 78438 37041 30731 37723 62949 36669 36326 75019 21460 37846 58208 21201 32826 31011 29768 28957 41220 40484 49905 50278 79908 33163 18651 90613 72967 29242 22675 2327 93177
24727 59651 20496 80109 49116 45916 37440 60491 31740 42782 35352 26144 13112 14230 21882 66283 64911 53744 33494 41651 23859 69409 21882 20516 32741 52124 28139 43656 32695 50102 10861 61919 65263 32830 13450 58639 34730 45894 62350 80659 14097 89648 24594 33894 82208 98481 42875 59316 33576 48867 22054 43288 46870 0 29551 50174 29867 36100 56884 31253 44182 45621 20651 50773 7442 80963 84713 67795 57282 52929 58971 48067 86640 15877 43760 15140 53720 14060 61712 102041 47683 36708 102243 64905 43480 20671 22102 19617 15548 57808 82959 48848 70443 18959 44874 109352 37669 68154 65936 47948 47875
6661 39013 12683 60572 21081 42308 31018 32811 36256 46641 29515 16393 19812 25030 10577 40141 63143 57125 42787 47249 22203 41374 11638 29246 60723 47720 17934 45486 39552 48800 23675 56499 47769 44338 19127 44327 41551 17986 65195 52624 19333 62682 34515 61876 81963 71516 52777 53896 38091 33834 23123 25127 20188 29551 0 48873 41567 7873 73621 59236 54643 42013 12683 32895 29176 80718 60107 39761 74019 42818 53551 53047 73213 20206 38339 20404 59562 19350 52213 75076 32845 34555 76456 40141 22843 12873 12683 11638 23901 52388 68487 49408 65891 17766 30036 87880 59001 40119 37901 21267 75858
48545 85147 40425 102470 53100 15989 36037 62417 18676 7940 33887 35325 43875 58602 47444 66317 17770 13767 16758 9094 27907 73414 47444 42639 70074 23636 37412 6786 17739 1006 55233 38881 53747 17907 44164 54107 15522 49750 21351 83127 38829 101800 26174 71469 116443 110634 15297 43010 16841 47554 29324 44591 49309 50174 48873 0 20426 51239 93452 68829 89152 16641 41920 49460 53157 115199 79337 71800 91303 47774 31407 9867 115568 36788 34249 45854 16205 37321 45598 114194 46909 16342 101044 64049 68104 49731 39972 45430 35942 41502 63170 3511 104678 35024 44099 129779 52105 72159 69260 49418 77230
36744 76147 31438 97308 54600 22278 37537 63917 7855 13010 35386 31506 29165 42512 34641 67817 35506 23972 3668 11879 21936 74913 34641 24965 49689 28979 33849 13908 2828 20354 39144 48539 63406 3058 29938 58002 4904 51250 32578 84627 24388 99218 8621 51084 100436 108052 13103 52669 6020 49054 19257 46091 50809 29867 41567 20426 0 45482 74074 48444 71531 21984 31869 50960 32797 99192 85356 73300 74472 51669 41066 18295 104869 24722 40805 30091 24161 22464 55257 111612 48408 16286 102886 65548 59363 36783 32088 32482 20094 51161 75728 19076 88671 26591 45599 125028 31719 73658 70760 50918 64701
13210 35885 19020 53576 14100 42923 30486 27228 38623 49007 29494 16497 26361 31125 17126 36388 65360 59491 45426 49616 25760 34240 18187 35795 67272 48335 17651 47853 42788 51167 29771 57114 44830 47412 25677 43533 44190 14688 67561 45622 25882 54809 39422 68425 79453 63643 55144 54511 40458 33040 28308 24333 16891 36100 7873 51239 45482 0 79717 65785 60738 42628 19020 32101 35725 78208 56810 32758 80115 42024 54165 55414 68709 26543 38954 26953 61929 25899 51419 67203 32052 35833 71757 36844 18185 19422 19020 18187 30450 53003 65548 51775 63381 23781 29243 80884 64650 33117 30919 17969 82407
71004 101412 72646 123805 92274 93173 92755 104168 76240 86088 90667 81382 65414 54280 68654 111985 105899 94946 77701 84956 79175 112546 67678 75075 34353 99873 82996 87270 76902 93380 54451 117235 118403 77037 64197 113315 78937 89830 102971 123796 69413 131409 68801 23083 132179 140243 83429 114632 78075 103215 77369 94285 92033 56884 73621 93452 74074 79717 0 27301 36953 92878 72801 103698 61694 130935 131952 110933 4535 108244 111960 89561 134673 71192 99075 65837 93495 69375 117028 143803 101840 83964 148300 111985 85241 66389 73836 68833 70864 113124 138274 90880 120415 74275 99031 151113 48989 111291 109094 93111 22215
54412 89171 50181 109731 78801 67542 67125 90176 50609 61359 65036 55829 42574 42930 51553 95968 83855 72321 52071 60228 53544 99094 51076 50201 10581 74243 57824 62311 51272 68757 40090 91604 94948 51406 42574 88324 53307 75579 80927 110344 43782 119168 43171 4310 111317 128001 60894 89001 52444 78552 51739 72973 76555 31253 59236 68829 48444 65785 27301 0 43282 67247 50336 80458 37373 110073 114398 97480 27699 82614 86329 66644 115750 45561 73444 44264 72297 43745 91397 131561 77368 58334 131928 94590 73000 49911 51787 48741 45233 87493 112643 67425 99552 48644 74559 138463 23855 97839 95620 77633 28742
52025 82433 53667 104826 73296 84273 75797 85189 72472 84134 73709 63189 46435 35301 49675 93007 103820 95095 75158 83002 62217 93567 48699 56096 52192 90481 64803 84531 73573 89080 35472 100277 99515 74494 45219 94490 75713 70851 103701 104818 52653 112430 67319 39064 113201 121264 82279 97673 74307 84326 60459 75306 73054 44182 54643 89152 71531 60738 36953 43282 0 83979 53822 84809 43610 111956 112973 91954 38278 90601 97328 89418 115694 54282 82117 46858 94243 52615 99384 124824 82861 75065 129321 93007 66263 47410 54857 49854 54235 96166 119552 89112 101436 57317 80052 132134 65467 92312 90115 74132 50395
42690 77563 34570 90342 40963 1869 22182 48562 20030 18528 20031 26624 38471 53198 41589 52531 24452 27843 20324 19682 22503 61277 41589 38064 68493 6995 27689 17374 19156 16569 49829 26556 41422 22311 38760 39427 19088 37613 32269 69340 33425 89663 24205 69888 111039 98497 25966 30685 18195 33699 23920 30805 35523 45621 42013 16641 21984 42628 92878 67247 83979 0 36064 35605 48277 109795 67011 59663 93276 33094 19082 23942 105475 31384 19412 40450 29845 32303 33273 102057 33053 9021 86938 50262 59864 43876 33923 39575 31366 29177 53744 17609 99275 29620 30244 117651 50523 60022 55474 35632 83505
9597 48400 3260 70792 32036 36359 26534 43390 28821 39688 24445 12277 11533 23555 9290 48674 56357 49972 33520 39928 14013 52329 9290 20346 51823 42234 13891 38533 30040 41847 20186 51013 49887 34622 11262 44863 32285 28792 58242 63579 10433 73829 25003 52976 82234 82663 44239 48410 30656 34699 13675 25679 29768 20651 12683 41920 31869 19020 72801 50336 53822 36064 0 35182 21338 80989 67560 50715 73199 39689 48065 45895 82107 11267 32853 12758 52410 10450 49327 86223 33234 27602 85090 47752 32229 11926 3260 7624 15002 46902 69925 42455 70190 8053 30425 98101 49748 51074 48845 30506 66958
35792 64731 35182 77509 25207 35969 14994 17427 45701 51347 15574 27775 43622 55091 37635 18158 58552 60662 50446 52501 32873 37370 37635 48600 81945 34543 23831 50193 48132 49388 51893 30555 17954 52432 43579 11432 49210 21128 66369 34968 40555 67103 46799 83098 110424 75863 58786 27026 47141 1906 35844 14382 16680 50773 32895 49460 50960 32101 103698 80458 84809 35605 35182 0 53186 109179 35697 34980 104096 12006 32588 56762 92642 39151 22126 44855 63100 40572 20593 79423 13793 37997 53228 15890 47031 40738 35026 37635 43254 24364 37692 50429 94352 36188 9710 104818 73118 35281 24776 15819 97080
24317 57514 21183 78619 48157 48572 40096 59821 34891 45713 38007 28390 14106 12829 21149 66355 68062 56674 36424 44582 26515 68428 20471 22190 38860 54779 30004 46665 35625 53085 9460 64575 67676 35760 12889 61116 37660 45520 65280 79679 16753 87511 27524 40013 80871 96345 45806 61972 36727 51280 24709 44738 46495 7442 29176 53157 32797 35725 61694 37373 43610 48277 21338 53186 0 79627 85200 66815 62092 55585 61626 50997 85304 18532 46415 14529 56650 16715 64368 99905 49548 39363 102731 65392 41343 19181 23967 19286 18204 60464 85372 51778 69106 21615 46739 107215 40600 67173 64976 47574 53995
