NAME : HCMC-200-1
COMMENT : OSM drive network, depot (10.7769, 106.7009), seed 1
TYPE : VRPSPD
DIMENSION : 201
CAPACITY : 150
EDGE_WEIGHT_TYPE : EXPLICIT
EDGE_WEIGHT_FORMAT : FULL_MATRIX
EDGE_WEIGHT_SECTION
0 42768 72416 92464 54466 46366 61182 72111 24624 29407 64393 65939 20175 20002 26195 59754 37743 77807 74542 36634 60572 57606 65648 49354 58615 60253 39530 47439 42702 44410 79814 66609 67999 69335 63278 59234 48746 64924 59409 42771 8303 64255 88136 39291 64477 58473 70340 24592 74322 63404 39530 42536 42305 41438 76327 69491 73975 75402 60398 84343 72457 44024 42982 60213 49480 65535 74054 56194 63537 42693 34689 90037 88296 64908 48359 64609 58928 61631 81028 68588 58364 59968 61722 67209 17444 69841 29816 36170 81554 74065 44941 29416 11339 81425 36985 80832 34773 70670 47038 60096 66162 67780 57048 58783 14524 77705 50464 50086 55995 101176 44144 73672 74779 57460 40213 80077 61246 34981 50190 58967 83342 71179 74308 43730 75768 22447 71366 37585 97937 109534 77434 60001 57220 43695 51736 63098 76180 67572 48300 60349 56732 66233 75688 42348 79357 49296 62871 71257 41234 48207 70503 94104 37743 33143 8655 28172 73151 66159 35431 24649 31230 83052 35928 49316 48713 68177 18411 35145 42700 52241 39447 55696 71294 28146 65123 19326 69509 48561 26511 66553 81123 69641 39362 7709 61889 54033 78191 61034 61765 71105 62620 84825 50650 63865 70334 25082 6926 66198 81079 77812 52430
42768 0 60531 117518 64291 41833 98782 112849 65336 32573 69735 103538 58657 55130 66934 97353 5426 96442 36815 44666 98171 70463 73534 74157 75197 97852 29632 58264 30787 9549 104820 91615 46581 35767 41860 56023 65035 88013 97008 50989 43359 52430 61862 9022 80766 98480 66018 56404 90431 27379 64777 81061 83044 36369 72328 99941 35224 61425 38980 122441 96815 58259 6929 60606 16009 103134 63417 96933 42119 7442 42345 76061 62023 81197 36059 72175 61312 48718 54775 32555 36946 84568 58807 31639 45497 86130 59173 11988 106608 60088 29850 70155 51037 96786 40360 67919 10591 86959 84637 68546 44744 91229 94647 96382 55263 118444 73852 36285 16609 126231 42937 111271 43139 93606 54933 53840 101985 69400 73828 99705 120941 89503 94782 67768 38041 46486 85481 51968 76519 88116 97907 59471 97958 64276 64876 101359 116236 105171 30990 93036 82047 26847 113288 66387 116956 27810 101132 87547 63882 86468 56526 67830 5426 71647 49788 68911 33837 85167 49814 63154 48656 108106 68142 70241 31403 108915 51354 40258 1362 33788 30130 30650 33567 18462 38817 24341 30124 89300 67223 47072 59705 107240 67208 48956 102628 67173 51954 88523 22365 108704 100219 70848 33340 101464 83928 49120 40161 96415 96874 64900 62144
72416 60531 0 99527 115924 31083 128152 129302 76926 78791 123586 126493 86079 66539 78646 126724 58952 141040 86485 92268 124033 120839 35670 66351 121848 127222 80914 34380 31785 68012 86829 73624 104548 60748 99828 112625 52223 66013 126379 37474 76167 16666 112312 65625 57453 117967 122621 67812 137555 79844 65512 91714 99496 37583 128931 94351 66689 118027 96947 141534 74947 51793 65960 24066 74873 132504 10135 113385 100086 55362 44223 132663 112472 53526 27360 33653 28978 24644 105224 59825 94913 65116 19693 57380 60473 50518 69827 67403 88617 116691 86453 81831 79268 144658 92082 18896 66006 59191 114008 122279 102711 69362 121505 125752 71715 134896 62867 92887 67982 108240 99420 137167 64034 89525 102257 104290 118438 74929 63618 116158 150311 134412 137541 106963 87711 85680 44834 99292 134486 146083 140667 116074 114411 106928 43627 97306 133371 134541 42459 87447 65809 71148 141423 105581 146326 85777 100555 56470 104467 96910 113129 118279 58952 91903 75421 85576 69577 62319 97139 90549 59757 90115 71989 59257 42873 125368 65834 43233 61098 90391 46274 43399 82383 55970 49300 66142 71366 105752 78789 35169 117672 135062 69909 79129 118458 45897 102403 78194 63036 131659 129589 127450 44810 130834 43041 88315 72974 90826 144312 15877 33893
92464 117518 99527 0 138771 100399 105376 77826 71342 113083 148698 92408 93443 73312 73461 117828 112472 151746 150951 124206 94947 141911 67373 47994 134293 106519 119830 83301 104748 119927 19178 32067 150938 136948 146217 143539 56058 45764 113276 82959 97707 96073 169846 114808 54073 93153 154645 73720 148261 141514 56925 62927 88127 101190 160632 35546 143350 160626 143337 90042 47063 67170 118286 83874 126789 117618 95569 89549 146476 117214 87786 175262 170007 56031 105147 69008 78431 106953 162739 136025 141303 39336 88651 133580 78170 61095 66818 111688 10927 159289 129052 71632 94061 155364 124558 109886 110291 58441 104625 142342 149101 43929 89525 116416 80107 83404 44940 135486 130745 8770 131717 90612 140695 36921 128308 161787 84352 59765 44422 90722 117554 145117 148247 118023 152177 111851 64188 125681 180876 192473 151372 144306 80326 117618 69894 38530 81879 106802 113726 34032 35968 140983 97654 116642 113569 132235 41779 59921 115158 49368 155728 175814 112472 87859 90656 88396 145296 49879 123527 97435 77877 9427 56584 49301 114140 73876 79678 90223 117451 135180 102420 120480 147703 101921 129187 100417 144260 70684 68462 115911 164062 88730 54984 94703 68380 70426 159901 38885 136515 97180 110802 170049 116077 103757 63156 114248 96888 32020 155017 106867 77477
54466 64291 115924 138771 0 93999 103594 112383 69291 46628 21378 108351 62418 70887 65559 102166 62192 44970 85569 36931 102983 11933 117435 100375 20368 102664 51216 99226 85679 59622 126944 113300 72839 96006 68119 10528 100011 115562 101821 93874 49184 107823 95262 58001 115742 101049 24806 75857 41239 72840 90795 85235 82578 89070 30793 116550 95463 32889 65239 124255 119378 95769 58477 112000 56605 107946 118811 96467 68377 67805 84218 48939 95422 116173 91187 116396 110715 105139 88154 92794 61360 108972 113292 91878 69231 121106 81081 64056 127861 31368 45584 73034 55849 47267 37679 124340 62659 121935 89450 17570 71002 115797 99459 101194 63306 117978 101648 38526 76151 147484 38954 116083 103513 104520 33975 87203 101519 83898 101211 99239 125753 38338 41471 46381 86794 44917 122631 31348 102778 114375 44597 11295 97492 33505 103523 110158 116452 109983 89524 107408 105112 86389 118100 44999 121768 54137 109931 122522 33112 95267 24680 101230 62192 74401 56669 68385 93531 117180 29194 67520 83017 129359 84845 100581 89937 108449 70562 84190 63589 41407 84455 90542 82321 63809 99170 55476 89665 88834 73001 103493 85963 112053 88800 55171 102162 105820 85316 107825 82604 113516 105031 43727 91875 106276 121599 34468 50600 113258 47355 121321 104217
46366 41833 31083 100399 93999 0 102789 105228 53005 56354 102897 102420 60716 42617 54725 101361 40254 117339 70583 69831 99816 97138 38792 58634 98148 101859 58352 24715 11599 49313 87701 74496 85850 46983 81129 93226 46991 68009 101016 17440 52262 22345 96290 46926 59448 93894 103222 43891 113854 61146 50322 68548 75423 10040 109531 84417 53385 98628 78249 117461 76943 38459 47261 25864 56175 107141 33847 89312 81387 36664 17715 113264 96451 57337 15412 37433 26570 24007 89203 46060 76215 65988 25947 43615 36399 56087 46660 46200 89489 97291 67054 57909 53596 120958 70183 39572 44803 64619 88645 99629 84012 71357 97288 100389 47642 110823 58329 73488 49284 109112 77342 113094 50730 79591 78556 88268 94364 56887 58304 92084 124948 110711 113840 83262 71808 61979 52365 75592 115788 127385 116966 96674 90337 83227 33423 87373 109297 109178 23761 77513 66345 56928 117205 81881 120963 67079 88619 62040 80767 73955 93729 102258 40254 67830 49749 61502 55859 64314 73438 65190 36137 90987 55014 54191 24174 101294 41760 15628 42399 70992 20224 31157 66938 32287 41074 42459 57601 81679 54867 29956 98973 110988 53667 53457 94923 35721 86382 72999 48983 107586 104226 108051 26112 105471 50973 64614 49069 80892 120611 36553 27403
61182 98782 128152 105376 103594 102789 0 34526 69162 79745 113521 19109 44629 69616 65430 29384 93777 118700 129159 86117 33659 106733 117443 93577 101247 12879 94130 99234 99952 100423 100308 99270 121568 126747 116847 108362 98740 108724 9129 94566 62134 120438 141705 95304 114471 24881 119468 74586 115215 118021 87679 62579 55362 99612 125455 72004 130637 124885 113967 36790 111973 94557 98995 112007 103048 14053 126929 27819 117105 98727 88566 139521 141865 114902 107002 116403 110723 119825 134597 126000 111932 101898 113517 124621 69239 119835 78339 92184 94466 123548 97280 72403 55174 122318 86469 138157 90787 120041 18360 107772 119730 108391 34699 24050 61750 36431 95365 99570 112008 114088 93628 25855 132192 79066 89341 133646 25568 78722 94588 27135 22258 112071 115201 84977 130385 71575 121361 86713 151506 163103 118326 109129 33211 84572 103491 75580 30609 6488 105712 78771 97197 122246 21158 83596 18273 102865 75352 121222 82112 64250 119987 147672 93777 47725 55778 53881 129250 111595 84559 39075 83025 95964 79130 97312 106126 41519 69661 90317 98714 103309 97316 113108 125911 84511 122536 75285 125523 43465 72370 124747 134691 21835 83177 56417 49654 105752 131759 89706 117778 24275 6531 134308 108063 2781 120329 74209 62357 75529 121971 135137 104225
72111 112849 129302 77826 112383 105228 34526 0 67086 95023 122310 17599 57788 69437 66575 58913 107824 125357 144155 101396 38609 115522 104477 74816 107905 39097 109142 99102 108069 114683 72757 75212 136846 138900 132125 117151 85548 87358 43413 94435 77166 120992 156983 109564 94829 29831 128257 74455 121872 133017 77155 52055 45203 104256 134244 42280 143609 138331 129245 17279 90111 86530 113255 111876 118327 47324 126798 32769 132384 112774 88434 154391 157144 96083 113296 106112 110592 125830 149875 137977 127211 80092 113386 135532 69108 101146 67834 106444 66916 136994 112558 66618 66599 128975 101747 139789 105047 99197 44233 115954 135009 86530 42078 56024 61420 10647 75296 114848 126076 86538 108906 13114 142648 56683 101920 148924 25560 68198 74519 32085 44667 118729 121858 91635 145380 86853 104228 99293 166784 178381 124984 117918 31631 91230 96157 49276 9097 35899 115678 53794 75392 136314 24767 90253 40682 118143 47408 100677 88769 53726 131302 162951 107824 52107 66821 46995 142785 90635 97139 56549 82883 68414 68605 77892 116092 11958 69530 90871 112781 118587 102531 123074 140907 98227 132991 89599 139590 33063 64206 130753 149970 15740 72653 67842 24191 96135 147038 65648 131846 21535 40939 149178 118029 32907 103196 87708 77087 45806 128629 136770 104094
24624 65336 76926 71342 69291 53005 69162 67086 0 51391 79217 64642 25855 10388 3732 67733 60310 82265 97329 58553 61749 72430 59037 32869 64813 68232 62316 46727 55846 67196 59566 45871 90785 87133 86065 74058 39073 48016 67388 42059 29866 68616 110922 62077 54804 59386 85165 15286 78780 86191 26614 21386 40915 52033 91152 48340 93535 94867 83184 79224 52511 35257 65768 59501 72266 73514 74422 54804 86323 65058 36212 111851 111083 55235 61073 59275 58216 73607 103815 86210 81150 41426 61010 83766 20655 60168 16838 58957 60432 93530 66925 7603 25051 85883 58905 87414 57560 59448 55018 72862 88948 48929 56327 66762 12228 72586 34639 72006 78562 80054 66064 75316 90881 36310 58828 102864 56586 17219 33880 57577 91321 75637 78766 48543 98554 44011 61694 56200 120724 132321 81892 74825 52560 48138 44919 41948 71061 75551 63911 39199 37735 88801 80067 47161 87336 72083 41721 60929 45677 27057 88210 116890 60310 33077 22816 26995 93715 50887 54047 31109 26652 61930 18166 36393 64325 63057 17924 38648 65268 75028 50846 71307 94081 50226 81224 42112 92077 42787 5361 78530 103909 73211 22121 26294 48130 46392 100977 40381 84332 69808 70599 106639 66262 71844 60662 45011 29600 45048 85537 84395 51719
29407 32573 78791 113083 46628 56354 79745 95023 51391 0 56262 84502 39620 44106 51107 78317 29027 70484 56727 16909 79134 49767 81042 69455 51029 78815 18653 62832 48252 30781 100385 87180 46283 64102 41563 49184 66314 85329 77971 57044 25335 70690 66420 27804 82045 79443 57745 46647 66999 43998 59158 68278 65218 51426 63893 92270 64501 54586 38682 103404 93555 59538 29636 75221 27764 84097 81678 79107 41821 32453 47388 69222 66581 82476 54054 80002 74322 67748 59312 61833 36648 80533 76017 60917 35359 87409 49444 24977 102173 53249 24397 55885 32000 74102 17260 86949 23580 88238 65601 52258 44446 88345 75610 77345 41291 100618 70092 29271 45861 121796 24419 92234 70178 82519 27014 58361 84159 58801 70067 81880 101904 63856 66985 48570 57953 29907 88475 24049 76221 87818 70111 50402 80133 36586 67129 88825 97199 86134 50020 83328 77800 56100 94251 47188 97919 27580 88597 88826 36192 73934 49688 72388 29027 52611 33511 50462 63114 85622 21896 44118 46938 103671 59172 68565 50433 91090 40419 47360 31871 30525 42046 52748 53479 24067 61198 18342 59376 71474 53278 67813 59407 88204 59112 31322 84802 69427 56475 82231 51643 89667 81182 64009 52370 82427 87443 32881 24367 88841 73756 83930 67824
64393 69735 123586 148698 21378 102897 113521 122310 79217 56262 0 118277 72345 80813 75485 112092 67636 40861 91013 44593 112910 26328 127060 110302 18341 112591 58878 108850 93341 65067 136870 123227 78284 101450 73563 19106 109937 125489 111747 103370 59110 115485 100706 63446 125668 110975 8196 85784 28767 78284 100721 95161 92504 97909 14183 126477 100907 34295 70683 134181 129305 105556 63921 121624 62050 117873 126473 106393 73821 73249 93714 35812 100866 126099 98849 126020 120339 112801 93598 98238 66804 118899 121135 97322 79158 131032 91008 70526 137788 35744 51028 82960 65776 41205 45341 132002 69129 131861 99377 9363 76446 125723 109386 111121 73233 127904 111575 43970 81595 157410 46616 126010 108957 114446 43902 92647 111446 93825 111138 109166 135680 30787 40182 56307 92238 54844 132558 41274 108222 119819 42328 12175 107419 39143 113147 120085 126379 119910 96796 117335 115039 91833 128027 54926 131695 59581 119857 132449 42529 105194 30737 106674 67636 84328 66596 78312 98976 127107 39121 77446 92708 139286 94772 110507 97210 118376 80488 93685 69033 46851 92117 96457 87765 71471 104624 64623 95110 98760 82927 111155 91407 121980 98726 65098 112088 115445 90761 117752 88048 123443 114958 30599 99147 116203 131526 44395 60526 123184 41294 128983 113842
65939 103538 126493 92408 108351 102420 19109 17599 64642 84502 118277 0 49386 66629 64132 42510 98534 122549 133916 90874 21105 111490 107706 80610 105097 22694 98886 96294 104548 105180 87340 86302 126324 131504 121604 113118 87742 95756 27010 91627 66891 118184 146461 100061 102821 12327 124225 71647 119064 122778 74711 49612 42394 101294 130211 59406 135393 129642 118723 24383 99005 84086 103752 109068 107805 31352 123990 15265 121862 103484 85626 144278 146622 103766 109774 107944 107784 122597 139354 130757 116689 88930 110577 129378 66300 108829 65391 96940 81498 128305 102036 64175 59574 126167 91226 136981 95543 107189 27829 111978 124487 95424 24574 39620 58612 23981 82398 104326 116765 101121 98385 10769 136948 66099 94097 138402 8056 65754 81621 14581 35418 115921 119050 88827 135142 76331 110363 91470 156262 167859 122176 113885 16731 88422 93714 62612 18158 20535 110469 65803 84230 127003 15520 87445 31433 107621 62385 108669 85961 51282 124743 152429 98534 49299 60178 44187 134006 98627 89316 43832 80086 82996 66162 84345 110882 29061 66722 88063 103471 108065 99547 117865 130668 89267 127292 80041 130280 30497 61763 127519 139448 8663 70209 60817 36686 95061 136516 76739 122535 5261 24535 139065 112819 17491 109331 78966 67114 62931 125821 133962 101286
20175 58657 86079 93443 62418 60716 44629 57788 25855 39620 72345 49386 0 26309 22123 43201 53652 75393 89035 45992 44018 65558 74136 55621 57940 43699 54005 55927 59827 60299 82336 68640 81443 86622 76722 67186 55433 70902 42856 51259 22010 77131 101580 55179 71164 43293 78293 31279 71908 77896 46217 36359 27983 57538 84279 71222 90512 84760 73842 68289 75280 51251 58870 68701 62923 48981 83622 41872 76980 58603 45259 99396 101740 71595 65841 73097 67416 78664 94472 85875 71807 64313 70210 84496 25932 76528 36504 52059 82533 83423 57155 29598 13100 79011 46344 95468 50662 77357 30485 65990 79605 71699 40494 42229 18729 63383 56894 59445 71883 102156 53503 57118 92067 59532 49216 93521 46924 39144 56457 44645 66788 68765 71894 41670 90260 31450 78054 46588 111381 122978 75019 67953 42898 41266 60184 64830 61073 51018 65587 62421 60505 82122 59135 40289 62803 62740 64603 77945 38805 50607 79862 107548 53652 15772 13705 13518 89125 72426 44434 7278 39718 84031 40091 56003 66001 53855 26354 47011 58589 63184 55242 72983 85786 44386 82411 35160 85398 34239 29565 83586 94566 53088 44046 14343 47567 62446 91634 63166 77653 54552 46066 94183 67938 47311 77022 34085 22233 67930 78664 92449 60918
20002 55130 66539 73312 70887 42617 69616 69437 10388 44106 80813 66629 26309 0 12108 68188 50084 83861 88318 52696 64832 74026 49488 30606 66409 68686 54329 36339 45459 57539 60614 47409 82799 76746 78078 75654 29524 46286 67843 31672 25721 58229 102095 52420 45255 58103 86761 5371 80376 77180 20308 26368 39632 41645 92748 52718 83148 91464 75198 81670 53257 25342 55898 49113 63439 73968 64035 53521 78337 54832 25824 106100 102256 45686 50685 49381 47829 63219 94988 75822 73164 41145 50623 73378 10314 50619 10595 49300 62402 90127 59640 15292 22730 87479 53048 77026 47903 51449 55472 74458 80961 48990 61079 67216 10581 75032 31242 66148 68357 82024 60207 77303 80493 41028 57631 94037 58573 15781 31218 56293 91775 77233 80362 50139 89544 39865 52145 55003 112737 124334 83488 76421 54546 49734 35003 46666 73506 76005 53524 43776 37532 78595 82054 48757 87790 64096 46439 52036 47273 31775 86565 108063 50084 32039 18901 25711 83328 46970 52850 30732 16438 63900 16728 30094 53937 65504 7584 28261 55063 67041 40458 60920 85070 39873 70837 32644 81872 45888 12250 68142 95923 75197 20221 22948 53112 36727 92150 41931 74127 71795 71053 100887 55874 72298 51113 42500 23624 49289 87133 74007 41331
26195 66934 78646 73461 65559 54725 65430 66575 3732 51107 75485 64132 22123 12108 0 64001 61908 78533 98900 57479 60073 68698 60757 35291 61081 64500 63888 48447 57566 68768 61633 47990 92357 88853 87636 70326 40793 50438 63656 43779 31438 70336 112494 63649 56524 58775 81433 17006 75048 87762 28334 20885 40304 53753 87420 51240 95255 92687 84756 78713 54068 36977 67340 61221 73838 69782 76142 54193 87895 66766 37931 108119 112655 56955 62793 60995 59936 75327 105386 87930 82722 43848 62730 85485 22375 61888 18558 60528 62551 91166 68198 7485 21759 82151 57831 89134 59131 61695 51286 69130 90520 50486 55600 63030 13420 72075 36739 70931 80160 82173 64990 74248 92600 39209 55096 104435 56076 18939 36302 56966 87589 71905 75034 44811 100126 42936 63414 52468 122295 133892 78160 71093 52049 44406 46639 44848 70550 71819 65631 42098 39802 90399 77416 43429 83604 73654 44620 63091 41945 29957 84477 118462 61908 31570 21228 26130 95326 53308 50314 27831 28372 64049 19886 38113 66045 62547 19644 40368 66866 74541 52566 73027 95652 51934 82944 43684 93675 42286 7451 80249 105481 71369 23841 23002 47629 48112 102549 42515 85931 69297 66867 102907 67982 68112 62382 41279 31172 47947 81805 86115 53439
59754 97353 126724 117828 102166 101361 29384 58913 67733 78317 112092 42510 43201 68188 64001 0 92349 117271 127731 84689 37282 105305 116015 96663 99819 32637 92702 97805 98524 98995 105847 99630 120139 125319 115419 106933 97312 111421 27610 93138 60706 119009 140276 93876 113043 38867 118040 73158 113786 116593 87873 66658 60647 98184 124027 94842 129209 123457 112538 61413 114184 93129 97567 110579 101620 33736 125501 43032 115677 97299 87138 138093 140437 113474 105574 114975 109295 118396 133169 124572 110504 104155 112089 123193 67811 118407 78383 90756 106918 122120 95852 70975 53746 120890 85041 136728 89359 119236 18884 106344 118302 110603 33758 23590 60321 61029 98111 98141 110580 126541 92200 50242 130764 81325 87912 132218 48969 80473 97674 44450 51543 110643 113772 83549 128957 70146 119932 85285 150077 161674 116898 107700 56611 83144 102063 88451 55207 35773 104284 84213 99455 120818 50443 82167 47558 101437 88223 119824 80683 74016 118558 146244 92349 46297 54350 52453 127822 113756 83131 37647 81597 108416 81421 97651 104697 66110 68233 88889 97286 101880 95888 111680 124483 83082 121107 73857 124095 58959 70942 123319 133263 46212 85375 54989 71730 104324 130331 92943 116350 47675 30821 132880 106635 32066 118901 72781 60929 91526 120543 133709 102797
37743 5426 58952 112472 62192 40254 93777 107824 60310 29027 67636 98534 53652 50084 61908 92349 0 93036 38798 42475 93166 68364 71955 69111 71858 92847 26240 55076 29208 9310 99774 86569 46707 37749 41987 53923 59989 82967 92003 48114 38354 50851 63844 6923 75720 93475 63919 51358 87356 29361 59730 76015 78018 34790 70229 94894 37206 59325 39106 117436 91769 53213 7258 59027 16171 98129 61838 91907 42245 5863 38764 73961 64005 76151 34480 70596 59733 47139 56757 34537 37072 79522 57227 33621 40471 81084 54127 8701 101562 57989 27751 65129 46032 93380 38261 66340 7304 81913 79633 66447 44870 86183 89642 91377 50237 113418 68806 34185 18591 121184 40837 106266 44966 88560 52609 55822 96960 64354 68782 94680 115936 86097 91256 63070 40023 41787 81331 49645 76645 88242 94382 57372 92933 60750 59878 96313 111231 100166 29411 87990 77001 28830 108283 61689 111951 27936 96086 82500 60356 81422 54427 69812 250 66643 44763 63886 35819 80121 47491 58150 43610 103060 63096 65194 29824 103890 46329 38613 5892 31689 28551 29071 35549 13691 37238 19337 32106 84274 62197 45493 59831 102236 62161 43951 97603 62176 53936 83476 24347 103699 95214 68748 31761 96459 80299 44422 35157 91369 93469 63321 59723
77807 96442 141040 151746 44970 117339 118700 125357 82265 70484 40861 122549 75393 83861 78533 117271 93036 0 117842 64569 118089 48110 131688 113350 26823 117770 80558 113479 109255 91895 139918 126275 105112 127419 100392 47706 112985 128537 116926 108811 72525 132646 127534 90274 128716 114023 39235 88831 23836 105113 103769 98209 95552 112411 45544 129525 127736 58570 97511 137590 132352 108802 90750 126252 88878 123052 140287 109441 100650 98313 102811 59349 127695 129147 116516 130648 124968 130255 120427 125067 93648 121947 127762 124151 83484 134080 94056 91710 140835 58745 77574 86008 74886 6726 65021 149456 90313 134909 104556 34775 103275 128771 114565 116300 76281 130952 114622 70815 108424 160458 68296 131189 135786 117494 57832 119476 114493 96872 114186 112214 140859 24372 6639 59269 119067 68258 135606 55204 135050 146647 5950 39841 110466 39427 117736 123132 129426 125089 114853 120383 118086 118662 133206 57888 136874 86410 122905 135497 44352 108241 59422 133502 93036 87375 74303 81360 125804 130155 53050 81101 97270 142333 97820 113555 115266 121424 83906 104562 95740 73696 107908 119033 114593 88484 127661 78816 121938 101808 85975 131985 118236 127159 101774 74304 115136 119997 117589 120800 114877 127715 120137 54137 117203 121382 134574 56179 73941 126232 4793 146437 118470
74542 36815 86485 150951 85569 70583 129159 144155 97329 56727 91013 133916 89035 88318 98900 127731 38798 117842 0 65944 128549 91741 101721 107590 96475 128230 51791 87013 59536 41081 138253 125048 47015 36299 42294 77301 98468 121446 127386 79739 72628 78384 43083 40554 114199 128858 87296 89592 111709 14703 98210 114066 114349 65119 93606 133374 35434 82702 39414 152819 130248 91692 38461 88217 37607 133512 89371 128238 42552 40273 71095 97338 43244 114630 64809 100362 89499 65177 35996 33890 36994 118001 84761 33037 78576 117694 92361 45371 140041 81366 51128 102122 81415 118185 61638 91940 43974 120392 115015 89824 45177 124662 125025 126760 87229 149749 107285 52156 25610 159664 64214 141649 46536 126735 76210 35078 133291 102588 107261 131011 151319 110903 116181 95427 2778 75053 114316 73246 76953 88550 119307 80749 129264 85782 95722 134488 146614 135549 57803 126469 115480 23605 143665 94046 147334 36580 134261 120980 85389 119597 77804 49051 38798 102025 81351 99509 31192 118600 71092 93532 82089 141539 101575 103674 58216 140221 84434 69008 36855 47846 63501 44183 5355 51834 46782 55927 25561 120605 99216 57849 60138 137618 100641 80730 133934 98019 33192 121956 23835 139082 130597 92126 60153 131842 112523 78027 70514 129848 118274 89374 90331
36634 44666 92268 124206 36931 69831 86117 101396 58553 16909 44593 90874 45992 52696 57479 84689 42475 64569 65944 0 85506 42311 94519 81333 45095 85188 28482 76310 61729 39997 111666 98461 55190 76244 50470 37517 79384 97207 84344 70521 31707 84167 75637 38376 95114 85816 46076 57335 60593 53215 71036 74650 71590 64903 52224 102326 75838 44523 47589 109777 104309 73015 38852 88698 36980 90470 95155 85479 50728 45930 60865 59158 75797 95545 67531 93479 87799 81225 68529 73169 44339 92198 89494 72253 47483 100478 61322 38454 113296 43186 26663 63047 38372 66617 6192 100426 37057 101308 71973 43285 53353 100042 81983 83717 48453 106990 81970 19207 56526 132919 13251 98607 82849 91389 21099 67578 90532 68253 81946 88252 108277 57941 61070 42655 67169 30276 101952 18134 85128 96725 64195 38733 86505 30671 80606 97028 103571 92506 63497 93384 88584 66764 100623 41273 104291 36488 96800 101895 30277 82137 39624 81604 42475 58983 39883 56834 73906 97500 15980 50490 60415 114794 69200 80443 63910 97462 51107 60837 43964 23617 55523 66225 62696 37544 74675 31819 70040 77846 60440 81290 68314 94576 70920 37695 91175 82904 65691 92983 62979 96040 87554 53946 65847 88799 100920 27476 30740 98897 66705 97407 81301
60572 98171 124033 94947 102983 99816 33659 38609 61749 79134 112910 21105 44018 64832 60073 37282 93166 118089 128549 85506 0 106123 104183 74095 100636 30665 93519 94497 99342 99813 82966 76748 120957 126136 116236 107751 84313 88540 36449 89830 61524 116387 141094 94693 96011 10270 118857 69850 114604 117411 68196 43777 40597 96639 124844 71960 130026 124274 113356 45393 91303 80751 98385 107271 102438 42575 122193 14435 116495 98117 83829 138910 141254 97023 105119 104609 105086 117941 133986 125389 111322 81274 108780 124010 64503 102086 62268 91573 84037 122938 96669 61635 54563 121707 85858 135183 90176 100379 24079 107161 119119 87722 10877 35870 56815 44991 75883 98959 111397 103659 93017 31779 131581 58444 88730 133035 22769 59402 75106 15853 50624 111461 114590 84366 129774 70964 104665 86102 150895 162492 117715 108518 29750 83962 90378 65570 39169 35085 105102 61332 76574 121636 36530 82985 46638 102254 65342 101859 81501 51135 119376 147062 93166 45512 55168 42390 128639 91817 83948 38464 78196 85535 59647 77830 105515 47498 64925 86266 98103 102698 94891 112498 125301 83900 121925 74674 124912 32187 58870 122864 134081 29674 63695 55806 45434 91726 131149 70061 117168 26271 39016 133697 107452 32041 103633 73599 61747 68644 121360 132164 99489
57606 70463 120839 141911 11933 97138 106733 115522 72430 49767 26328 111490 65558 74026 68698 105305 68364 48110 91741 42311 106123 0 120575 103515 23508 105804 56596 102365 89053 65794 130083 116440 79012 102178 74291 16701 103150 118702 104960 97014 52323 112678 101434 64173 118881 104188 30978 78996 44621 79012 93934 88374 85717 92210 36965 119690 101635 39061 71411 127394 122517 98908 64649 115139 62778 111086 123725 99606 74549 73977 87358 55111 101594 119312 96314 119535 113854 110054 94326 98966 67532 112112 116432 98050 72371 124245 84221 69436 131000 37540 51756 76173 58989 51198 43059 129255 68039 125074 92589 22519 77174 118936 102599 104334 66446 121117 104788 44698 82323 150623 44334 119223 109685 107659 37115 93375 104658 87037 104351 102379 128893 41478 44611 49520 92966 48057 125771 34487 108950 120547 47736 17468 100632 36645 106662 113297 119591 113122 94651 110548 108252 92561 121239 48139 124908 60309 113070 125662 36251 98406 30852 107402 68364 77541 59809 71525 99704 120320 32333 70659 86157 132498 87985 103720 95064 111589 73701 87329 69761 47579 87707 95922 88493 68020 104550 58615 95838 91973 76140 108873 92135 115192 91939 58311 105301 108960 91488 110965 88776 116656 108170 49899 97002 109415 124739 37608 53739 116397 51287 126236 107357
65648 73534 35670 67373 117435 38792 117443 104477 59037 81042 127060 107706 74136 49488 60757 116015 71955 131688 101721 94519 104183 120575 0 34197 114236 113548 83040 21428 43382 81015 54675 41470 113932 77256 109212 118271 20069 31599 115670 25887 71829 32216 127470 76628 23038 105676 128267 48974 128203 92847 36913 64449 87506 43060 134576 62197 83197 123673 106331 116694 40533 26176 78963 20017 87876 121795 31712 101094 109470 68365 36465 138309 127631 19112 43782 2486 14574 43096 120383 76333 104297 31970 24794 73889 48483 17606 42562 73507 56463 122336 92099 60255 68838 135306 94871 46029 72110 26279 103299 121636 112095 34947 98761 115043 58683 110056 30713 98533 80985 76086 102030 116968 80542 57371 102875 119448 99650 47477 31464 103867 137638 125060 128189 97965 102947 85416 13883 99911 143871 155468 131315 121200 95623 97561 17078 65153 108531 122099 55463 55293 33656 87383 123131 96584 133653 95230 68401 23559 95100 69457 118774 133438 71955 78397 65009 73586 86085 27904 97757 78559 43736 57961 44536 27103 55876 100528 52643 38902 74101 98108 53147 59114 97620 60958 66185 66513 87874 85437 57086 52054 127056 114220 41307 69056 91193 17771 117562 46041 79544 112872 118880 133096 57813 118968 12851 88051 69270 58672 134960 43010 13620
49354 74157 66351 47994 100375 58634 93577 74816 32869 69455 110302 80610 55621 30606 35291 96663 69111 113350 107590 81333 74095 103515 34197 0 95897 90552 76469 42846 63001 76566 35296 22090 107310 95004 102589 105143 14925 20972 95830 42503 55370 62273 126218 71447 26064 76429 116249 30092 109865 98153 13564 37353 61528 59246 122236 32536 101406 116998 99709 87032 27750 23809 74925 50380 83428 101956 62393 71847 102848 73853 44425 131634 126379 26880 65665 35832 43571 71110 119111 94081 97675 15639 54546 91637 34542 31943 23679 68327 37083 115661 85424 33159 52379 116968 81685 76709 66930 30788 83460 103947 105473 23483 68672 95251 39259 80394 4726 91858 87384 56706 88844 87602 98752 27710 87280 118159 72554 19042 3949 74620 110541 106722 109851 79627 108816 69514 34032 84653 137248 148845 112976 105910 68527 79222 29438 35491 78869 95003 71782 25631 12025 97622 94644 78246 106556 88607 38740 32268 76762 39368 112100 132186 69111 51300 48550 51837 101935 22371 82499 59344 34516 38581 15861 7269 72196 70866 36050 46862 74090 91552 59059 79178 104342 58560 88402 56789 100899 55349 29989 77587 120434 85035 12744 52598 63807 28072 116273 20717 93154 85775 98903 126421 74133 91958 33000 72149 53449 29010 116621 73690 38983
58615 75197 121848 134293 20368 98148 101247 107905 64813 51029 18341 105097 57940 66409 61081 99819 71858 26823 96475 45095 100636 23508 114236 95897 0 100318 59380 96026 90063 70529 122465 108822 83746 106241 79025 23582 95533 111084 99474 91359 53333 113688 106168 68908 111264 96571 24433 71379 23334 83746 86317 80757 78100 93219 30743 112072 106369 43796 76145 120138 114900 91350 69384 108800 67512 105600 122693 91989 79284 77135 85237 50768 106329 111695 97324 113196 107515 111063 99060 103701 72266 104494 110309 102784 66032 116628 76603 71968 123383 42274 56397 68556 56775 30508 45566 130264 70571 117457 87103 9790 81909 111319 97113 98847 58828 113500 97170 49432 87057 143006 47118 113737 114419 100042 38377 98109 97041 79420 96733 94761 123407 20191 23324 41795 97701 49066 118153 35749 113684 125281 26450 15800 93014 22285 100284 105680 111974 107636 95661 102930 100634 97295 115753 40414 119421 65043 105453 118044 27162 90789 35586 112136 71858 69923 55827 63907 104438 112702 33596 63648 79818 124881 80367 96103 96074 103971 66454 86417 74495 52313 88716 98453 93227 69029 107081 59625 100572 84356 68523 111405 96870 109706 84322 55253 97684 102545 96223 103347 93510 110263 102684 45555 98011 103929 117121 37738 54749 108780 30095 127245 101018
60253 97852 127222 106519 102664 101859 12879 39097 68232 78815 112591 22694 43699 68686 64500 32637 92847 117770 128230 85188 30665 105804 113548 90552 100318 0 93200 98304 99023 99494 98353 94542 120638 125818 115917 107432 94617 105698 13976 93636 61205 119508 140775 94374 109985 27706 118538 73657 114285 117092 82707 61801 50152 98682 124525 76630 129707 123955 113037 41547 108901 90956 98066 111078 102119 18966 125999 31260 116176 97798 87636 138591 140935 110641 106073 113438 109793 118895 133667 125071 111003 98872 112587 123692 68309 115705 74311 91254 95609 122619 96350 68342 54244 121388 85539 137227 89857 115261 21613 106842 118801 105320 30637 27617 60820 41163 92340 98640 111079 115232 92698 30426 131262 74921 88411 132716 29153 75504 91563 30720 35038 111142 114271 84047 129455 70645 117238 85783 150576 162173 117397 108199 36795 83643 99861 76740 35341 19268 104783 76238 94172 121317 28446 82666 31053 101935 76513 116148 81182 63874 119057 146743 92847 46795 54849 51309 128320 108036 83630 38145 82096 97107 76104 92340 105196 46245 68731 89388 97784 102379 96386 112179 124982 83581 121606 74355 124593 46402 69111 123817 133762 26396 80152 55487 53238 101746 130830 84979 116849 27860 11720 133379 107133 15561 116206 73280 61428 79452 121042 134208 103296
39530 29632 80914 119830 51216 58352 94130 109142 62316 18653 58878 98886 54005 54329 63888 92702 26240 80558 51791 28482 93519 56596 83040 76469 59380 93200 0 64831 50250 25844 107132 93927 41414 61482 36694 45753 68312 91290 92356 59043 37599 72813 61484 23564 84043 93828 55748 55984 74878 39062 65249 79279 79336 53424 62058 101538 60938 51155 33813 117789 99942 61537 24699 77219 22827 98482 83801 93226 36952 30734 49386 65790 61644 84474 56442 82001 76320 69102 54376 58270 31779 86880 78015 57353 44745 89407 58781 25976 108920 49818 19580 67109 46385 80901 24354 88303 24579 90237 79986 57570 39577 94498 89995 91730 52216 114736 76164 26015 42206 128542 31692 106619 66615 91948 38748 53425 98278 69008 76139 95998 116289 73619 78719 60304 53016 40024 90473 35784 71352 82949 81845 49201 94251 48320 69128 99701 111584 100519 51373 92758 84359 52444 108636 58923 112304 22712 99474 90824 47926 84810 46256 67451 26240 66996 46339 64496 59551 88445 33630 58503 51424 110418 68575 73109 51786 105208 49805 49358 28930 25589 45212 52744 48543 26065 60912 23092 55721 85592 64203 69166 54538 102589 67680 45700 98921 71425 51538 90120 48080 104052 95567 60578 53723 96812 89441 42997 35485 98013 80990 85283 69822
47439 58264 34380 83301 99226 24715 99234 99102 46727 62832 108850 96294 55927 36339 48447 97805 55076 113479 87013 76310 94497 102365 21428 42846 96026 98304 64831 0 29505 63538 70603 57398 95723 63561 91003 100062 29950 51068 97460 7275 53619 26120 112609 58418 42972 87768 110057 37613 109994 77577 36053 62130 69297 26912 116367 68629 69963 105464 88122 111335 60002 22334 61777 16955 70399 103586 31876 83186 91261 53095 17853 120099 112770 40228 29905 20388 15670 34773 105502 62637 86088 48890 18464 60193 30274 38722 40242 55298 72391 104127 73889 51631 50629 117097 76661 45095 53901 47395 85090 103426 93886 54417 92587 96834 41516 104697 42541 80323 65715 92014 83820 106968 67308 63803 84666 104551 88238 45470 42516 85959 121393 106851 109980 79756 88239 67207 35000 81701 125661 137258 113105 102990 84212 79351 16353 71585 103171 105623 41586 61725 49247 73424 111719 78375 117408 77020 74833 44675 76891 67442 100565 118577 55076 61704 46799 55377 72437 47373 79547 60349 29558 73889 42530 37606 41999 95169 35635 20290 58830 79898 34535 45237 83661 42674 55381 48304 74179 75553 48590 41250 108847 104863 40450 50847 88645 18623 102664 57211 65706 101460 100671 114887 43936 101916 33968 69841 51061 65104 116750 42075 7807
42702 30787 31785 104748 85679 11599 99952 108069 55846 48252 93341 104548 59827 45459 57566 98524 29208 109255 59536 61729 99342 89053 43382 63001 90063 99023 50250 29505 0 38267 92050 78845 74804 36018 70083 82881 51358 72161 98179 22590 44382 23624 85244 35880 63601 96682 92877 46732 105770 50100 54679 71389 78264 9796 99186 88785 42420 88283 67203 120302 81095 42826 36215 30454 45129 104305 34672 92153 70341 25618 20556 102919 85405 61489 7912 42023 31160 21000 78157 35095 65168 70337 30001 32650 39241 60637 49502 37370 93838 86946 56709 60751 51581 112873 61837 40201 35973 68771 85808 91544 72966 75510 95818 97552 50483 113664 62696 63143 38238 113461 69174 112442 39765 83515 70472 77222 97205 59729 62672 94926 122112 102627 105756 75178 60762 53895 56914 67507 104742 116339 108882 86330 93179 75143 38573 91510 112138 106341 12796 81880 70694 45882 114458 73796 118126 56032 91460 66589 72682 76797 83384 91212 29208 70671 47733 64344 44894 68467 65353 64325 38979 95336 58045 58558 13209 104136 44602 18469 31353 60647 17440 20192 55891 24185 30109 34357 46636 84520 57709 25923 87927 108411 57110 50052 97764 40870 75336 77367 37937 109714 101389 97706 15146 102634 55523 56530 41188 85259 112527 37182 31992
44410 9549 68012 119927 59622 49313 100423 114683 67196 30781 65067 105180 60299 57539 68768 98995 9310 91895 41081 39997 99813 65794 81015 76566 70529 99494 25844 63538 38267 0 107229 94024 44365 41264 39644 51354 67444 90422 98650 56882 44609 59910 61667 5119 83175 100122 61350 58813 85762 31645 67185 83470 84878 43849 67659 102350 40721 56756 36764 124083 99224 60668 3548 68086 13602 104776 70898 98767 39903 14923 47225 71392 61827 83606 43540 79656 68793 56199 54559 38052 34730 86977 66287 37136 47802 88539 61582 12200 109017 55419 25182 71989 52679 92239 35692 75400 10803 89368 86279 63878 42528 93638 96289 98024 57097 120278 76261 31616 21409 128639 38268 112913 48771 96015 50264 53608 103819 71809 76237 101540 122583 84956 90235 68118 42307 46835 89605 47299 74303 85900 93361 54803 99792 59836 68259 103768 117877 106812 38470 95445 84456 31647 114929 66737 118598 25594 103541 89955 59442 88877 51858 67635 9310 73289 51430 70745 38789 87576 45145 64796 51065 110515 70551 72649 38883 110750 53660 47197 8847 29120 37611 38131 37833 22152 46298 25153 34923 91134 69083 54553 57489 108882 69617 50597 104462 70556 51722 90932 27862 110346 101860 66179 40821 103105 88573 49470 41580 98824 92328 72381 68495
79814 104820 86829 19178 126944 87701 100308 72757 59566 100385 136870 87340 82336 60614 61633 105847 99774 139918 138253 111666 82966 130083 54675 35296 122465 98353 107132 70603 92050 107229 0 19369 138240 124250 133519 131711 43360 33066 105014 70261 85167 83375 157148 102110 41375 85300 142818 61022 136433 128816 44227 50946 77897 88492 148804 30477 130652 147928 130639 84974 34365 54472 105588 71176 114091 111140 82871 80718 133777 104516 75088 162564 157309 43333 92449 56310 65733 94255 150041 123327 128605 26638 75953 120882 65472 48397 54119 98989 8268 146591 116354 59771 81946 143536 112018 97188 97592 45743 92644 130515 136402 31230 77543 104435 67567 78336 32242 122788 118047 27891 119177 85544 127997 28492 115899 149089 79284 47067 31724 83491 112486 133290 136419 106195 139478 99311 51490 113271 168178 179775 139544 132478 75257 105791 57196 33462 76811 101733 101028 27255 23270 128285 92585 104814 108501 119537 36711 47223 103330 43517 143030 163116 99774 76752 78116 77289 132597 37181 111117 86328 65178 9766 43886 36603 101441 68808 66980 77525 104752 122482 89722 107782 135005 89222 116489 87718 131561 64219 56687 103213 151364 83662 42286 82164 63312 57728 147203 26187 123817 92112 105734 157351 103379 98689 50458 101946 84238 26952 143189 94169 64779
