NAME : HCMC-100-3
COMMENT : OSM drive network, customers at real shops (shop=* POIs), depot (10.7769, 106.7009), seed 3
TYPE : VRPSPD
DIMENSION : 101
CAPACITY : 150
EDGE_WEIGHT_TYPE : EXPLICIT
EDGE_WEIGHT_FORMAT : FULL_MATRIX
EDGE_WEIGHT_SECTION
0 48428 63603 49502 29479 68137 41738 32934 34980 60229 38172 6779 58668 50343 9456 47449 38173 9623 57639 15803 52607 41090 59576 18614 49537 48860 50489 68470 20002 3305 36537 7435 36981 11718 33587 35360 34375 10889 31378 74782 43562 36744 12227 15208 36549 22412 40131 81659 45159 67226 44862 22482 71437 39175 69709 61675 35764 68239 31191 5136 5551 55427 55696 39409 25661 14071 39050 50175 58937 25712 73338 52339 42022 38443 5149 68239 71505 44072 55696 18592 54037 68074 15211 56868 25661 64547 77984 13799 42654 55860 47687 9597 19078 25936 75300 33936 33936 47746 33864 17546 53144
48428 0 60187 66158 20811 101681 57219 38014 54622 82496 57814 46072 21592 3372 39871 10603 23178 45886 30947 36671 75450 16242 71906 36923 15783 15893 72755 86257 29207 46633 78969 42091 12289 43683 44614 39269 46790 41746 59058 109642 44128 26681 39855 38191 40458 58485 62398 118150 14674 72318 45488 43276 98345 68051 22738 23787 23776 25852 60067 51300 47327 73307 20368 24413 47907 55262 58692 81381 60570 45353 108199 18522 18327 26917 50276 26026 106366 59553 21114 42006 8621 104230 37070 53485 47907 89639 116110 43520 44287 20368 46496 40308 36653 67350 90889 37845 38415 46714 25676 42326 75411
63603 60187 0 41443 66618 100259 33168 39356 45337 54684 41102 65446 73627 59857 65399 66986 74884 56307 34170 68797 63301 67962 25550 55046 73960 48801 50342 39674 65192 60361 82322 63232 62798 69880 31719 34041 32527 65497 88569 129203 91884 77779 61711 69873 32852 83027 51883 118401 69129 17847 24476 43794 66864 99573 63018 74880 74874 76646 91588 67388 65446 111119 72625 76120 50075 62634 39469 76151 107524 44723 127759 75120 71854 41561 62388 76820 125926 34838 74584 47755 62329 102808 64124 10592 50651 123218 128455 53372 91241 72625 25545 64103 72900 70972 43845 35176 37172 21593 76775 73299 47897
49502 66158 41443 0 59755 66252 9061 32828 17209 25671 11967 54287 86042 67755 55439 71147 71993 40812 51439 61465 29293 67769 24687 45626 77895 58113 17248 31207 58329 49201 50965 52072 58761 59190 22033 27225 19523 55538 77535 104464 85021 73743 51752 61605 26035 67242 17876 84393 72976 32622 31746 27602 45873 84904 83733 88171 70838 90236 76927 52677 53418 102453 83445 73229 25679 40288 12589 42144 100661 24372 103021 80634 71661 46062 45964 90410 101188 6711 83785 31564 73589 68801 55877 35373 28533 109377 94553 38802 84378 83445 33465 54144 65748 42281 36280 28648 30643 32385 71482 64633 17494
29479 20811 66618 59755 0 89026 50815 31611 48218 74437 51410 27122 33815 22725 20921 20369 15706 27833 42080 17721 67391 15299 66716 18637 24684 22519 64697 80073 10257 27683 60888 23142 9363 24734 38211 32865 40386 22796 40108 90693 26675 17132 20906 19241 34055 39535 54339 102034 19369 73876 42540 36054 88422 49797 42091 36822 14226 42851 41812 32350 28378 55052 31007 16942 39848 36480 52288 68778 42315 38950 89249 28019 16231 28469 31327 42851 87416 53149 31346 32831 26420 91297 18121 58362 39848 71385 97160 26431 26032 31007 45003 21358 17703 49416 85699 31442 32011 45423 13136 23377 67352
68137 101681 100259 66252 89026 0 67876 80226 62330 64839 64624 72212 119349 103278 74671 105011 101403 63672 108400 80797 50805 99942 82130 73711 110381 99687 60514 83129 84200 68137 37258 71435 92116 73622 78942 82652 76477 74770 89063 55369 107009 100191 73841 80153 82679 78851 50889 34027 105066 91438 89860 64203 68432 96513 122644 122057 99489 125758 88535 66202 70731 112087 116705 102307 57859 56460 65775 44885 118023 61868 53926 113717 101929 89204 64093 125932 52092 65527 117044 62292 108452 17204 78233 94188 58630 120986 43274 66000 101740 116705 92132 74430 81776 43730 85940 81228 81228 91201 98165 77283 63170
41738 57219 33168 9061 50815 67876 0 23888 12169 30422 7934 45803 77102 58816 46956 62207 63053 33299 42500 52538 30918 58829 20407 37094 68955 49173 21999 32393 49389 40718 49396 43589 49822 50707 13093 18285 10583 47055 70314 99991 76081 64803 43268 53073 17095 60380 19501 86018 64037 28342 22806 19857 50624 78043 74793 79231 61898 81296 70065 45164 45654 93969 74506 64289 21036 35815 6301 43769 91721 19224 98548 71695 62721 37122 38450 81470 96715 2455 74845 23818 64649 70425 47345 26433 23494 102515 96177 31038 75438 74506 24525 45660 57097 37804 39390 19708 21704 23446 62542 56149 22245
32934 38014 39356 32828 31611 80226 23888 0 29127 54190 28273 33420 57898 39611 30055 43003 43849 25638 32461 33769 52574 39625 39789 18867 49751 30694 45766 53713 30185 29691 58239 30425 30617 35874 10949 5604 13460 31494 53024 101126 56877 45599 28033 34328 6793 50334 39522 98367 44832 46949 15278 18703 74392 64429 57753 60027 42694 62092 56445 36719 34776 75574 55301 45085 25006 35436 26668 59926 72517 20780 99683 52490 43517 18621 33863 62266 97850 26223 55641 20551 45445 82775 28600 31100 25006 90088 105107 22864 56234 55301 18103 30055 37893 46110 58772 4180 4180 18162 43338 37754 46013
34980 54622 45337 17209 48218 62330 12169 29127 0 33214 5296 39765 74505 56218 41872 59610 60456 25941 53523 47898 29089 56232 31267 32186 66358 52627 23474 41150 46706 34680 39175 37550 47224 44668 21083 26429 19211 41971 62828 89259 73399 62206 38184 47881 25239 52534 17453 80472 61439 39202 32359 12498 53416 70197 75585 76634 59301 78699 62219 37806 38896 88378 71908 61692 10304 25083 6175 41513 89038 9268 87816 69098 60124 41092 31092 78873 85983 13185 72248 16460 62052 64879 42310 38602 12761 94669 89788 24280 72756 71908 35184 40576 52028 27046 48236 27852 29847 34875 59859 50496 26130
60229 82496 54684 25671 74437 64839 30422 54190 33214 0 31791 65014 100729 84093 67142 85834 86681 51063 72801 73370 24701 82456 30530 57962 92583 79475 10833 26747 72591 59929 50590 62799 73449 69917 43395 48586 40884 67241 87766 106056 99284 88431 63455 73408 47397 77472 20794 82981 87664 43464 53107 41526 21516 95134 102914 102871 85526 106573 87157 62928 64145 113626 98133 87917 34746 49774 32943 29727 114923 38296 104612 95322 86349 67423 56214 106747 102779 28073 98472 43106 89267 67388 67959 56734 38784 119607 93140 49678 98641 98133 54827 65846 77277 46143 29558 50009 52005 53747 85744 75745 8177
38172 57814 41102 11967 51410 64624 7934 28273 5296 31791 0 42957 77697 59410 45064 62802 63648 29133 50025 51090 27665 59424 26389 35378 69550 53469 22051 36584 49898 37872 43061 40742 50416 47860 19104 24449 16593 45163 66020 93119 76591 65398 41376 51073 23259 55726 16248 82765 64631 34324 29617 15690 51993 73389 78777 79826 62493 81891 65411 40998 42088 91570 75100 64884 14163 28943 1711 40516 92230 12460 91675 72290 63316 41270 34284 82065 89842 8307 75440 19652 65244 67173 45502 34367 16621 97861 92748 27472 75948 75100 31889 43768 55220 30932 44108 25872 27868 31378 63051 53688 24706
6779 46072 65446 54287 27122 72212 45803 33420 39765 65014 42957 0 56170 47986 6201 45092 34780 14315 55305 12300 57584 38733 63051 17242 47038 46526 55273 73255 17206 8124 40611 7884 34624 6764 35429 35846 36237 8324 27710 73452 40059 33241 10855 11705 37035 20896 44916 85378 42803 70211 45496 27266 76414 36698 67352 59176 32372 65740 28713 8734 3610 50515 52304 36016 30446 19048 43835 55152 55434 30497 72008 48947 39665 36109 9837 65740 70175 48138 52304 23449 51681 72148 12876 58711 30446 61828 79896 15641 39151 53362 48321 8225 15423 30011 80085 34422 34422 48380 30471 13629 57929
58668 21592 73627 86042 33815 119349 77102 57898 74505 100729 77697 56170 0 18825 50913 16407 21802 58319 42993 47305 93683 21380 90609 49123 14013 36211 90989 104961 40031 57675 91015 53134 28122 52916 64497 59152 66673 52724 64368 118550 42613 25556 50897 48658 60342 67310 80632 130909 15912 87827 63185 62340 116579 69422 21015 4265 24210 11232 61437 61398 57425 74677 5788 22869 66141 66606 78575 98982 61579 65237 117107 10774 19665 44558 61318 11232 115274 79436 6662 60240 13065 120172 48112 68694 66141 91009 125017 57328 45657 3833 63431 51350 44016 79543 109593 57729 58298 63382 26111 49999 93645
50343 3372 59857 67755 22725 103278 58816 39611 56218 84093 59410 47986 18825 0 41785 10816 25075 47800 29801 38585 77047 18133 73321 38837 15996 17490 74352 87672 31121 48547 80884 44006 14203 45597 46211 40866 48387 43660 60972 111557 46445 28997 41769 40105 42055 60399 63995 120064 16411 73400 46627 44873 99942 69965 19470 20519 26092 22584 61981 53214 49241 75221 17718 26310 49504 57176 60289 82978 62484 46950 110113 18628 20064 27999 52190 22758 108280 61150 18475 43603 5971 105827 38984 54567 49504 91553 118024 45434 46201 17718 47578 42222 38567 69162 92304 39442 40012 47796 27992 44240 77008
9456 39871 65399 55439 20921 74671 46956 30055 41872 67142 45064 6201 50913 41785 0 38891 29977 16423 49104 8142 59713 32532 64204 11706 41782 40325 57402 74408 11005 10465 43071 5287 28423 6472 35565 32396 36373 3465 26764 73368 37449 30355 4811 8142 33586 21373 47044 85855 36602 71364 42071 29374 78543 36992 61151 53920 27569 60084 29007 11429 7456 49314 47501 31213 32575 21390 45942 57281 52825 32604 71924 44144 33464 29908 12514 60084 70091 49290 47501 25556 45480 74608 6675 57893 32575 62854 79835 17749 36542 48105 44896 2027 12965 32470 81238 30973 30973 44954 25668 11433 60058
47449 10603 66986 71147 20369 105011 62207 43003 59610 85834 62802 45092 16407 10816 38891 0 14426 46162 37746 35691 78788 7491 77765 36966 8272 22539 76094 91470 28227 45653 78479 41112 13226 42703 49602 44257 51778 40766 57547 108663 36736 19330 38875 37211 45446 57505 65736 117660 5689 79117 51347 47445 101684 63249 26455 19095 16627 24125 55265 50320 46347 68505 13823 15662 51246 54450 63680 84644 55768 50342 107219 11012 9342 33716 49296 24299 105386 64541 14162 45345 8885 106922 36090 60284 51246 84837 115130 44908 39485 13823 53175 39328 34845 67007 96748 42834 43403 53513 18528 40828 78750
38173 23178 74884 71993 15706 101403 63053 43849 60456 86681 63648 34780 21802 25075 29977 14426 0 40210 45644 25504 79635 7198 78954 31014 13318 26083 76940 92316 18973 38283 70940 32638 14073 31114 50449 45103 52625 32228 43770 97039 22310 4904 31505 26856 46293 45704 66583 110572 9004 84862 54176 48292 100591 48824 40805 25139 2408 32804 40839 40239 36180 54079 17524 1236 52092 48225 64527 81155 41342 51188 95595 14167 5256 38018 40823 32804 93762 65388 17524 45940 23174 99834 28720 67882 52092 70412 103506 39219 25059 20218 56005 30854 22214 59468 97937 43680 44249 57060 4309 28197 79596
9623 45886 56307 40812 27833 63672 33299 25638 25941 51063 29133 14315 58319 47800 16423 46162 40210 0 53134 22650 44017 39803 51137 12517 49188 44355 41323 60031 24117 9230 34990 12101 34048 19219 26291 28064 26995 16521 38996 77150 50001 41589 12735 22710 29253 29628 30965 79576 43873 58788 37567 13443 63504 46829 67166 61326 38730 67355 38844 13408 13539 62928 55511 41446 16495 10581 30011 43424 65517 16673 75707 52523 40735 33938 8906 67355 73874 35633 55850 9552 51662 65941 17566 49572 16495 71763 80353 6503 49234 55511 40391 15127 26579 23518 66749 26640 26640 40450 37640 25047 43979
57639 30947 34170 51439 42080 108400 42500 32461 53523 72801 50025 55305 42993 29801 49104 37746 45644 53134 0 50145 73297 38722 52687 44170 44808 19560 64378 66811 46540 55187 86413 51302 33557 54695 32760 33202 35271 50957 70069 120654 65987 48539 48409 51373 33472 69496 61880 126541 39889 46340 23778 48363 92481 81781 33395 44245 45634 46012 73797 60533 56560 92619 41990 46880 54048 63173 48403 86148 81839 49707 119210 44905 42614 19196 59487 46186 117377 44834 43950 48725 31694 110948 45624 27507 54048 108619 127121 50702 65556 41990 22199 49518 54248 74284 70981 31779 33662 21976 47534 54799 64624
15803 36671 68797 61465 17721 80797 52538 33769 47898 73370 51090 12300 47305 38585 8142 35691 25504 22650 50145 0 65940 29332 68439 15839 38363 37887 63629 80635 7763 16693 49280 12032 25224 8699 40390 35045 42110 11210 24026 74659 31540 24722 11556 3106 36234 23501 53272 89006 33402 75600 44719 35400 84770 35739 57951 50502 23095 56884 27754 17759 13700 46577 43027 26740 38802 27617 51968 63508 46916 38630 73215 39670 29710 30949 18862 56884 71382 54873 43027 31783 42280 79253 8944 60541 38802 62576 81126 23976 30633 44687 47182 10024 7057 38680 87422 33621 34170 47603 21195 8756 66285
52607 75450 63301 29293 67391 50805 30918 52574 29089 24701 27665 57584 93683 77047 59713 78788 79635 44017 73297 65940 0 75410 40504 50916 85537 73455 15802 38417 65545 52499 36556 55370 66403 62488 43891 49082 41380 59812 78747 92021 92237 81385 56025 65978 47893 68454 13052 68946 80618 52858 53603 35694 39293 86116 96413 95825 78479 99527 78138 54600 56523 105536 91087 80871 28509 39600 28817 20797 107877 32464 90578 88276 79303 62925 48593 99701 88745 28569 91426 36060 82221 53353 60856 57230 32101 110589 79105 42631 91594 91087 55323 58417 69848 32109 41228 50506 52087 54243 78698 68316 18458
41090 16242 67962 67769 15299 99942 58829 39625 56232 82456 59424 38733 21380 18133 32532 7491 7198 39803 38722 29332 75410 0 74729 30608 12762 19161 72716 88092 21869 39294 72499 34753 9848 36345 46224 40879 48400 34407 50708 102304 29509 12102 32517 30852 42068 50984 62358 112591 7030 79552 48866 44067 98306 56022 33946 24128 9408 30141 48038 43961 39989 61277 18784 8434 47868 48091 60302 79575 48540 46964 100860 15973 3892 32179 42938 30141 99027 61163 19123 41967 16232 101853 29732 61259 47868 77610 108771 38812 32257 18784 50694 32969 28005 61027 93713 39456 40025 51749 11309 33988 75372
59576 71906 25550 24687 66716 82130 20407 39789 31267 30530 26389 63051 90609 73321 64204 77765 78954 51137 52687 68439 40504 74729 0 54139 84513 61963 26188 15814 65290 57966 65409 60836 65722 67954 30341 34185 28421 64302 88152 119089 91982 80704 60516 69515 32996 78219 32407 100271 79595 14330 34024 37695 42711 95881 84473 92627 77799 94693 87903 63002 63051 110761 88779 80190 40134 54913 25387 55751 107622 36844 117646 87253 78622 49912 56289 94867 115813 18081 90403 41656 78856 84678 63787 32945 41113 120354 110430 48876 91339 88779 35744 62908 72998 56902 20449 35609 37604 34664 78443 72941 23743
18614 36923 55046 45626 18637 73711 37094 18867 32186 57962 35378 17242 49123 38837 11706 36966 31014 12517 44170 15839 50916 30608 54139 0 39992 35391 48222 64974 15200 15795 46812 12277 25084 17526 25703 21293 26511 13145 34675 83566 41984 32440 9885 15979 22483 32408 37864 90884 34677 61300 30968 19687 73458 46080 58203 52130 29535 58159 38096 22236 18970 57225 46315 32250 23374 22519 36256 53377 57623 22918 82122 43328 31539 24974 20462 58159 80289 39428 46655 16248 42699 76260 10251 46790 23374 73225 90033 11636 41341 46315 33793 11706 20876 34683 71804 19870 19870 33851 28444 19405 50878
49537 15783 73960 77895 24684 110381 68955 49751 66358 92583 69550 47038 14013 15996 41782 8272 13318 49188 44808 38363 85537 12762 84513 39992 0 29287 82842 98218 30900 48544 81884 44002 19975 44432 56351 51005 58526 43593 55885 110067 34425 17072 41766 39884 52195 58826 72485 122589 6945 86178 58095 54194 107729 60938 31459 17020 15726 23583 52954 52266 48294 66194 10286 14385 57994 57475 70429 90133 53456 57090 108623 6929 10697 40778 52187 23583 106790 71290 10286 52093 14061 111851 38981 67346 57994 82526 116534 48197 37173 11205 59923 42219 35532 70412 103496 49582 50151 60574 17627 41515 85498
48860 15893 48801 58113 22519 99687 49173 30694 52627 79475 53469 46526 36211 17490 40325 22539 26083 44355 19560 37887 73455 19161 61963 35391 29287 0 70688 76315 30423 46408 77700 42523 13997 44899 36265 31901 38776 42178 60273 110858 46426 28979 39630 39407 33091 59700 60403 117828 24369 60931 31645 41282 96056 69760 32965 37905 26073 39970 61775 51754 47781 75015 34838 27319 45913 54394 51864 79386 62278 43359 109415 32027 23053 13018 50708 40144 107582 51508 35177 40012 23324 102235 36845 42098 45913 91348 117325 41989 45995 34838 32597 40739 37869 65571 80947 30478 31195 34116 27974 43542 71298
50489 72755 50342 17248 64697 60514 21999 45766 23474 10833 22051 55273 90989 74352 57402 76094 76940 41323 64378 63629 15802 72716 26188 48222 82842 70688 0 22615 62851 50188 46265 53059 63709 60177 34971 40163 32461 57501 78025 101731 89543 78691 53714 63667 38973 67732 11054 78656 77924 39122 44684 31786 31035 85394 93718 93131 75785 96833 77416 53188 54405 103886 88393 78176 25006 40034 23202 32093 105183 28556 100287 85582 76608 59000 46474 97007 98454 19649 88732 33366 79526 63063 58219 48311 29043 109867 88815 39937 88900 88393 46403 56106 67537 41121 25426 41586 43582 45324 76004 66005 2656
68470 86257 39674 31207 80073 83129 32393 53713 41150 26747 36584 73255 104961 87672 74408 91470 92316 60031 66811 80635 38417 88092 15814 64974 98218 76315 22615 0 78646 68170 68880 71040 79085 78158 42918 48109 40407 74506 97046 124346 105339 94066 70720 80851 46920 87112 32997 101271 93300 28747 48375 47964 38751 104775 98597 106979 91161 109044 96797 71896 72386 121421 103131 93552 46924 61977 36639 53602 120979 46816 122903 100958 91984 64263 65182 109218 121070 30068 104108 50550 93207 85678 75225 47069 48329 129248 111430 57770 104696 103131 50095 73112 84716 63550 13228 49533 51528 49015 91799 83601 19960
20002 29207 65192 58329 10257 84200 49389 30185 46706 72591 49898 17206 40031 31121 11005 28227 18973 24117 46540 7763 65545 21869 65290 15200 30900 30423 62851 78646 0 19310 52599 13665 17760 14877 36785 31439 38960 13320 30203 80836 27130 19556 12532 9283 32629 29678 52493 94730 25938 72450 41114 34208 85396 41916 50487 43038 16564 49420 33931 22434 18461 52754 36496 20208 38003 30234 50777 64975 42770 37438 79392 33139 22800 27344 21850 49420 77559 51723 36496 30986 34816 83992 9747 56936 38003 68754 87303 23405 26487 37223 43577 11882 7745 41999 84273 30016 30585 43997 14664 13418 65507
3305 46633 60361 49201 27683 68137 40718 29691 34680 59929 37872 8124 57675 48547 10465 45653 38283 9230 55187 16693 52499 39294 57966 15795 48544 46408 50188 68170 19310 0 36537 5910 35186 13027 30344 32117 31152 10564 32677 75448 44871 38053 9408 16518 33307 24708 39831 81709 43364 65126 41620 22181 71329 40510 67913 60682 35874 66846 32526 7090 7221 56737 54867 39519 25361 13963 38750 50067 60247 25412 74004 51880 40226 35991 5152 66846 72171 43052 55207 18363 52242 68074 14783 53626 25361 66287 79938 10556 43964 54867 44445 9170 20388 25936 75000 30694 30694 44503 33974 18855 52844
36537 78969 82322 50965 60888 37258 49396 58239 39175 50590 43061 40611 91015 80884 43071 78479 70940 34990 86413 49280 36556 72499 65409 46812 81884 77700 46265 68880 52599 36537 0 40667 67131 45312 56955 60665 54490 43169 57544 61547 77394 70576 44153 49041 60692 47250 36640 55400 76569 74718 68231 42216 54183 64913 100250 94022 68940 100051 56935 34601 39130 84615 87452 72176 35872 25527 43940 31629 90955 39881 60103 84095 73431 67217 32492 100051 58270 48701 87452 39136 85029 39807 47711 75828 36643 89385 64234 40797 74672 88207 71056 42829 52910 12129 71691 59242 59242 71114 67039 49461 48921
7435 42091 63232 52072 23142 71435 43589 30425 37550 62799 40742 7884 53134 44006 5287 41112 32638 12101 51302 12032 55370 34753 60836 12277 44002 42523 53059 71040 13665 5910 40667 0 30644 11007 33215 32851 34023 6455 30728 77695 40795 33221 5890 12032 34040 25139 42701 85839 38822 67997 42501 25052 74200 40941 63372 56140 30230 62304 32957 11057 7884 53278 50162 33874 28231 16834 41621 52938 56435 28282 76252 46805 35685 32106 9283 62304 74419 45923 50162 21234 47700 72204 8874 56497 28231 64894 83977 13427 40152 50326 45326 3260 16929 30067 77870 31427 31427 45385 28329 15458 55715
36981 12289 62798 58761 9363 92116 49822 30617 47224 73449 50416 34624 28122 14203 28423 13226 14073 34048 33557 25224 66403 9848 65722 25084 19975 13997 63709 79085 17760 35186 67131 30644 0 32236 37217 31872 39393 30299 47610 98195 33270 15823 28408 26744 33061 47037 53351 106312 15056 72218 41357 35060 89298 56604 33569 30869 12918 36441 48620 39852 35880 61859 25525 15309 38861 43424 51295 71815 49122 37956 96752 22714 13741 24787 38829 36616 94918 52156 25864 32959 17898 94665 25623 55238 38861 78192 104662 31682 32839 25525 43185 28860 25206 55512 84705 30448 31018 44240 14818 30879 66364
11718 43683 69880 59190 24734 73622 50707 35874 44668 69917 47860 6764 52916 45597 6472 42703 31114 19219 54695 8699 62488 36345 67954 17526 44432 44899 60177 78158 14877 13027 45312 11007 32236 0 40047 38216 40855 8597 21479 67184 36393 29575 11282 8766 39405 14963 49819 81531 39816 75115 47890 32170 81317 31561 64964 56253 28706 63284 23577 13673 9615 44284 48638 32350 35349 23952 48739 60055 50342 35400 65740 45281 36068 35498 14776 63284 63907 53041 48638 28352 49292 73065 12266 63145 35349 57358 73651 20545 34059 50906 50715 8498 10871 34712 84988 36792 36792 50774 26805 7150 62832
33587 44614 31719 22033 38211 78942 13093 10949 21083 43395 19104 35429 64497 46211 35565 49602 50449 26291 32760 40390 43891 46224 30341 25703 56351 36265 34971 42918 36785 30344 56955 33215 37217 40047 0 5345 2511 35664 59697 101535 63477 52199 31878 41466 4156 53818 32473 97083 51432 37501 11276 16144 63597 69620 63323 66626 49294 68691 61636 37372 35429 82459 61901 51685 22425 34966 17481 56741 79117 17074 100092 59090 50117 24214 34516 68866 98259 15428 62240 19902 52045 81490 35717 24984 23001 93814 104397 23517 62834 61901 14100 34270 44492 44826 49324 6769 8764 14159 49937 44639 35218
35360 39269 34041 27225 32865 82652 18285 5604 26429 48586 24449 35846 59152 40866 32396 44257 45103 28064 33202 35045 49082 40879 34185 21293 51005 31901 40163 48109 31439 32117 60665 32851 31872 38216 5345 0 7856 33835 54816 103552 58132 46854 30459 36120 1189 52760 37665 100793 46087 41346 12522 21039 68788 66529 58960 61281 43948 63346 58544 39145 37202 77367 56556 46339 27343 37862 22827 61933 73771 22419 102109 53745 44771 19850 36289 63520 100275 20619 56895 22977 46700 85201 30372 26920 27343 91966 107533 25290 57489 56556 15346 32396 39147 48536 53169 1423 3419 15405 44592 39546 40409
34375 46790 32527 19523 40386 76477 10583 13460 19211 40884 16593 36237 66673 48387 36373 51778 52625 26995 35271 42110 41380 48400 28421 26511 58526 38776 32461 40407 38960 31152 54490 34023 39393 40855 2511 7856 0 36472 60624 99088 65653 54375 32686 42490 6667 53401 29963 94618 53608 36071 13786 13679 61086 70428 65834 68802 51469 70867 62444 38160 36237 83387 64077 53860 19960 32519 14971 54231 81292 14609 97644 61266 52292 26725 32273 71041 95811 12917 64416 17640 54221 79025 36762 25792 20536 94741 101932 23675 65010 64077 16611 35077 46668 42361 47404 9279 11275 16670 52113 45566 32707
10889 41746 65497 55538 22796 74770 47055 31494 41971 67241 45163 8324 52724 43660 3465 40766 32228 16521 50957 11210 59812 34407 64302 13145 43593 42178 57501 74506 13320 10564 43169 6455 30299 8597 35664 33835 36472 0 28744 75494 38952 31812 6249 10399 35024 23498 47143 86123 38477 71463 43509 29472 78641 38972 63026 55731 29820 61959 30988 13510 9582 51294 49752 33464 32673 21488 46041 57379 54451 32703 74050 46395 35339 31761 12736 61959 72217 49389 49752 25655 47355 74706 8528 58762 32673 64980 81961 17847 38168 49916 46334 3465 14945 32569 81336 32411 32411 46393 27919 13413 60156
31378 59058 88569 77535 40108 89063 70314 53024 62828 87766 66020 27710 64368 60972 26764 57547 43770 38996 70069 24026 78747 50708 88152 34675 55885 60273 78025 97046 30203 32677 57544 30728 47610 21479 59697 54816 60624 28744 0 82826 45316 38907 30252 23704 56006 14373 67668 97173 52775 95371 64491 50817 96529 15201 80338 67705 41899 75371 7217 29582 28253 32918 60090 42535 53219 40341 66898 75267 45383 54047 81383 56733 49026 50873 32223 75371 79550 72648 60090 46927 64666 87418 27640 80313 53219 47917 89293 41491 35187 62785 66953 28645 23698 46943 103451 53393 53941 67374 40163 22576 80681
74782 109642 129203 104464 90693 55369 99991 101126 89259 106056 93119 73452 118550 111557 73368 108663 97039 77150 120654 74659 92021 102304 119089 83566 110067 110858 101731 124346 80836 75448 61547 77695 98195 67184 101535 103552 99088 75494 82826 0 100570 93752 78179 74726 104741 75736 91984 46594 105741 127025 112811 86483 109649 92334 130923 121887 94630 129209 84350 72490 73039 105648 114272 97380 82980 66713 93997 88077 111585 86556 9852 110915 101992 101458 71988 129209 3277 101008 114272 82846 115251 47983 78225 122468 83017 118723 34824 83245 95302 116831 115635 75395 75338 62776 127157 102129 102129 115694 92730 70845 104387
43562 44128 91884 85021 26675 107009 76081 56877 73399 99284 76591 40059 42613 46445 37449 36736 22310 50001 65987 31540 92237 29509 91982 41984 34425 46426 89543 105339 27130 44871 77394 40795 33270 36393 63477 58132 65653 38952 45316 100570 0 17447 39662 32664 59321 49330 79186 114917 31315 99143 67806 60900 112121 50369 62452 45950 20439 53616 42385 45517 41459 37129 38630 21075 64695 55796 77469 90859 24392 64131 99127 35273 27566 54036 46620 53616 97294 78416 38630 57678 45382 106313 36877 83628 64695 53462 107038 50188 14588 41325 70269 38853 26912 66794 110965 56708 57277 70690 18913 32800 92199
36744 26681 77779 73743 17132 100191 64803 45599 62206 88431 65398 33241 25556 28997 30355 19330 4904 41589 48539 24722 81385 12102 80704 32440 17072 28979 78691 94066 19556 38053 70576 33221 15823 29575 52199 46854 54375 31812 38907 93752 17447 0 32088 25845 48043 42512 68333 108099 13908 87200 56339 50042 102056 43961 45395 28893 2992 36558 35976 38699 34641 49216 21278 3668 53842 48599 66277 82447 36479 52938 92309 17921 10160 39768 39802 36558 90476 67138 21278 47651 28029 98676 29303 70220 53842 65548 100220 40645 20196 23972 58167 31438 20094 59363 99687 45430 45999 59222 4892 25982 81346
12227 39855 61711 51752 20906 73841 43268 28033 38184 63455 41376 10855 50897 41769 4811 38875 31505 12735 48409 11556 56025 32517 60516 9885 41766 39630 53714 70720 12532 9408 44153 5890 28408 11282 31878 30459 32686 6249 30252 78179 39662 32088 0 11556 31648 26184 43357 87562 36586 67676 40109 25686 74855 41657 61136 53904 29097 60068 33673 15848 12074 52802 48090 32741 28887 19745 42255 53593 55302 28916 76735 45102 33448 29213 14075 60068 74902 45603 48429 21868 45464 75104 8398 54976 28887 66488 84646 14061 39019 48090 42934 4811 16453 32681 77550 29035 29035 42993 27196 14982 56370
15208 38191 69873 61605 19241 80153 53073 34328 47881 73408 51073 11705 48658 40105 8142 37211 26856 22710 51373 3106 65978 30852 69515 15979 39884 39407 63667 80851 9283 16518 49041 12032 26744 8766 41466 36120 42490 10399 23704 74726 32664 25845 11556 0 37310 23568 53310 89073 34811 76675 45795 35383 84808 35417 59471 51995 24448 58404 27433 17164 13105 46255 44380 28092 38840 27442 51951 63546 48039 38613 73282 41023 31063 32177 18267 58404 71449 55407 44380 31843 43800 79725 8944 61617 38840 62345 81193 24035 31756 46207 48258 10024 8180 38441 87681 34697 35245 48678 22547 8435 66323
36549 40458 32852 26035 34055 82679 17095 6793 25239 47397 23259 37035 60342 42055 33586 45446 46293 29253 33472 36234 47893 42068 32996 22483 52195 33091 38973 46920 32629 33307 60692 34040 33061 39405 4156 1189 6667 35024 56006 104741 59321 48043 31648 37310 0 53949 36475 100820 47276 40156 11987 20300 67599 67718 60149 62470 45138 64535 59734 40334 38392 78556 57745 47529 26581 38464 21637 60743 74961 21230 103298 54934 45961 21040 37478 64710 101465 19430 58084 23522 47889 85228 31561 26058 27157 93155 108134 26479 58678 57745 14812 33586 40337 48563 51979 2613 4608 14871 45781 40736 39220
22412 58485 83027 67242 39535 78851 60380 50334 52534 77472 55726 20896 67310 60399 21373 57505 45704 29628 69496 23501 68454 50984 78219 32408 58826 59700 67732 87112 29678 24708 47250 25139 47037 14963 53818 52760 53401 23498 14373 75736 49330 42512 26184 23568 53949 0 57374 88663 54406 85869 62411 40524 86235 21748 79765 70647 43296 77874 13764 19289 19957 43945 63032 46139 42925 30047 56605 64973 55815 43754 74293 59675 50658 50300 21930 77874 72459 62715 63032 36634 64093 78331 27067 76292 42925 47824 82203 34030 39846 65496 65235 23400 24003 36650 93158 51337 51337 65294 41395 19510 70388
40131 62398 51883 17876 54339 50889 19501 39522 17453 20794 16248 44916 80632 63995 47044 65736 66583 30965 61880 53272 13052 62358 32407 37864 72485 60403 11054 32997 52493 39831 36640 42701 53351 49819 32473 37665 29963 47143 67668 91984 79186 68333 43357 53310 36475 57374 0 69030 67566 43063 42186 22642 40996 75037 83361 82773 65428 86475 67059 42830 44047 93529 78035 67819 15458 28980 17400 26432 94826 19412 90540 75224 66251 49873 36117 86649 88707 17151 78374 23008 69169 53438 47861 45813 19049 99509 79190 29580 78543 78035 43905 45749 57179 30552 36480 39088 39852 42825 65646 55647 13709
81659 118150 118401 84393 102034 34027 86018 98367 80472 82981 82765 85378 130909 120064 85855 117660 110572 79576 126541 89006 68946 112591 100271 90884 122589 117828 78656 101271 94730 81709 55400 85839 106312 81531 97083 100793 94618 86123 97173 46594 114917 108099 87562 89073 100820 88663 69030 0 117163 109580 108002 82344 86574 106681 139430 133987 108599 139867 98697 79368 82152 119995 126794 111118 76000 71191 83917 63026 125932 80009 42541 123437 113414 107345 77664 140042 43317 83668 126794 80433 124209 18397 89277 112330 76771 131862 20474 84142 109649 129353 110274 86025 89685 61871 104082 99370 99370 109343 107077 85192 81311
45159 14674 69129 72976 19369 105066 64037 44832 61439 87664 64631 42803 15912 16411 36602 5689 9004 43873 39889 33402 80618 7030 79595 34677 6945 24369 77924 93300 25938 43364 76569 38822 15056 39816 51432 46087 53608 38477 52775 105741 31315 13908 36586 34811 47276 54406 67566 117163 0 81260 53177 49275 103128 57828 32110 18660 11214 24673 49844 48031 44058 63083 12495 10240 53076 52160 65510 84818 50346 52171 104297 9305 3860 35859 47007 24673 102464 66371 12495 47175 14480 106425 33801 62427 53076 79416 112208 42882 34063 13316 55005 37039 30916 65097 98578 44663 45233 55656 13115 36899 80579
67226 72318 17847 32622 73876 91438 28342 46949 39202 43464 34324 70211 87827 73400 71364 79117 84862 58788 46340 75600 52858 79552 14330 61300 86178 60931 39122 28747 72450 65126 74718 67997 72218 75115 37501 41346 36071 71463 95371 127025 99143 87200 67676 76675 40156 85869 43063 109580 81260 0 36080 45345 55644 103531 77875 89136 84294 90902 95553 70652 70211 117922 86825 86098 48069 62849 33323 67331 114782 44780 125581 88918 83444 53691 63939 91076 123748 26017 88784 49307 76529 93987 70947 25449 49049 128004 119739 56526 98499 86825 37149 70068 80158 64838 32918 42769 44765 33197 85603 80101 36677
44862 45488 24476 31746 42540 89860 22806 15278 32359 53107 29617 45496 63185 46627 42071 51347 54176 37567 23778 44719 53603 48866 34024 30968 58095 31645 44684 48375 41114 41620 68231 42501 41357 47890 11276 12522 13786 43509 64491 112811 67806 56339 40109 45795 11987 62411 42186 108002 53177 36080 0 27420 73309 76203 56193 64690 53434 66738 68219 48648 46705 87041 62183 55412 33701 46242 27994 66454 83446 28349 111367 60835 52758 20265 45792 66913 109534 25140 63807 31177 51887 92409 40046 17247 34277 101616 115316 34792 67163 62183 3963 42071 48822 56102 53007 11098 13093 2883 54267 49221 44930
22482 43276 43794 27602 36054 64203 19857 18703 12498 41526 15690 27266 62340 44873 29374 47445 48292 13443 48363 35400 35694 44067 37695 19687 54194 41282 31786 47964 34208 22181 42216 25052 35060 32170 16144 21039 13679 29472 50817 86483 60900 50042 25686 35383 20300 40524 22642 82344 49275 45345 27420 0 60586 58186 64239 64482 47137 67354 50208 25307 26398 75879 59744 49528 8508 19914 16569 43903 76540 3230 85039 56933 47960 29747 18594 67528 83206 22191 60083 3962 50707 66752 29812 37059 8851 82659 89585 11782 60257 59744 30244 28078 39530 30087 55049 19705 19705 30303 47361 37998 34441
71437 98345 66864 45873 88422 68432 50624 74392 53416 21516 51993 76414 116579 99942 78543 101684 100591 63504 92481 84770 39293 98306 42711 73458 107729 96056 31035 38751 85396 71329 54183 74200 89298 81317 63597 68788 61086 78641 96529 109649 112121 102056 74855 84808 67599 86235 40996 86574 103128 55644 73309 60586 0 103898 119308 118721 99150 122422 95920 73429 75353 123601 113982 101826 54523 58376 53145 29574 127637 58251 108205 111065 100411 85205 67422 122596 106372 48274 114322 58956 105116 70981 79685 74259 55294 128371 96733 65102 111354 113982 75029 77247 88678 49736 39758 70211 72207 73949 98640 87145 28379
39175 68051 99573 84904 49797 96513 78043 64429 70197 95134 73389 36698 69422 69965 36992 63249 48824 46829 81781 35739 86116 56022 95881 46080 60938 69760 85394 104775 41916 40510 64913 40941 56604 31561 69620 66529 70428 38972 15201 92334 50369 43961 41657 35417 67718 21748 75037 106681 57828 103531 76203 58186 103898 0 89194 72759 46953 80424 7984 36951 35759 43408 65144 47588 60588 47710 74267 82636 55873 61416 90891 61787 54080 62585 39592 80424 89058 80377 65144 54296 71895 96450 39353 92025 60588 48858 98801 49832 40240 67838 78666 38873 35410 54312 110820 65105 65347 79087 45264 34542 88050
69709 22738 63018 83733 42091 122644 74793 57753 75585 102914 78777 67352 21015 19470 61151 26455 40805 67166 33395 57951 96413 33946 84473 58203 31459 32965 93718 98597 50487 67913 100250 63372 33569 64964 63323 58960 65834 63026 80338 130923 62452 45395 61136 59471 60149 79765 83361 139430 32110 77875 56193 64239 119308 89194 0 18084 43048 15502 81209 72580 68608 94449 25484 41956 68870 76542 78898 102344 81351 66317 129479 30855 35763 40076 71557 15676 127646 77127 27447 62969 18980 125193 58351 58085 68870 110782 137390 64800 65429 24618 54426 61588 57933 88528 102767 57536 58254 54390 44949 63607 95283
61675 23787 74880 88171 36822 122057 79231 60027 76634 102871 79826 59176 4265 20519 53920 19095 25139 61326 44245 50502 95825 24128 92627 52130 17020 37905 93131 106979 43038 60682 94022 56140 30869 56253 66626 61281 68802 55731 67705 121887 45950 28893 53904 51995 62470 70647 82773 133987 18660 89136 64690 64482 118721 72759 18084 0 27547 7769 64774 64404 60432 78014 9581 26206 68283 69613 80704 101730 64916 67366 120444 14111 22412 46220 64325 7769 118611 81565 9999 62382 15740 123250 51119 69946 68283 94347 128354 60335 48994 7170 64977 54357 47353 82550 111611 59858 60427 64690 29448 53336 95787
35764 23776 74874 70838 14226 99489 61898 42694 59301 85526 62493 32372 24210 26092 27569 16627 2408 38730 45634 23095 78479 9408 77799 29535 15726 26073 75785 91161 16564 35874 68940 30230 12918 28706 49294 43948 51469 29820 41899 94630 20439 2992 29097 24448 45138 43296 65428 108599 11214 84294 53434 47137 99150 46953 43048 27547 0 35133 38968 37830 33772 52208 19932 3644 50937 46252 63371 79675 39471 50033 93187 16575 7466 36863 38414 35133 91354 64232 19932 44745 25376 97862 26311 67315 50937 68540 101097 37739 23188 22626 55262 28446 19806 57495 96782 42525 43094 56317 1901 25789 78441
68239 25852 76646 90236 42851 125758 81296 62092 78699 106573 81891 65740 11232 22584 60084 24125 32804 67355 46012 56884 99527 30141 94693 58159 23583 39970 96833 109044 49420 66846 100051 62304 36441 63284 68691 63346 70867 61959 75371 129209 53616 36558 60068 58404 64535 77874 86475 139867 24673 90902 66738 67354 122422 80424 15502 7769 35133 0 72440 70968 66995 85680 16144 33871 71984 75642 82769 105458 72582 69431 127766 21777 28426 48285 70489 174 125933 83630 17664 66083 20743 128307 57283 71713 71984 102012 135676 66364 56660 14836 67025 60521 54896 88579 113676 61923 62492 66738 37034 60879 99488
31191 60067 91588 76927 41812 88535 70065 56445 62219 87157 65411 28713 61437 61981 29007 55265 40839 38844 73797 27754 78138 48038 87903 38096 52954 61775 77416 96797 33931 32526 56935 32957 48620 23577 61636 58544 62444 30988 7217 84350 42385 35976 33673 27433 59734 13764 67059 98697 49844 95553 68219 50208 95920 7984 81209 64774 38968 72440 0 28973 27775 35424 57159 39603 52610 39732 66289 74658 47889 53438 82907 53802 46095 54601 31614 72440 81074 72399 57159 46318 63911 88472 31368 84041 52610 46864 90817 41848 32256 59854 70682 30889 27426 46334 102843 57121 57362 71102 37280 26558 80072
5136 51300 67388 52677 32350 66202 45164 36719 37806 62928 40998 8734 61398 53214 11429 50320 40239 13408 60533 17759 54600 43961 63002 22236 52266 51754 53188 71896 22434 7090 34601 11057 39852 13673 37372 39145 38160 13510 29582 72490 45517 38699 15848 17164 40334 19289 42830 79368 48031 70652 48648 25307 73429 36951 72580 64404 37830 70968 28973 0 7253 55743 57762 41475 28360 16747 41876 52167 60852 28538 71047 54405 44893 41337 6720 70968 69214 47498 57762 21417 56909 66138 18104 60654 28360 61424 75693 17584 44569 58590 51472 13219 21034 24001 78614 37721 37721 51531 35930 18715 55843
5551 47327 65446 53418 28378 70731 45654 34776 38896 64145 42088 3610 57425 49241 7456 46347 36180 13539 56560 13700 56523 39989 63051 18970 48294 47781 54405 72386 18461 7221 39130 7884 35880 9615 35429 37202 36237 9582 28253 73039 41459 34641 12074 13105 38392 19957 44047 82152 44058 70211 46705 26398 75353 35759 68608 60432 33772 66995 27775 7253 0 52568 53704 37416 29577 17987 42967 54091 56834 29628 71595 50347 40920 37364 8610 66995 69762 47988 53704 22508 52936 70667 14132 58711 29577 61880 78417 15641 40552 54617 49530 9290 16975 28530 79216 35779 35779 49588 31871 14707 57060
55427 73307 111119 102453 55052 112087 93969 75574 88378 113626 91570 50515 74677 75221 49314 68505 54079 62928 92619 46577 105536 61277 110761 57225 66194 75015 103886 121421 52754 56737 84615 53278 61859 44284 82459 77367 83387 51294 32918 105648 37129 49216 52802 46255 78556 43945 93529 119995 63083 117922 87041 75879 123601 43408 94449 78014 52208 85680 35424 55743 52568 0 70399 52843 79059 67046 92448 102338 28935 79109 104205 67042 59335 73423 58486 85680 102372 96304 70399 72061 77150 111992 50191 102863 79059 27145 112116 64254 30764 73093 89504 51196 46248 74015 128251 75943 76492 89925 50519 45380 106542
55696 20368 72625 83445 31007 116705 74506 55301 71908 98133 75100 52304 5788 17718 47501 13823 17524 55511 41990 43027 91087 18784 88779 46315 10286 34838 88393 103131 36496 54867 87452 50162 25525 48638 61901 56556 64077 49752 60090 114272 38630 21278 48090 44380 57745 63032 78035 126794 12495 86825 62183 59744 113982 65144 25484 9581 19932 16144 57159 57762 53704 70399 0 18591 63545 63799 75979 96386 57662 62640 112829 6496 16099 43555 58346 16144 110996 76840 2699 57644 12063 116057 45305 67691 63545 86732 120739 54520 41379 2955 62429 48378 39738 75980 107763 55132 55702 62379 21833 45721 91048
39409 24413 76120 73229 16942 102307 64289 45085 61692 87917 64884 36016 22869 26310 31213 15662 1236 41446 46880 26740 80871 8434 80190 32250 14385 27319 78176 93552 20208 39519 72176 33874 15309 32350 51685 46339 53860 33464 42535 97380 21075 3668 32741 28092 47529 46139 67819 111118 10240 86098 55412 49528 101826 47588 41956 26206 3644 33871 39603 41475 37416 52843 18591 0 53328 49461 65763 82391 40106 52424 95936 15234 6492 39254 42059 33871 94103 66624 18591 47176 24410 100380 29956 69118 53328 69176 103847 40455 23823 21285 57240 32090 23450 60704 99173 44916 45485 58296 5545 29433 80832
25661 47907 50075 25679 39848 57859 21036 25006 10304 34746 14163 30446 66141 49504 32575 51246 52092 16495 54048 38802 28509 47868 40134 23374 57994 45913 25006 46924 38003 25361 35872 28231 38861 35349 22425 27343 19960 32673 53219 82980 64695 53842 28887 38840 26581 42925 15458 76000 53076 48069 33701 8508 54523 60588 68870 68283 50937 71984 52610 28360 29577 79059 63545 53328 0 16449 15042 37558 80335 5351 81536 60734 51760 35357 21647 72159 79703 22052 63884 8518 54678 60407 33391 43340 4126 85060 82914 15089 64052 63545 36525 31279 42709 23743 50432 26009 26009 36584 51156 41177 27662
