NAME : HCMC-200-1
COMMENT : OSM drive network, customers at real shops (shop=* POIs), depot (10.7769, 106.7009), seed 1
TYPE : VRPSPD
DIMENSION : 201
CAPACITY : 150
EDGE_WEIGHT_TYPE : EXPLICIT
EDGE_WEIGHT_FORMAT : FULL_MATRIX
EDGE_WEIGHT_SECTION
0 62496 34413 38634 12362 27225 26570 39084 63738 51638 10790 14218 15545 48440 63856 82505 65223 22902 49602 57283 5031 55696 40192 41380 38632 55696 6661 40356 10340 42852 37552 32046 47670 32949 45521 33598 69891 9975 17335 16683 21910 12301 33009 32669 19811 49752 28843 42961 25936 41527 54244 58419 57571 44136 14268 5259 46415 6319 44126 12749 48973 53320 45985 56453 39707 67893 20580 74112 15159 56489 18592 42900 58668 19655 46593 21953 17546 44233 44263 32539 37108 38047 41738 27119 28850 28024 72951 53665 19367 47199 36219 51484 68015 21612 7435 67210 39700 20154 48359 48978 46125 37326 61835 26187 41484 3305 65585 5152 44974 38173 23929 33936 78400 14679 72925 35521 19839 63340 56202 75714 6788 22878 67843 18192 49043 20042 22136 60914 35387 63603 51783 72653 36744 22482 56635 32046 18614 57962 27915 43960 53105 43121 55860 27349 15211 18885 49165 10889 65096 47227 56042 20227 12733 20312 41467 54472 39409 45159 8738 24424 42272 69624 13978 42654 35360 68019 52332 36219 64590 66691 37771 6466 52713 24195 53839 42107 66336 71178 19326 31378 73745 68000 52463 50952 11160 30891 59576 60311 17373 19645 5551 4792 24496 36763 57383 5551 43510 61593 64019 67028 40740
62496 0 59991 96797 56897 39751 47067 33874 93630 49076 55170 63918 59595 63881 86798 115905 3941 62574 49355 71613 58478 10401 83700 69675 31399 11899 63618 75077 57696 28084 28377 58795 36649 32122 69006 48483 84221 66196 49467 51648 61231 59625 37593 31842 55192 22835 52896 27176 83228 34985 12214 22690 6975 83038 57905 58721 61746 62992 22028 54016 17889 11216 20089 44806 27829 99093 49205 112682 50494 47300 62693 31154 5489 44206 69254 41547 55274 48522 87372 45211 65198 65198 78887 70053 44105 60175 99036 47594 53047 65912 29266 103310 70770 68604 56954 124608 39679 47720 71470 17281 19323 30384 102845 48953 26053 63291 3090 65136 33281 27039 66734 59514 123012 49769 127156 78454 43452 96048 46120 129945 65124 69867 15747 46873 15986 67746 44620 4244 39008 74254 13932 126885 30793 64794 87077 58795 51875 36998 63170 32253 52635 21756 9070 45737 51933 48600 76186 56551 82023 20231 79815 43858 53957 44102 47263 101522 28106 19323 62965 56502 53275 83554 56518 50895 60937 118052 81112 29266 123641 81021 65198 66675 13932 72705 96793 100270 5054 85093 68975 69606 127976 42270 50907 48390 63459 37921 92284 64221 48176 45849 62571 59927 39751 59968 13147 62043 23753 60233 28166 111641 24890
34413 59991 0 61816 37269 32659 35797 38314 40248 25532 31450 25138 40516 14199 39875 59707 60641 44617 24228 28856 33007 55609 40347 13718 44001 55948 31516 16375 33976 35317 41056 3105 26707 37668 17859 14431 41464 33244 37745 37676 17873 25080 46632 37388 14692 53733 8702 48945 47589 26931 54672 40763 57319 24336 38827 32625 13696 30981 44923 35352 49723 51645 46294 30376 47379 44402 21019 56484 35174 29416 22030 30552 58205 30145 18931 29135 38600 57857 42218 16605 7323 8262 20185 26486 31229 14376 102367 27588 40421 13308 39204 62647 85638 27940 31904 95913 24761 37869 21146 49499 45140 44477 91342 42463 48772 34413 62931 34234 29629 44157 23582 477 69932 31135 86493 35492 27349 39850 69825 89282 32592 50829 57420 31662 48969 47765 38130 59845 29174 35098 51709 86221 45907 20182 84355 2472 22722 32990 48908 29638 22283 43798 55609 23094 29425 22774 70158 32888 86089 50474 77035 30791 34692 30998 16093 54370 45393 45140 38940 43549 12716 90617 20544 56542 1900 72143 73324 37142 92861 38264 7985 38589 53142 32406 43004 65289 61664 92171 30195 53869 87312 73387 24444 25578 28197 41746 36086 28169 37224 34625 37575 32007 28556 3236 46959 37047 37863 28288 43193 58944 39150
38634 96797 61816 0 47977 60432 61339 72591 75291 82509 45168 37948 49286 73906 75976 88668 99132 53272 80473 78878 40979 89549 40150 66221 74067 89549 35540 59251 45669 75941 71149 59449 78541 66456 68597 64470 86247 32376 53264 52613 47952 41739 68939 66176 48622 84346 57057 77825 14227 72519 88097 91057 92014 51230 48390 41262 73911 36167 77632 48679 83417 86827 79820 87324 75346 79446 52466 76561 51089 86974 41233 74300 93112 54349 69532 56697 51558 80163 44492 63476 62574 63513 52031 37582 62058 55313 99886 84536 53380 71115 69726 27248 100052 34738 42765 49851 70638 56083 69532 83422 79632 72599 88771 60895 76930 37638 99869 34590 75971 73037 43691 61339 71719 49835 43964 42348 54747 74893 92132 46753 34113 50719 100482 53364 83487 47860 58066 95358 67015 85199 86227 43693 72674 44314 83571 59449 48909 88833 59317 75315 80815 76628 90304 59236 49808 50924 80451 45266 96382 80969 87328 54995 48663 55202 72339 46725 74273 78666 40524 59304 70448 100910 43416 76769 62763 57438 83617 69726 46708 83136 63236 34872 86566 30637 56288 13146 100246 102464 34591 59641 44784 102837 82909 81823 35254 66164 70685 81906 53303 55574 40525 41214 57704 64724 90021 41053 76598 84021 95027 60278 74246
12362 56897 37269 47977 0 21835 20576 33694 72761 48048 9143 24623 3895 50813 72389 92220 59624 12150 46012 64205 7708 47993 50717 48302 31090 47993 17186 48889 12395 37462 30010 34987 44081 27559 52443 30009 76812 20500 9521 7810 29301 18409 25195 27279 23517 41938 28652 35258 35280 36676 46540 53028 50904 54469 2205 8317 47843 16560 37755 4735 42529 47884 39245 52863 31893 76916 16990 84445 7362 52899 28997 37961 52271 14253 53515 16563 6506 36420 54751 28949 42920 43859 51351 37452 23460 32101 67161 50075 8589 50577 30631 62009 57546 32137 11413 68349 35117 12340 55730 43228 40029 29623 56045 16935 33670 13997 59353 15844 40089 30469 34261 36792 88925 11090 80430 45854 15190 72363 48388 83219 17313 15810 62453 11989 42529 11068 14322 54234 30536 70525 45010 80158 28930 32815 50617 34987 17526 54373 16695 39060 51308 36751 50262 23606 11621 15295 37945 9242 53876 39413 44822 14232 5002 13775 37878 64997 31705 39171 9058 13752 40037 58404 19947 33872 38216 78544 41111 30829 67381 73612 43583 15769 45010 34720 64172 51451 60737 59958 29851 21402 81249 60187 48874 47363 21627 23188 68599 65274 9521 11831 11043 10692 19106 38724 51993 10514 38120 61014 58780 77553 35349
27225 39751 32659 60432 21835 0 12143 15544 71618 42705 19104 29202 24533 45743 71246 91077 42086 28602 40669 61038 23349 33258 55275 45424 17476 33597 27253 47746 21630 19312 14532 31464 30050 9409 49565 24665 73646 29831 15764 17945 32811 23777 18373 9129 23290 28910 25564 22744 46863 18722 32144 34879 34968 55707 22843 23233 42773 26627 20586 19337 26371 29780 22773 45798 21179 75773 14657 87256 15467 47063 33152 19812 36065 8351 50636 5481 21123 29597 58947 20214 39028 39967 51556 41627 9090 32843 83573 44732 19343 45967 12679 68908 59080 36901 20888 89581 20393 15118 52852 26375 22585 17952 73862 19502 22571 27225 42823 29071 21906 17956 38309 32182 94342 13703 92635 50029 7386 71220 41566 95424 28759 35894 44303 11018 26440 32895 15169 38311 13059 67359 29180 92363 19382 36375 67178 31464 16524 38647 32892 20910 45965 19581 33258 12600 15867 13250 51926 20542 66315 26018 57384 8004 18677 8247 32535 70414 19192 21619 27837 23661 34693 70843 21167 28283 33606 84236 57309 12679 88613 70446 39691 31547 30614 39914 68368 63906 43199 72303 34901 37854 93454 48991 43530 42019 28109 13487 67456 60828 14473 11874 27443 23862 4438 33654 33843 26915 19970 55792 40630 82970 17200
26570 47067 35797 61339 20576 12143 0 24002 74756 45842 18524 32340 23274 48881 74383 94215 49794 27295 43807 64176 22113 38682 58413 48561 21779 38682 29262 50883 21051 27770 20699 34601 38353 17867 52702 27803 76783 32577 14403 16584 35949 26704 18762 17587 26427 33804 28702 25946 48523 26984 37229 43337 41593 58844 21584 22527 45911 28636 28444 18077 33218 38054 29933 50658 24380 78911 17794 90393 14107 50693 36290 28270 42960 6990 53774 6871 19762 29987 62085 24892 42166 43105 54693 44765 13768 35981 84497 47869 17983 49105 21137 72010 59469 40038 20308 88322 25425 12923 55989 33549 30718 20311 75045 14156 25773 26645 50041 28493 30397 21158 41446 35320 97479 13678 95305 53166 8776 74358 41955 98094 29390 34587 52761 9780 33218 31636 9823 44923 20844 70496 35699 95033 21741 39512 68361 34601 19662 46874 31585 29368 49103 27440 40431 16360 16186 16387 52836 19963 67239 30824 58307 6399 17439 6886 35672 73552 22394 29860 26600 21702 37831 71767 24304 28672 36743 87374 56002 21137 87354 73583 42828 30310 35699 43052 71506 64812 50907 73227 38039 36547 96125 53414 46668 45157 31246 13877 70594 63966 13112 10513 26206 23282 9414 36791 42301 25678 28428 58930 49089 86108 25658
39084 33874 38314 72591 33694 15544 24002 0 77273 42019 30964 38163 36392 50574 76901 96732 36209 40461 39984 64563 35209 27867 61355 51079 14380 28206 39411 53401 33490 13513 11436 37118 25176 11839 55220 27330 77170 41989 27389 29569 38886 34563 21365 12159 29981 25277 31219 19363 58875 13876 26930 29480 29577 61362 34703 35092 46981 38785 16359 31196 21981 23903 17838 42132 17798 81428 23450 92916 27327 44626 39484 14601 30463 20211 56291 17340 32982 32589 65027 23610 44683 45622 57210 47707 19561 38498 88737 43705 30968 51433 9583 78504 63710 43233 32747 101440 18527 26377 58506 21757 16684 14856 85122 29101 19190 39084 36946 40930 16728 14575 44389 37837 100667 25563 102231 56109 19245 76875 44558 105020 40918 47754 37667 22878 21226 44755 24768 32709 12953 70186 23967 101960 16286 42449 71144 37118 26812 33550 44559 15699 45280 15234 27867 19714 27726 23607 58203 32402 71479 21959 62547 19863 30536 20107 35200 76746 15811 16684 39696 35520 38900 76007 31455 32912 39261 93246 65087 7522 100473 73970 45345 43406 25400 46951 74448 76064 37322 77467 43221 49713 103051 44931 42845 41334 38164 18253 73111 61224 26098 23733 39302 35721 15544 39309 27207 38774 12147 54957 35232 89295 10606
63738 93630 40248 75291 72761 71618 74756 77273 0 45617 68366 50247 75979 40659 8118 31658 94280 83092 51081 27790 65403 91089 40072 33486 82960 93049 59128 27393 69001 74276 80016 42399 61868 76628 32981 53725 18389 58353 76705 76179 44144 56037 85592 76347 52483 91656 47996 87904 61064 66225 91773 71672 92033 24061 74703 65267 43163 59697 83883 72692 87646 86699 84217 50273 86339 10772 59831 28435 73677 48318 45819 68918 92919 69104 32838 68094 77103 96816 39544 55900 36524 37463 24569 42749 70188 45991 132919 47485 78925 35499 78163 66535 124597 49072 66097 105572 64056 76828 32838 87422 83063 83436 121804 81423 87731 63738 96570 59343 67871 83116 43372 39771 47461 69659 92453 37964 66308 7987 108784 95241 57701 83752 83526 70622 86892 80894 77090 94449 68133 22967 88810 92181 84866 41857 116604 41766 61020 57284 87411 67886 44357 82758 91089 62053 67949 61585 108662 68465 124592 88397 115538 69751 72296 69958 51721 43386 84352 83063 70842 82508 50097 129120 55927 95501 38348 51202 111828 76102 102481 16502 37186 63697 90243 51237 30084 74384 95303 130674 52197 92314 93272 111310 45199 46302 53306 80706 11177 34982 76058 73584 67654 64649 67516 43483 81234 67654 76823 37624 68693 44150 78109
51638 49076 25532 82509 48048 42705 45842 42019 45617 0 43517 45705 50746 15416 38784 69777 49726 54815 5465 23600 47784 47108 56819 25113 47706 49068 50498 32512 46043 33439 44762 27150 16843 45766 20931 18039 36208 53076 47943 47874 40052 44986 56507 44838 35221 50381 27483 50913 68282 29086 47943 26836 47241 40808 49056 47645 14713 49871 44079 45550 45957 41951 42528 6103 49940 51080 31127 66554 45371 6138 42723 27419 48111 40190 21763 39180 48797 67731 58690 25190 23208 22270 36657 48045 41275 35175 113180 3315 50619 18379 42909 82608 95772 48633 45301 115145 30145 47914 24157 45733 41374 48182 103469 52509 50719 51638 52016 52827 25292 46717 45297 25669 84849 41333 107186 54711 37395 48295 73470 109975 52004 62108 39399 41708 45202 59108 48176 49640 36216 28366 47290 106914 49612 42361 95912 27049 35109 12278 59105 26320 4371 43534 47108 33139 39623 32881 80356 44955 96287 46708 87233 40837 44890 41044 10170 70842 47953 41374 52272 53747 16181 100815 40730 66524 27093 88094 83522 40848 113246 33008 22546 55982 47943 53099 59476 85982 50749 102369 50762 64067 108005 69621 2947 686 48587 51728 47864 19404 47269 44670 51878 48274 38602 25077 36398 51350 37681 13137 23857 75416 39012
10790 55170 31450 45168 9143 19104 18524 30964 68366 43517 0 21204 12603 44994 67993 87825 57505 19393 41481 59078 6407 48378 47298 43176 31314 48378 13979 44493 6030 34732 29951 29167 39549 24828 47317 25478 71686 17294 13103 12452 25860 13283 28300 24548 17698 43501 22833 35642 32470 33406 46925 50298 50252 50201 11107 6356 42024 13353 36005 8517 41655 45199 38193 48332 34077 72520 12459 80850 10024 48368 25556 34780 51350 11534 48388 13832 13314 39525 51332 24418 37794 38733 46956 34032 20729 26975 74593 45544 15136 44758 28099 58590 63784 28717 5287 74632 31580 15922 50603 41659 38004 30008 63477 21956 35469 10790 58242 12638 36853 30854 30821 30973 85505 6558 79459 42434 11718 67968 51493 82248 14107 23454 59723 10779 41725 19014 17905 53596 27266 65399 44465 79187 31438 29374 58217 29167 11706 49841 23683 35840 46777 35001 48542 19229 7090 10764 44934 1438 60865 40520 51811 12181 8808 12387 33347 61577 32090 37039 11196 20193 35506 65393 14820 38070 32396 75125 48100 28099 72986 68486 38456 14862 45395 31300 60753 48641 58618 66947 26432 28645 80278 63110 44343 42831 18208 23573 64204 59619 13141 15276 10803 7427 16375 32905 49262 10274 35389 55195 55898 74134 32619
14218 63918 25138 37948 24623 29202 32340 38163 50247 45705 21204 0 27841 39165 50364 69014 66253 35198 43669 45864 17265 57911 26702 31684 42278 58250 8881 26864 20863 39399 39334 22771 41738 34211 34102 27666 58471 8106 29595 28944 11648 7921 43175 33931 11570 53712 20380 47546 23721 35715 56946 54515 59621 30044 26565 17130 37697 9450 45388 25010 51173 53947 47576 50520 45981 54401 17577 60068 27420 50556 4500 37496 60507 26597 35173 25678 29807 54400 30374 26672 27834 28772 28246 13075 28698 18750 82672 47732 31628 36620 37481 43224 79376 8159 17959 70774 33834 32415 36471 51177 46728 42754 71557 38448 47373 13995 66990 9096 39167 42758 9837 24661 65589 23731 67070 21477 23892 49849 66368 69858 7454 33505 63940 25952 51242 30647 34397 62753 29963 52184 53983 66798 44184 8390 66357 22771 15092 52030 40176 38511 45835 44384 57911 22266 22021 17186 61426 21303 77357 50820 68303 27243 24994 27450 35535 41661 43994 46422 21322 36685 33771 81885 9598 53085 26085 57965 64593 37481 68154 54804 28496 13450 55416 10887 39795 41421 67366 83439 6646 42427 67889 73793 46105 45019 3059 38289 46085 48891 29634 30855 18134 16511 25099 28046 53479 18134 40466 50689 58224 54217 40651
15545 59595 40516 49286 3895 24533 23274 36392 75979 50746 12603 27841 0 53632 75606 95438 62322 13113 48711 67456 10958 50299 53935 51553 33788 50299 20404 52106 15646 40160 32708 38234 46779 30257 55694 32707 80063 23718 12219 9369 32519 21660 26357 29977 26765 42643 31900 37240 36588 39374 48846 55727 53210 57686 1690 11567 50663 19777 40454 7433 44836 50582 41943 55562 33054 80133 19688 87663 10060 55597 32214 40660 54577 16951 56766 19261 7286 37581 57969 31647 46171 47110 54569 40670 26158 35352 67784 52774 9369 53825 33329 65227 56548 35355 14872 65150 37815 14997 58981 45534 42728 31471 56668 13960 34831 17214 61659 19062 42787 33168 37479 40040 92143 13788 78711 49071 17888 75581 49550 81315 20531 16433 65151 14687 44836 11692 16307 56540 33234 73776 47316 78389 30091 36032 51469 38234 20773 57071 17767 41758 54007 39449 52960 26304 14319 17993 39017 12701 54948 40955 45894 16930 7700 16473 40576 68215 33612 41869 9849 11671 42735 59476 23198 32602 41463 81762 42183 33527 64182 76863 46834 17943 47316 37938 67390 52759 63436 61030 33069 22474 79530 61348 51572 50061 24845 24818 71817 68525 12219 14529 13159 13910 21804 41543 54691 12631 40818 63834 61479 80771 38048
48440 63881 14199 73906 50813 45743 48881 50574 40659 15416 44994 39165 53632 0 36094 60118 64531 57701 20325 20966 46527 61676 45441 12960 56261 63636 45543 21133 47520 45923 53317 17303 28806 50752 10229 24987 33573 47271 50829 50760 29015 39107 59716 50472 28891 63128 22246 60589 59679 38019 62510 41403 61809 29430 51943 46145 6625 45008 55685 48436 59118 56518 55689 20260 59227 44813 34103 56895 48258 19190 34755 39382 62678 43229 12802 42219 51684 70941 47311 29650 11332 10393 25278 36324 44313 25279 115427 17472 53505 5159 51464 71756 98722 40670 45424 107759 36318 50953 16156 58894 54535 56737 104862 55547 60416 48440 66821 48261 37255 56005 34293 14676 74490 44219 97673 43333 40433 40261 82909 100462 46619 64373 54204 44746 58363 61309 51214 64207 41434 25802 60451 97401 58167 30997 97415 16671 35806 27083 61992 38283 12166 54560 61676 36178 42509 35858 83242 46432 99173 59869 90119 43875 47776 44082 18192 59464 57240 54535 52460 56633 16568 103701 34743 69626 16099 77237 86408 49403 104616 30373 10669 52616 61885 44951 48097 77379 65554 105255 43754 66953 98493 82782 14327 16101 42224 54830 36496 18521 50308 47709 51560 45527 41640 15388 50966 51031 48625 16788 38662 64037 49912
63856 86798 39875 75976 72389 71246 74383 76901 8118 38784 67993 50364 75606 36094 0 34467 87448 82720 44249 20957 65030 85112 40756 30909 82588 87072 59245 27822 68629 71613 79643 42026 55567 76255 28811 53353 11557 58470 76332 75807 44261 55665 85219 75975 52111 88555 47623 87532 61749 65853 85947 64839 85245 24745 74330 64895 39060 59814 82136 72319 84130 79954 80701 43441 85966 13581 59458 31245 73305 41486 45936 66004 86114 68732 26006 67721 76730 96443 41005 55527 36151 37041 25189 43434 69816 45619 133036 40653 78552 31708 77791 67220 124225 49757 65724 106257 63683 76455 26006 83906 79547 83064 121921 81050 87359 63856 89738 59460 63877 82744 43993 39399 50270 69287 93137 38648 65936 10796 108412 95926 57818 83869 76693 70249 83376 80974 76717 87644 67761 16134 85294 92866 84494 41974 116721 41394 60647 50452 87038 64905 37525 81398 85112 61681 67576 61213 108289 68092 124220 84881 115166 69378 71924 69585 46875 46195 83980 79547 70574 82136 47239 128748 55554 95129 37975 54011 111455 75729 103166 9670 36814 63815 85947 51922 32893 75069 88471 130302 52882 92000 93957 107794 38367 39470 53423 80333 13986 28149 75686 73211 67772 64277 67143 42926 74402 67631 75544 30792 61860 46959 77056
82505 115905 59707 88668 92220 91077 94215 96732 31658 69777 87825 69014 95438 60118 34467 0 116555 102551 73635 53306 84862 112401 48518 52945 102419 114024 77895 46852 88460 93735 99475 61858 81794 96087 52440 73184 44738 76864 96164 95638 63603 75496 105051 95806 71942 111809 67455 107363 76665 85684 112748 93983 113344 43520 94162 84726 62622 78464 103342 92150 107799 108010 104370 74433 105798 28904 79290 15766 93136 72478 64585 88377 114231 88563 53375 87553 96562 116275 44176 75358 55983 56922 44028 59596 89647 65450 151686 71645 98384 54958 97622 71798 144056 64751 85556 114152 83515 96287 53375 107575 103216 102895 140571 100882 107190 82505 118845 78110 87330 102575 62831 59230 47215 89118 101032 50228 85767 26596 128243 103821 76468 102519 107936 90081 107044 99660 96549 115760 87592 48483 109785 100761 104325 61316 135371 61225 80479 81444 106870 87345 68517 102217 112401 81512 87408 81044 128121 87923 144051 108550 134997 89210 91755 89417 71180 47171 103811 103216 89608 101967 69556 148579 75386 114960 57807 53322 131287 95561 111061 42851 56645 82464 111218 67189 32380 82964 117578 150133 67865 111081 101852 131463 69359 70462 72072 100165 30636 59320 95517 93043 86421 84108 86975 62942 102873 86421 96282 62205 92853 46313 97568
65223 3941 60641 99132 59624 42086 49794 36209 94280 49726 57505 66253 62322 64531 87448 116555 0 65324 50005 72264 61205 13129 85241 70325 33757 14649 65953 75728 60031 28801 30712 59445 37300 34457 69656 49133 84871 68531 52195 54376 62772 61961 40343 34177 56732 26063 53546 29926 85563 35635 14964 23340 9702 83689 60633 61449 62397 65327 24363 56744 20616 13551 22812 45456 30579 99743 51540 113332 53222 47950 64234 31804 8217 46752 69905 43882 58001 51272 88913 45861 65849 65849 79537 71205 46440 60825 101786 48244 55774 66562 31601 104851 73520 70144 59289 127336 40330 50448 72120 20008 21658 33134 105595 51680 28803 65626 3015 67472 33931 29789 68275 60164 124553 52104 128697 79995 45787 96698 48870 131486 67459 72616 14647 49419 18714 70473 47347 6994 41343 74905 16682 128425 33543 65595 89827 59445 54210 37648 65919 32903 53286 24091 11820 48072 54268 50935 78935 58943 84773 22981 82565 46405 56684 46648 47914 103062 30856 21658 65693 59251 53925 86304 58853 53644 61588 119592 83862 31601 126368 81671 65849 69403 16682 74610 98334 102606 1311 87842 71310 72356 129516 45020 51557 49040 65794 40649 92934 64871 50904 48577 65299 62263 42086 60618 13797 64771 26088 60883 28816 113181 27225
22902 62574 44617 53272 12150 28602 27295 40461 83092 54815 19393 35198 13113 57701 82720 102551 65324 0 52780 72997 18757 53059 61292 57382 36899 53059 27761 59220 22218 44229 35819 42884 50848 34326 61523 36776 85604 31075 15660 11950 39876 28282 29174 34046 31414 45917 36549 39999 40574 43443 51606 59796 55970 65043 11474 19366 54732 27134 43564 12811 47595 53741 44791 59631 35871 87247 23757 95020 13645 59666 39571 44729 57337 21020 62595 23330 9815 39436 65326 35716 50987 51925 61926 48027 30227 41973 60105 56843 15407 57926 37350 69415 46882 42712 21476 73914 41884 17843 64810 48294 45838 34231 49719 23227 37648 24571 64419 26273 46856 36278 44836 44141 98130 17857 85628 56428 21957 82694 51496 88417 27888 7482 69220 18756 47595 6939 19808 59300 37303 79317 50076 85357 32908 43389 42204 42884 25041 61140 6354 45827 58076 42560 55753 30373 18388 22062 27281 19492 43212 43715 34158 20951 12943 20494 44645 74202 36371 44980 16874 19413 46804 47740 29132 29608 45564 86742 30447 37596 72946 82404 51649 22608 50076 44999 74747 56745 66437 49294 40412 10054 86448 63293 55641 54130 32202 27635 78930 72787 15804 17640 20045 21267 25873 45612 58760 19829 44887 67903 65547 86759 41743
49602 49355 24228 80473 46012 40669 43807 39984 51081 5465 41481 43669 48711 20325 44249 73635 50005 52780 0 29065 45749 47034 59662 27087 45671 48993 48462 35898 44008 32076 42726 25115 14807 43730 26396 16004 41672 51040 45908 45838 38017 42950 54471 42803 33186 49333 25448 49004 66247 27050 47868 26761 47166 44113 47021 45610 18604 47836 42606 43514 44908 41876 41480 10280 47904 56544 29091 70413 43336 10316 40688 25383 48036 38155 26667 37145 46762 65696 61994 23155 24627 23689 39962 46011 39239 35114 111145 7492 48584 23324 40874 81304 93736 46598 43265 113109 28109 45879 28882 44685 40326 46147 101433 50473 48831 49602 52295 50791 23256 44681 43262 24208 88153 39298 105150 55018 35359 53666 72422 107939 49969 60072 39890 39672 44154 57073 46140 49565 34181 33831 46242 104879 47577 40326 93877 25115 33073 12770 57070 24285 8725 41625 47034 31104 37587 30846 78321 42920 94251 45660 85197 38801 42855 39008 8135 74147 45917 40326 50236 51711 14146 98779 38695 64488 25631 91398 81487 38812 111210 38472 23965 53946 47675 51064 62781 83946 51028 100333 48727 62032 105970 68573 6290 4779 46552 49693 51261 24869 45234 42635 49842 46239 36566 23043 36323 49314 35690 18602 24348 78721 36977
57283 71613 28856 78878 64205 61038 64176 64563 27790 23600 59078 45864 67456 20966 20957 53306 72264 72997 29065 0 57316 69928 47010 18898 70250 71887 54386 22702 60914 56428 67305 31484 40443 66048 15282 40894 18381 53970 66125 66055 37858 47950 75011 65767 43071 73371 37081 73955 64652 52486 70762 49655 70061 30999 66180 57180 25337 53851 67068 63731 68946 64770 65517 28257 73041 33253 49398 50083 63553 26301 41435 50820 70930 58524 10821 57514 66979 86236 48880 44984 25270 25215 26848 42800 59608 36599 127245 25469 68801 18164 65453 73474 114017 47164 57783 111794 52225 66248 10821 68722 64363 70726 116130 70843 73708 57283 74553 54960 48692 69818 40769 28856 69402 59515 99391 44902 55728 30468 96460 102180 53317 77019 61357 60042 68191 73827 66509 72459 56012 7813 70109 99119 72156 37474 110234 30851 51101 35268 77287 49721 22340 66609 69928 51473 57804 51153 98538 59177 114468 69697 105414 59171 62460 59377 33770 61033 71054 64363 62859 71928 34157 118996 46823 84921 27721 73143 101704 63391 108651 15181 25491 59314 70762 51427 49667 81322 73287 120550 50249 82249 100210 92610 23183 24286 48922 70126 32222 12813 65603 63004 60445 56562 56936 30822 59217 59917 60756 15455 46676 64859 62413
5031 58478 33007 40979 7708 23349 22113 35209 65403 47784 6407 17265 10958 46527 65030 84862 61205 18757 45749 57316 0 51045 43359 41413 34143 51045 9828 41530 6956 38977 33062 30640 43817 29074 45554 29745 69923 13142 12573 11921 21943 12334 28248 28793 18716 44991 26357 38310 28281 37651 49592 54543 53553 47110 9682 609 44113 9202 40250 7987 44956 49444 41967 52600 34945 69558 16726 77087 10398 52635 21639 39025 54651 15339 46626 18077 12784 39472 47393 28685 37141 38080 43993 30094 24975 26782 71838 49812 14606 46029 32344 54651 63254 24779 4052 69199 35847 15392 48841 44960 42249 32675 60723 21426 36722 6638 61567 8486 41098 33522 26903 32530 81567 10826 75270 38495 15963 65005 51440 78059 9955 20699 63968 13505 45025 17507 17375 56896 31511 63636 47765 74998 31982 25456 55462 30640 15231 54109 23153 40085 50368 39246 51843 23496 11357 15031 44404 6506 60335 42465 51281 15769 7971 15855 37614 57639 34758 41284 7566 19663 39536 64862 14011 37893 33953 71186 47570 32344 66579 66723 37803 8455 48062 27362 56814 44452 62318 66417 22493 28009 76089 63239 48610 47099 14269 26240 61241 59954 12611 14883 5152 3334 20620 34462 53507 4623 39634 59292 60143 70195 36864
55696 10401 55609 89549 47993 33258 38682 27867 91089 47108 48378 57911 50299 61676 85112 112401 13129 53059 47034 69928 51045 0 78651 66831 22026 2699 57125 70696 50904 22118 20338 54414 34328 25366 67038 44626 82535 59703 40053 42233 56181 53132 28078 25349 49729 14158 48514 17661 75980 31172 2699 20369 4669 78657 49001 51603 59542 56498 15308 45113 10246 5209 11480 43176 18314 96548 43198 109178 42200 45670 57644 28053 5788 36844 67287 35054 45859 39302 82322 40905 61694 61694 74506 65003 37612 55793 90103 45964 43632 63944 21667 97695 61837 62980 50162 115414 35822 38285 69502 9727 13316 20869 93625 39517 16538 56499 13491 58346 30180 17524 61684 55132 117962 43141 121492 73404 36959 92544 37186 124281 58508 60351 23891 39634 7187 58646 35184 8680 33001 72625 4416 121221 21278 59744 77857 54414 45382 35031 53654 29151 50668 14780 2955 39730 45305 42107 66670 49752 73089 10716 70647 36197 45126 36740 44942 96472 18591 12495 55272 46986 50954 74620 50025 41379 56556 113002 71892 22773 114447 79335 61694 59213 4416 66698 91743 93023 14242 76159 62968 60090 122312 33336 48940 46423 56966 28486 88779 62711 38761 36434 55023 53135 33258 56464 14775 54495 17746 58603 26121 106591 18883
40192 83700 40347 40150 50717 55275 58413 61355 40072 56819 47298 26702 53935 45441 40756 48518 85241 61292 59662 47010 43359 78651 0 36449 67042 78990 34855 27382 46957 59270 64098 39258 59724 60284 37764 45652 51028 31770 55689 55038 26905 34377 69248 60004 32531 76774 36867 71986 29030 53740 77714 72686 80361 18322 52659 43224 47745 35481 67965 51104 72764 74687 69336 61476 70421 42720 41400 36412 53514 59521 23624 55522 81247 52761 38698 51751 55901 80473 4343 44697 36623 37562 20283 15639 53845 33426 107974 58688 57722 40281 62245 26597 105195 19962 44053 65633 51859 58509 38698 72541 68182 67518 96859 64542 71813 39969 86772 35070 57192 67198 21803 39871 41824 50187 52514 6281 49965 38168 92441 55303 33428 58807 82111 52408 72010 55948 60479 82887 52215 52666 74750 52242 68948 23266 91659 39258 41547 68487 66270 56536 55035 66840 78651 45710 48441 42663 87520 47397 103451 73516 94397 53408 51088 53614 53016 19042 68434 68182 47295 62779 50258 107979 34704 79158 38447 39784 90687 60184 62542 49141 37286 39424 76184 20480 16139 34445 86264 109533 21691 67729 53333 96429 56402 57505 29566 64363 33007 50038 55728 57128 44108 42605 51173 43583 71650 44108 60905 52922 76210 30452 62192
41380 69675 13718 66221 48302 45424 48561 51079 33486 25113 43176 31684 51553 12960 30909 52945 70325 57382 27087 18898 41413 66831 36449 0 56766 68455 38483 12141 45011 48082 53821 15869 33649 50433 7137 27195 31506 39790 50510 50440 21955 32047 59397 50153 27456 66239 21466 61710 51994 39695 67179 47435 67775 20438 50277 41278 14215 37949 57688 48117 62229 62440 58800 29769 60144 37640 33784 49722 47938 27814 27274 42529 68661 42910 8208 41899 51364 70621 38319 29370 9368 9968 16287 28639 43994 20985 111900 26981 53186 8814 51969 62913 98403 32985 41880 99705 37526 50633 10423 62006 57646 57242 100784 55228 61537 41380 72615 40780 41425 56922 26608 13241 66034 43900 88830 34341 40114 33088 82590 91619 39138 61116 62449 44427 61475 57924 50895 70190 41938 25218 64215 88558 58672 23312 94331 15237 35487 36496 61672 41441 22836 56563 66831 35858 42190 35538 82923 43274 98854 62981 89800 43556 46558 43763 23035 50472 58157 57646 46956 56314 21412 103381 30920 69307 11818 68245 86089 49907 96561 28306 9692 45135 65648 37266 39106 69694 71348 104936 36069 66634 89649 85894 24695 25798 34743 54511 29324 21926 49989 47389 44542 40659 41321 16954 56997 44014 50628 23723 47644 55045 51915
38632 31399 44001 74067 31090 17476 21779 14380 82960 47706 31314 42278 33788 56261 82588 102419 33757 36899 45671 70250 34143 22026 67042 56766 0 22026 41153 59088 33840 18507 3052 42805 30864 8655 60907 33018 82857 43921 23150 25331 44573 37351 12852 9567 36242 17308 36906 10017 60524 19564 20573 35167 24937 67049 32099 34700 52668 40527 10798 28210 16562 21458 12669 47820 8451 87115 27733 98603 25297 50313 45745 20288 26304 19941 61978 19272 28956 24077 70714 29297 50370 51309 62897 53394 21830 44185 81979 49392 26729 57120 4957 81984 56951 49494 33098 98802 24214 21382 64193 17261 13072 4528 78400 22615 9844 39435 33226 41280 22415 5229 50076 43524 106354 25913 105711 61796 21177 82562 36045 108500 41280 44192 42455 22731 16562 41939 18281 28267 19944 75873 19043 105439 5958 48136 62632 42805 29601 39237 38429 21386 50967 9793 24720 25286 28076 26326 51445 32688 64721 14168 55789 19295 28223 19837 40887 83007 6465 12214 38369 30539 44587 69248 34243 26154 44948 97312 56667 6991 97834 79657 51033 42310 19043 52991 80135 77540 34870 70709 47978 44865 106530 37388 48532 47021 41185 11583 78798 66911 21859 19532 38120 36071 17476 44996 32097 37592 15312 60644 40919 94983 10925
55696 11899 55948 89549 47993 33597 38682 28206 93049 49068 48378 58250 50299 63636 87072 114024 14649 53059 48993 71887 51045 2699 78990 68455 22026 0 57464 71035 50904 22457 20338 54753 35952 25366 68662 44965 84495 60042 40053 42233 56520 53471 28078 25688 50068 14158 48853 17661 75980 31511 2699 22329 5295 78996 49001 51603 61165 56838 15308 45113 10246 7169 11480 45136 18314 98508 43537 110550 42200 47630 57983 28392 6662 36844 68911 35393 45859 39302 82662 41244 62318 63256 74845 65342 37951 56132 90103 47924 43632 65568 21667 98034 61837 63319 50162 115414 36161 38285 71126 9727 13461 20869 93625 39517 16538 56499 12494 58346 30519 17524 62023 55472 118302 43480 121831 73743 37298 94167 37186 124620 58848 60351 25855 39634 7187 58646 35184 8625 33340 74584 4416 121560 21278 60083 77857 54753 45721 36990 53654 29490 52628 14780 5393 40070 45644 42446 66670 49752 73089 10716 70647 36197 45126 36740 46566 96811 18591 12495 55272 46986 52578 74620 50364 41379 56895 113341 71892 23112 114447 81295 62980 59213 4416 67038 92083 93023 15762 76159 63308 60090 122651 33336 50899 48383 57305 28486 90403 64671 38761 36434 55023 53135 33597 56943 16807 54495 18085 60563 28081 106930 19222
6661 63618 31516 35540 17186 27253 29262 39411 59128 50498 13979 8881 20404 45543 59245 77895 65953 27761 48462 54386 9828 57125 34855 38483 41153 57464 0 35745 13426 43179 38399 29149 46530 33276 42624 32458 66993 4614 22158 21506 19013 9404 37833 32996 16914 52777 26523 46339 22843 40441 56011 58578 58835 38925 19127 9692 44075 626 44453 17572 50238 53647 46641 55313 44338 63283 19440 68775 19983 55349 13381 42223 59933 22476 43696 23517 22369 49057 38926 31399 34211 35150 37127 21782 28878 25127 75568 52525 24191 44302 36546 46147 72839 16274 10521 67707 38560 24977 45121 50242 46452 40950 64453 31011 45923 6542 66690 3483 43893 41551 18718 31039 73062 17766 68997 30183 21557 58730 61025 71786 3483 26401 68003 21721 50307 23543 26960 62178 34690 60706 53047 68726 41567 17271 59253 29149 16393 56822 32738 43237 51151 43448 57125 26209 17902 17745 53989 14078 69920 49885 60866 23123 17556 23330 40327 49134 42787 45486 13764 29247 40148 74447 11081 47478 32462 62682 57155 36546 65087 63454 34873 7838 54481 18857 48502 39013 67066 76002 13989 35323 69817 71829 51239 49812 5822 34515 54966 57414 22196 24468 10577 9074 24524 34423 57542 10577 43837 59011 63016 61691 41067
40356 75077 16375 59251 48889 47746 50883 53401 27393 32512 44493 26864 52106 21133 27822 46852 75728 59220 35898 22702 41530 70696 27382 12141 59088 71035 35745 0 45129 50404 56143 18526 41319 52755 13456 29853 35310 34970 52832 52307 20761 32165 61719 52475 28611 68820 24123 64032 45024 42353 69759 55374 72406 11371 50830 41395 23518 36314 60010 48819 64810 66732 61381 37168 62466 31548 35958 42354 49805 35213 22436 45918 73292 45232 14390 44221 53230 72943 29253 32027 12651 13590 7220 23801 46316 22119 109536 34380 55052 15974 54291 53846 100725 28165 42224 92582 40183 52955 14390 64586 60227 59564 98421 57550 63859 40356 78017 35960 45050 59244 21770 15899 56095 45787 79763 25274 42436 26995 84912 82552 34318 60369 71259 46749 64056 57474 53217 74932 44261 29022 66796 79492 60994 18474 93221 17894 37147 44179 63538 45060 30728 58885 70696 38181 44076 37713 84789 44592 100720 65561 91666 45878 48424 46085 30705 41405 60480 60227 47074 58636 28595 105248 32054 71629 14475 59178 87955 52229 89439 31430 13314 40315 68229 32428 30039 61695 76751 106802 31249 68500 80583 88474 32094 33197 29923 56833 23231 25730 52186 49711 44272 40777 43643 19611 62046 44131 52950 28615 55758 45979 54237
10340 57696 33976 45669 12395 21630 21051 33490 69001 46043 6030 20863 15646 47520 68629 88460 60031 22218 44008 60914 6956 50904 46957 45011 33840 50904 13426 45129 0 37258 32477 31694 42076 27355 49152 28004 73522 16740 15928 15277 25541 15932 30985 27075 20224 46027 25359 38169 32972 35932 49451 52824 52778 50709 14369 6347 44550 12800 38531 12520 44181 47726 40719 50859 36603 73156 14985 80685 12775 50894 25237 37306 53876 14060 50224 16359 16201 42209 50991 26944 40345 41284 47591 33692 23256 29682 76525 48071 18022 47284 30625 58249 66609 28377 4003 75375 34106 18747 52439 44186 40531 32534 65410 24781 37996 10340 60768 12187 39379 33381 30501 33499 85165 9085 79960 42094 14245 68603 54178 82749 13553 25386 62249 13305 44251 22194 20730 56122 29792 67234 46991 79689 33964 29055 58972 31694 14233 52368 26509 38366 49304 37527 51068 21755 9616 13290 47759 7197 63690 43046 54636 14707 11041 14914 35873 61237 34617 39565 13008 23018 38032 68218 17527 40895 34923 74784 50925 30625 73487 70322 41008 15363 47921 30960 60412 49142 61145 69772 26091 31470 80780 65636 46869 45358 17867 26099 64839 62145 15967 18101 12108 6976 18902 35431 51788 11580 37915 57721 58425 73793 35145
42852 28084 35317 75941 37462 19312 27770 13513 74276 33439 34732 39399 40160 45923 71613 93735 28801 44229 32076 56428 38977 22118 59270 48082 18507 22457 43179 50404 37258 0 15562 34122 17702 16566 51139 23823 69036 45757 31391 33572 36801 38331 27307 16286 30761 20242 28222 17686 62225 10434 21181 16767 23828 58365 38471 38860 42330 42553 11432 34964 16232 18154 12803 33141 19289 78431 24686 89919 31095 35634 38263 7126 24714 23979 52131 21108 36750 38532 62942 20537 41686 42625 54214 45622 22534 35501 94536 34713 34971 46781 13710 78880 68397 44173 36515 105208 15019 30745 54346 16008 11649 18983 88890 34763 17513 42852 31024 44698 9253 16483 42304 34840 98582 29331 102726 54024 23013 73878 43746 105515 44686 51522 25580 26646 15478 48523 30430 26960 14188 61194 18218 102454 20413 40271 77086 34122 28737 22419 48520 8225 36998 10307 22118 20949 31494 26388 64002 36170 76756 16983 68346 23631 34304 23875 28316 77091 17719 11649 43464 39288 34249 81180 34358 38711 36264 93621 71122 11648 104241 65836 42349 47174 19651 48186 72363 79414 29824 82719 44456 53481 103545 39896 34938 32753 41932 23915 70114 52232 30100 27501 43070 39489 19312 36312 15119 42542 4372 45965 22519 87210 8778
37552 28377 41056 71149 30010 14532 20699 11436 80016 44762 29951 39334 32708 53317 79643 99475 30712 35819 42726 67305 33062 20338 64098 53821 3052 20338 38399 56143 32477 15562 0 39861 27919 5711 57962 30073 79913 40977 22069 24250 41628 34406 11853 6623 33298 15620 33962 8970 57580 16619 18885 32223 23249 64104 31018 33620 49724 37773 7745 27129 14874 18406 10315 44875 7404 84170 24788 95659 24217 47369 42800 17343 24616 18797 59034 16328 27876 23077 67770 26352 47426 48364 59953 50450 18886 41241 80979 46447 25649 54175 2012 79039 55952 46549 31735 97721 21269 20301 61249 15001 10019 3528 77400 21534 8797 38072 31448 39917 19470 4182 47131 40580 103410 24550 102766 58852 18233 79618 35046 105555 39905 43111 39411 21587 14874 40859 17201 26579 17000 72929 17355 102495 4958 45191 61632 39861 26656 36293 37429 18442 48022 6741 21883 22342 26714 23381 50445 31389 63721 12640 54789 18150 27142 18693 37942 80062 5418 9161 37289 29459 41643 68249 31299 25154 42003 94368 55667 4047 96754 76713 48088 41230 17355 50046 77191 74622 31825 69709 45033 43866 103586 35700 45588 44076 38240 10503 75854 63967 20778 18451 37040 34709 14532 42051 29053 36512 12268 57700 37975 92038 7881
32046 58795 3105 59449 34987 31464 34601 37118 42399 27150 29167 22771 38234 17303 42026 61858 59445 42884 25115 31484 30640 54414 39258 15869 42805 54753 29149 18526 31694 34122 39861 0 26894 36473 20010 14013 44091 30877 36032 35942 15506 22713 45437 36193 12325 52537 6335 47749 45222 26513 53477 40950 56124 26487 36545 30258 16754 28614 43728 33185 48528 50450 45099 31966 46184 46554 19525 58635 33440 31777 19663 29357 57010 28949 21082 27939 36866 56661 42922 16188 9474 10413 22336 24119 30034 13045 100090 29178 38688 16413 38008 60280 83925 25573 29537 93546 24344 36673 23297 48304 43945 43281 88975 41268 47576 32046 61735 31867 29211 42961 21215 2628 72084 29422 84126 33125 26153 42001 68630 86915 30225 48547 56224 30467 47773 45483 36935 58650 27978 37804 50513 83854 44711 17815 82537 738 20783 33878 47174 29221 24750 42603 54414 21898 27712 21138 68425 30606 84355 49279 75301 29596 32959 29803 16981 55823 44197 43945 36573 41836 13603 88883 18177 55346 4051 74099 71591 35947 90494 40891 10136 36222 51947 30039 45155 62922 60468 90437 27828 52136 84945 72192 26683 26465 25830 40551 38237 31274 36028 33429 35208 29640 27361 6340 45764 34680 36668 31392 43380 61095 37955
47670 36649 26707 78541 44081 30050 38353 25176 61868 16843 39549 41738 46779 28806 55567 81794 37300 50848 14807 40443 43817 34328 59724 33649 30864 35952 46530 41319 42076 17702 27919 26894 0 28923 35110 14072 53050 49108 41974 43906 36665 41018 39664 28100 31254 35640 23516 34197 64315 12243 34827 14056 34461 49534 45089 43678 25213 45904 27943 41582 31215 29171 27786 18631 33097 66027 27159 78571 41404 21125 38756 10576 35331 34561 35359 31691 44830 50888 63387 21223 30752 29833 45383 44584 31534 34204 105611 18870 45435 30542 26067 79372 80583 44666 41333 111178 14142 41328 37574 30991 26632 31340 97842 45712 34024 47670 39589 48859 8449 29874 41835 26687 95130 37366 103218 53591 33162 61937 58729 106007 48037 58140 31380 37228 30460 55141 41379 36860 22375 45209 33201 102947 32769 38974 89443 26894 31141 10420 55138 9477 20103 26818 34328 28423 35655 28914 75077 40988 88353 31966 79421 34213 40923 34457 10614 77536 31110 26632 48304 48240 16626 92881 36763 49786 28111 94114 79555 24005 109279 49851 30110 52014 34634 49132 68202 82015 38323 94341 46795 60100 104038 54879 17669 16157 44620 34990 58173 36247 40683 38084 47911 44307 29258 25522 23618 47382 20883 29980 16486 84142 22169
