NAME : HCMC-100-2
COMMENT : OSM drive network, customers at real shops (shop=* POIs), depot (10.7769, 106.7009), seed 2
TYPE : VRPSPD
DIMENSION : 101
CAPACITY : 150
EDGE_WEIGHT_TYPE : EXPLICIT
EDGE_WEIGHT_FORMAT : FULL_MATRIX
EDGE_WEIGHT_SECTION
0 14509 12770 54472 19441 5551 24727 57585 28078 40885 61537 45607 42900 72980 18885 69484 36219 43742 54847 16703 34228 61182 17407 54244 65096 61675 46593 18192 35928 69795 65772 70491 17770 87105 45159 41467 42511 20386 41185 49165 11811 21108 25841 60914 18592 70707 76779 10889 20228 25805 39419 26766 62420 15933 47449 11337 57639 26720 9597 14449 6661 23929 48978 25877 64258 41719 6779 82158 56703 29403 8777 54819 22845 52463 50206 52752 80022 72362 70916 47294 48545 38443 18675 7435 49752 57704 9986 24422 52332 47654 56453 31032 50337 27625 36744 38616 69005 32669 4012 75259 35123
14509 0 8325 67144 12920 13725 14097 67362 17449 31169 74209 33251 33635 85013 12947 58354 26503 31386 48909 28818 24511 61810 5051 41998 54467 51066 53479 9347 23683 68204 72370 59153 30442 90491 34629 35530 55183 8031 29874 38536 9984 33780 16124 49692 31143 82024 89451 10377 17921 15382 51224 39246 74899 3577 37732 4316 51701 39200 12360 2093 19333 36408 38686 37730 54219 30408 11006 93474 49208 17048 21195 45102 12444 46525 40167 46814 78557 83679 72818 59966 38829 32505 12737 12360 37396 58332 13154 12066 41702 59459 50515 29324 40620 21687 24388 28899 56760 22952 15340 74082 47603
12770 8325 0 64180 9670 12524 18543 62153 21894 31114 71245 37942 33129 80427 9114 60508 26448 37558 45076 24895 24457 63743 11223 45275 58912 52706 48819 9411 26959 71120 67710 64307 27012 93489 35388 31697 52220 14202 31414 42981 10505 30350 16070 51945 27220 80381 86488 5945 12713 16108 49093 34944 70998 9749 37678 7459 47868 35298 7159 8265 16582 32485 40009 33038 55265 31948 9949 91831 53654 23219 19456 45048 16890 42692 41238 42981 81554 82036 68158 57003 38775 28672 8904 7159 41850 60265 12182 18238 46148 57327 46682 24385 40566 17854 29787 28845 60036 22898 14052 76998 43301
54472 67144 64180 0 62986 58388 76749 45750 79534 74695 16805 90242 73343 36333 57694 107724 76685 95202 73893 42784 71269 109089 70041 95535 117070 101210 52721 69096 82085 117701 59706 122464 40215 80532 85311 68954 18875 73021 82632 101139 64481 36357 65066 100708 41445 56871 38583 61676 52051 72786 47510 38958 23372 68568 84173 63971 76685 38545 60494 67083 49134 39616 90362 41925 103146 83272 59449 68322 106185 82038 53028 89367 74111 70425 90994 69933 85546 58526 74666 20488 85270 68309 59770 57234 93903 105611 62171 77057 104305 40317 75499 56868 82441 57605 84913 77845 109811 75143 54233 123165 34555
19441 12920 9670 62986 0 19681 23138 59639 26489 22941 70051 30845 25197 77913 5712 52335 18275 33129 40578 23526 16284 70653 12439 37740 63507 44668 45300 8791 21855 77244 64191 65423 25643 99048 27215 27198 51026 13593 23241 47577 18117 28981 7238 43907 25852 82689 85294 12758 11344 10755 53893 33575 69629 12559 29505 12824 43370 33929 13104 11590 19928 31116 31971 31460 47092 23775 17106 94139 58249 20166 26269 36875 21485 38194 33200 38483 87113 84344 64487 56990 30602 24174 4550 13104 34506 67175 19339 16234 50743 62127 42184 21145 32393 13356 24683 20672 52004 14725 21210 83123 41932
5551 13725 12524 58388 19681 0 22951 61501 25721 41103 65453 44823 43118 76896 19125 69559 36437 42958 55087 20619 34446 58846 16623 53570 63062 61751 49755 17598 35255 67459 68934 68456 21686 88640 45378 41708 46427 19603 41403 47131 9426 25024 26059 60990 22508 72598 80695 10901 21903 25441 41310 30682 66336 15150 47667 10553 57880 30636 11366 13665 10577 27845 49054 29793 64334 41937 4929 84048 53610 28620 12237 55037 20105 52704 50282 52992 78896 74253 74079 51210 48764 38684 18916 9204 48969 55368 6432 23185 50297 49545 56693 33575 50555 27865 35960 38834 68332 32887 6129 72923 39039
24727 14097 18543 76749 23138 22951 0 77580 5449 43365 83165 38730 45831 95231 23165 64545 37864 27234 59127 39036 36708 53340 16835 49597 41938 58665 63697 19858 32695 55675 82588 47332 40660 92699 43656 45748 64140 16856 38901 26007 15242 43998 28321 57291 41361 86316 98407 20595 28139 27632 56963 49464 85117 15467 49078 13851 61919 49418 22578 14037 29551 46626 46285 47948 62350 39435 20376 97715 36679 24173 31413 56829 3982 56743 48067 57032 80765 87971 83036 68923 50174 42723 22955 22578 42875 49862 16961 20516 29173 65197 60733 39542 52817 31905 29867 40009 61785 35149 24954 61553 57821
57585 67362 62153 45750 59639 61501 77580 0 80931 65237 47236 81674 61156 26362 54942 90596 69996 89946 40326 42253 65260 114997 70134 82961 117949 84945 21931 65958 75395 123610 18694 120626 46823 110321 75910 42013 44678 71178 75198 102018 65602 46709 59627 85165 39665 86660 62269 61821 50089 67347 71812 35920 30897 68786 73768 65092 43118 40342 61615 67302 52974 38438 80270 33174 86094 75838 60570 98111 111486 77353 59739 72460 75927 36858 80902 36366 115335 88315 37424 58772 74902 45038 57568 58355 84918 111519 63777 73819 105185 70106 41932 39398 62498 47258 78223 71116 95840 69704 58089 129074 29300
28078 17449 21894 79534 26489 25721 5449 80931 0 46716 85936 42166 49182 98582 26516 67982 41670 30671 62478 42387 40059 54009 20186 53034 38723 62102 67049 23210 36132 52460 85939 44117 44011 95527 47171 49099 66910 20208 42415 22792 18069 47349 31672 60728 44713 89087 101178 23946 31491 30983 59734 52815 88469 18818 52468 17202 65271 52769 25929 17388 32902 49977 49721 51299 65787 42950 23218 100537 33465 28039 34548 60650 6768 60095 51504 60383 83593 90742 86387 71694 53564 46074 26306 25929 46312 50531 19789 23867 25958 67968 64084 42894 56168 35256 33304 43524 65222 38500 27740 58338 61172
40885 31169 31114 74695 22941 41103 43365 65237 46716 0 82641 19070 4730 83511 24421 36562 11224 37831 33868 34393 6764 90880 29497 23524 75311 29804 49837 26673 16624 89412 64039 73434 40161 116650 13992 25920 64616 29772 11733 62035 38768 43288 16649 29303 35867 98112 99985 34203 27834 25038 74759 40929 78548 29476 12162 33051 31076 42827 34548 29838 41212 39908 18351 37932 32061 12374 38529 109562 76531 25568 47714 16848 41712 32974 18983 32921 107340 99767 58624 72361 13259 24533 25600 34548 22584 87402 40727 32412 70161 81409 32262 26744 11715 18954 19452 10349 37799 14783 42632 95291 49364
61537 74209 71245 16805 70051 65453 83165 47236 85936 82641 0 98188 81288 36205 65640 115670 84631 102541 78748 50729 79215 115105 77106 103481 123370 109156 57576 76161 89908 123717 61192 128764 48161 84762 93256 73809 25114 80086 90578 107439 71546 44303 73012 108654 49391 61102 31294 68741 59997 80126 51741 45915 21440 75633 92119 71036 81540 45837 67559 74148 56200 46573 98308 48883 111092 91218 66514 72552 112202 89103 60039 97313 80319 75280 98940 74788 89776 62757 79521 22515 93215 74371 66835 64299 101849 111627 69236 84122 110605 43174 80354 63159 90387 65416 92736 85790 117756 82483 61298 129181 41571
45607 33251 37942 90242 30845 44823 38730 81674 42166 19070 98188 0 22662 100809 34099 27134 14704 30147 49388 50655 21723 87464 29925 11960 64820 21028 67291 31912 10983 81728 79559 59442 54195 119791 6814 43564 79578 27648 8127 54350 41065 57517 26594 19654 52253 111195 113845 40274 39717 29130 80986 58226 94933 29904 12396 35414 46596 59213 41376 31289 49116 56293 8647 55230 24713 8209 42104 122646 65942 17884 52293 19996 41761 49893 10429 48441 107856 112850 73907 85568 13493 42177 33504 41376 4218 85693 44236 29647 59572 89220 47782 44041 25097 36251 8958 12762 24373 17340 46438 87606 66661
42900 33635 33129 73343 25197 43118 45831 61156 49182 4730 81288 22662 0 80549 24607 37148 13966 40297 29138 33041 9231 93346 31963 27116 77777 31498 46198 29139 19365 91879 59309 75900 40226 116842 17584 21190 63264 32238 15325 64501 41100 41960 18006 31364 34515 96759 98633 36218 27899 27504 75085 38839 77195 31942 15754 35517 26346 41475 36563 32305 42223 38555 21943 35842 32647 15966 40544 108210 79272 28035 49729 18627 44178 28244 22575 28191 109806 98415 53894 71009 16851 19803 27249 36563 26176 89868 42776 34879 72903 80205 27532 24374 11093 16864 22194 13941 41392 17524 44647 97757 47273
72980 85013 80427 36333 77913 76896 95231 26362 98582 83511 36205 100809 80549 0 73216 114071 88269 108220 64999 57648 83534 130392 87784 104749 135600 108420 45547 84232 93669 139004 39857 138900 60615 111636 95388 63352 45994 89452 93472 119669 82797 55980 77901 107932 55060 87976 51186 79016 67916 85621 78615 51715 16074 86437 93558 82287 67791 52839 78810 84952 68369 53574 99747 50858 109570 94112 77764 99426 126881 95627 75134 95581 93349 61531 100379 61039 116650 89631 62097 54710 94655 65705 75842 75550 103980 126914 80971 92093 122835 71421 66605 57672 86291 65532 96497 89390 117779 87978 73483 144468 44317
18885 12947 9114 57694 5712 19125 23165 54942 26516 24421 65640 34099 24607 73216 0 55588 21529 38220 36090 18107 17763 70680 15845 40994 63534 47922 40751 12329 25404 77271 59642 68097 21330 96626 30469 22711 46712 18824 26494 47603 17599 24667 7902 47161 20432 78375 80980 12203 5798 15621 51710 28155 64337 14371 31811 12851 38883 28616 12548 12886 17745 25697 35225 25904 50345 27029 16550 89826 58276 25627 25713 39142 21512 33707 36453 33996 87140 80030 60000 52676 32907 19687 2984 12548 37760 67202 18783 21865 50769 59944 37697 16596 33492 8869 28232 23926 55258 17979 20654 83150 36512
69484 58354 60508 107724 52335 69559 64545 90596 67982 36562 115670 27134 37148 114071 55588 0 36393 55962 52407 67422 40539 113279 55028 17602 85158 8193 77216 55641 34671 103111 86097 78420 73635 146072 26311 53258 97645 54063 30938 80166 66168 76341 48084 9631 68896 131141 133014 63539 61206 52819 104570 73993 111576 55007 26491 60517 49614 75856 63942 56392 70606 72936 24269 70996 7610 30533 66985 142591 90617 44945 76170 21221 67952 56901 22089 55431 134137 132796 71120 105390 26762 51871 54994 63942 26064 110701 69117 56231 84247 112749 50800 59807 33155 52018 36019 33813 23850 38830 71088 108990 82428
36219 26503 26448 76685 18275 36437 37864 69996 41670 11224 84631 14704 13966 88269 21529 36393 0 29650 43104 37098 8166 85481 24596 21718 67129 28726 55657 22007 5538 81231 72417 65253 40832 114609 11273 34565 66606 24387 7239 53853 34102 43959 14024 27965 39423 98696 101275 29537 27147 20372 70511 45687 82394 24576 13562 28385 40312 46674 29882 25172 36546 43754 16029 42691 31149 7773 33863 110146 65445 17387 43048 21327 37046 42210 17257 42157 102674 100351 67860 72997 14659 31541 20934 29882 18453 82736 36061 27028 59075 78745 41498 31502 20952 23712 8366 4730 36062 4770 37966 87109 54122
43742 31386 37558 95202 33129 42958 27234 89946 30671 37831 102541 30147 40297 108220 38220 55962 29650 0 69436 55797 31174 57597 28060 41014 37562 50082 75607 30929 24112 51664 94498 35686 58316 113565 35151 57505 83516 25784 30395 24286 35754 61653 30715 48708 58122 107114 117783 39256 43838 28994 78642 65629 101919 28040 40572 33549 66643 66199 41240 29424 48565 63279 37702 62641 53767 30930 40239 118564 42918 16019 50428 48766 30685 68437 39484 68488 101630 108769 94192 88299 41669 54480 37399 41240 34292 58509 37888 27782 35411 86876 67829 51452 47283 43662 21284 31504 50872 27930 44573 57542 73986
54847 48909 45076 73893 40578 55087 59127 40326 62478 33868 78748 49388 29138 64999 36090 52407 43104 69436 0 44459 38369 106641 51225 45110 99496 47038 26780 47353 48504 113233 35139 100208 51643 129160 42682 13379 68050 52117 44464 83565 53561 53377 40566 47314 45932 108177 99846 48164 39382 48285 86503 47041 69551 50333 40539 48813 2793 52314 48510 48848 53707 48507 47041 43455 47905 45104 52512 119627 94238 57173 61675 34608 57474 7443 46772 3960 123102 109832 29156 81615 41673 16403 38946 48510 51689 103163 54745 54757 86731 91622 1606 28212 29269 28197 51332 43079 57989 46663 56616 119111 48929
16703 28818 24895 42784 23526 20619 39036 42253 42387 34393 50729 50655 33041 57648 18107 67422 37098 55797 44459 0 31682 75964 31716 55233 79405 60908 32737 29636 42497 84576 51916 84800 8055 89861 45701 31079 32705 34695 43045 63475 26156 11183 25479 60406 3956 66200 68074 23329 12464 33199 43163 10834 46636 30242 43871 25646 47251 10916 22169 28758 12811 7996 50060 10545 62845 43685 21123 77651 71400 43195 20924 49065 37154 41649 50693 42364 88865 67856 57060 40450 44968 28055 20310 18909 54294 72486 24330 38731 66641 49646 46065 17987 42139 17303 45326 38257 69509 35556 18705 90040 19191
34228 24511 24457 71269 16284 34446 36708 65260 40059 6764 79215 21723 9231 83534 17763 40539 8166 31174 38369 31682 0 84222 22839 26607 68653 32888 50921 20015 13565 82755 67682 66777 35416 111312 16791 29830 61190 23114 14112 55377 32110 38543 9992 32386 34007 94686 96559 27546 22034 18380 68520 40952 77659 22819 15245 26394 35576 41938 27891 23181 34555 39019 21434 37955 35296 14753 31871 106136 70361 18911 41056 21763 35054 37475 22067 37421 100683 96341 63125 68935 16342 26805 18943 27891 25384 80744 34070 25755 63899 76664 36762 26766 16216 18977 16393 9325 40883 10419 35975 88633 49386
61182 61810 63743 109089 70653 58846 53340 114997 54009 90880 115105 87464 93346 130392 70680 113279 85481 57597 106641 75964 84222 0 64548 98331 44017 107399 104787 67373 81429 20408 123966 54649 74456 132849 92468 93262 96080 64701 87712 35800 55392 77793 75835 106025 75404 120191 130348 62923 73960 75194 88903 83578 118433 63180 96038 57829 109434 82754 64014 61750 63800 80741 95019 83290 111084 88247 59771 131641 28489 73534 64067 104231 50494 104258 96801 104547 120915 121846 128241 100863 97135 90238 70470 64014 89349 7177 55084 65254 34122 97137 108248 85632 100331 79420 78601 87213 104804 82663 59811 21023 91448
17407 5051 11223 70041 12439 16623 16835 70134 20186 29497 77106 29925 31963 87784 15845 55028 24596 28060 51225 31716 22839 64548 0 38672 57204 47740 55795 8499 20357 70941 74686 59165 33340 93373 31303 37845 58081 4801 26547 41273 12866 36677 14453 46366 34041 84905 92349 13274 20819 13710 54122 42144 77797 1704 35231 7214 54017 42097 15258 3089 22230 39306 35360 40628 51302 27082 13904 96356 51946 13722 24093 43430 15182 48841 37142 49130 81438 86561 75134 62864 36328 34821 15190 15258 34070 61070 16036 9092 44439 62356 52831 31640 38949 24003 21062 26406 53434 21280 18238 76820 50500
54244 41998 45275 95535 37740 53570 49597 82961 53034 23524 103481 11960 27116 104749 40994 17602 21718 41014 45110 55233 26607 98331 38672 0 71637 10314 69582 39286 18315 89590 78744 64899 59704 129995 11209 45270 85456 37707 15141 65217 49813 62831 33489 8940 56707 118161 120718 48299 46611 36463 88882 62680 99387 38651 12886 44161 42318 63667 48709 40036 56011 60747 8274 59684 13450 15175 50851 129611 76809 28751 60930 10502 51596 49267 5734 47797 118060 119816 64413 92462 12830 43883 40399 48709 12785 96560 52983 39875 70439 97116 43504 48495 24283 40705 19825 19776 16196 24235 55185 95468 71115
65096 54467 58912 117070 63507 63062 41938 117949 38723 75311 123370 64820 77777 135600 63534 85158 67129 37562 99496 79405 68653 44017 57204 71637 0 80123 104067 60228 61591 25773 122957 18523 81029 132493 68108 86117 104344 57226 67875 17973 55035 84367 67958 78749 81731 126623 138612 60964 68509 66473 97167 89833 125487 55836 73689 54220 102289 89787 62947 54406 69920 86995 69941 88317 83808 68409 60184 137509 37152 53499 71783 79974 44303 97113 70399 97401 120558 128278 123405 109127 74290 83092 63324 62947 64748 46037 56755 60885 29991 105402 101102 79912 83873 72274 58763 68983 72658 65409 65275 31652 98190
61675 51066 52706 101210 44668 61751 58665 84945 62102 29804 109156 21028 31498 108420 47922 8193 28726 50082 47038 60908 32888 107399 47740 10314 80123 0 71565 48046 27383 98076 80728 73385 65984 139063 18660 47607 91131 46775 23414 74285 58880 69111 40417 2343 62382 124627 126500 55731 53540 45481 96904 68342 105062 47719 19095 53229 44245 69342 56140 49104 62939 66422 16460 65346 3789 22883 59176 136077 85582 37819 68362 13852 60664 51251 14802 49780 127128 126282 65871 98849 19111 46220 47327 56140 21773 105628 61308 48943 79212 105098 45431 54157 27505 46367 28893 26162 19877 31163 63280 103955 76777
46593 53479 48819 52721 45300 49755 63697 21931 67049 49837 57576 67291 46198 45547 40751 77216 55657 75607 26780 32737 50921 104787 55795 69582 104067 71565 0 52075 61056 113399 22269 106744 37903 112522 61315 26161 46879 56840 59954 88136 53468 38553 45288 71785 30745 88861 79197 48487 36755 53008 70317 28518 49399 54903 59485 52449 29572 33641 49481 53419 43696 30079 65674 24254 72714 60594 48436 100311 97923 63014 50819 59080 62044 23312 66307 22820 115253 90516 27414 60972 60582 29186 43517 46221 69908 101309 51643 59480 91302 72306 28386 24724 49118 32919 63884 56777 82460 55365 48700 118863 28768
18192 9347 9411 69096 8791 17598 19858 65958 23210 26673 76161 31912 29139 84232 12329 55641 22007 30929 47353 29636 20015 67373 8499 39286 60228 48046 52075 0 20970 73965 70966 63762 31752 95768 30947 33973 57135 10375 26415 44297 15261 35090 11628 46980 31961 85860 91403 12248 17453 10886 54656 39684 75738 8619 33236 9544 50145 40039 13069 8017 22228 37226 35349 37778 50629 26949 15024 97310 54969 17553 24879 40606 18205 44969 36578 45258 83833 87515 71262 62649 34333 30949 12371 13069 35861 63895 17221 13016 47463 62890 48959 27920 36124 20131 23356 24403 54047 18456 19127 79843 48041
35928 23683 26959 82085 21855 35255 32695 75395 36132 16624 89908 10983 19365 93669 25404 34671 5538 24112 48504 42497 13565 81429 20357 18315 61591 27383 61056 20970 0 75693 77817 59715 45500 111969 11221 39965 70882 19392 6466 48315 31497 48837 17899 26009 44823 102223 105150 29983 31021 18148 71986 51087 87794 20336 16643 25845 45711 52073 30393 21721 39552 49154 15003 48090 31068 7000 32535 113673 59907 11849 42615 25051 33483 47610 16785 47556 100035 103878 73260 76872 17739 36940 24809 30393 14891 79205 34667 22015 53537 80221 46897 36901 26351 29112 2828 7574 33077 8645 36870 81571 59521
69795 68204 71120 117701 77244 67459 55675 123610 52460 89412 123717 81728 91879 139004 77271 103111 81231 51664 113233 84576 82755 20408 70941 89590 25773 98076 113399 73965 75693 0 132578 36365 83068 141462 86061 99854 104692 70963 81977 29867 64004 86406 82059 96702 84016 128803 138960 71535 81787 80575 97515 92190 127045 69573 91643 66441 116026 91367 72627 68143 72412 89353 87894 91902 101761 82511 68383 140253 22969 67600 72679 97928 58040 110850 88352 111138 129527 130458 136764 109475 92243 96829 77062 72627 82219 23904 63696 73866 28292 105749 114839 93459 98864 86011 72865 83085 90611 79511 68423 5879 100060
65772 72370 67710 59706 64191 68934 82588 18694 85939 64039 61192 79559 59309 39857 59642 86097 72417 94498 35139 51916 67682 123966 74686 78744 122957 80728 22269 70966 77817 132578 0 125634 57082 125692 72852 42259 60049 75731 74634 107027 72647 57732 64179 80948 49924 102031 76224 67666 55646 71899 86403 47697 44853 73794 70709 71628 37932 52820 68661 72310 62875 49258 77211 43433 81595 75274 67615 113481 117103 81905 69998 68243 80935 31672 77844 31180 130705 103686 31861 74142 71844 45284 62408 65401 81860 120488 70822 78371 110193 85476 36746 43615 59439 51810 80645 72950 91623 74256 67880 138042 43890
70491 59153 64307 122464 65423 68456 47332 120626 44117 73434 128764 59442 75900 138900 68097 78420 65253 35686 100208 84800 66777 54649 59165 64899 18523 73385 106744 63762 59715 36365 125634 0 86424 137887 61370 88642 109738 59216 64594 25994 60430 89761 66318 72011 87125 132017 144006 66358 73058 64597 102562 94719 130860 59285 66951 59615 100208 95161 68342 59092 75314 92369 63203 93154 77070 65031 65578 142903 45251 51622 77177 73236 49698 98824 63661 98687 125953 133672 123207 114522 67552 85617 68308 68342 59442 56702 62149 61333 37722 110796 100208 82589 79653 74799 56887 67107 65920 63532 70670 42243 103076
17770 30442 27012 40215 25643 21686 40660 46823 44011 40161 48161 54195 40226 60615 21330 73635 40832 58316 51643 8055 35416 74456 33340 59704 81029 65984 37903 31752 45500 83068 57082 86424 0 83125 49457 38264 29943 36319 46590 65098 27779 6210 29206 65482 7229 62219 64211 24975 16198 35717 36091 15404 48337 31866 48642 27270 54436 12638 23793 30381 12433 12566 54530 15115 68392 47125 22747 73669 71552 45290 19197 55160 38778 48834 55163 49548 81032 63874 62226 36587 49739 35240 22427 20533 57856 70978 25954 40355 68264 44326 53250 25298 49171 24488 48328 41992 73979 38075 17547 88532 22351
87105 90491 93489 80532 99048 88640 92699 110321 95527 116650 84762 119791 116842 111636 96626 146072 114609 113565 129160 89861 111312 132849 93373 129995 132493 139063 112522 95768 111969 141462 125692 137887 83125 0 122916 115781 65737 93821 118160 116562 83209 83435 102903 137689 88522 36929 100004 92669 97226 103589 66192 89153 98676 91861 125838 86224 131953 85919 93964 90431 86276 89811 126682 92120 142135 118695 89864 54596 127235 103909 84948 131322 90007 126777 128352 126729 21819 29728 134467 66105 126935 112757 97690 92266 123479 129371 85405 92507 119728 56379 130767 105366 124839 101939 110928 117005 143259 111058 84508 146926 89119
45159 34629 35388 85311 27215 45378 43656 75910 47171 13992 93256 6814 17584 95388 30469 26311 11273 35151 42682 45701 16791 92468 31303 11209 68108 18660 61315 30947 11221 86061 72852 61370 49457 122916 0 37246 75232 30338 4862 59354 42443 52585 22964 18158 47175 107636 110215 38477 36087 29094 79451 53148 89855 31282 5689 36773 39889 54135 38822 32667 45486 51215 6385 50151 21068 4330 42803 119087 70946 22888 51988 14097 44429 43187 7829 41734 110981 109291 67438 81937 6786 35859 29874 38822 9115 90164 44955 32962 64576 87686 41075 38963 18390 31173 13908 9264 25993 13710 46906 91940 61583
41467 35530 31697 68954 27198 41708 45748 42013 49099 25920 73809 43564 21190 63352 22711 53258 34565 57505 13379 31079 29830 93262 37845 45270 86117 47607 26161 33973 39965 99854 42259 88642 38264 115781 37246 0 60878 38738 36515 70186 40182 39998 27187 47474 32553 94798 95281 34785 26003 34906 73124 35245 66169 36954 35103 35434 16172 38935 35130 35469 40327 35128 41605 32123 48756 37155 39133 106248 80859 44912 48296 34768 44094 10996 42238 11284 109723 96453 37515 69047 36238 3024 25567 35130 46254 89784 41366 41378 73352 78243 14986 14833 23833 14817 42793 35131 58149 36175 43237 105732 41098
42511 55183 52220 18875 51026 46427 64140 44678 66910 64616 25114 79578 63264 45994 46712 97645 66606 83516 68050 32705 61190 96080 58081 85456 104344 91131 46879 57135 70882 104692 60049 109738 29943 65737 75232 60878 0 61060 71973 88413 52520 26279 54588 90629 31366 42076 40356 49716 41972 61100 32715 28980 33033 56607 74094 52011 70843 28466 48534 55122 37174 29665 80283 31947 93068 72507 47488 53527 93176 70077 41013 79288 61294 64583 80916 64091 70751 43731 68824 14188 75191 58278 47810 45274 83238 92602 50210 65096 91579 25522 69657 46918 72362 47526 73710 67766 99732 63457 42272 110156 26253
20386 8031 14202 73021 13593 19603 16856 71178 20208 29772 80086 27648 32238 89452 18824 54063 24387 25784 52117 34695 23114 64701 4801 37707 57226 46775 56840 10375 19392 70963 75731 59216 36319 93821 30338 38738 61060 0 25583 41295 14627 39657 14728 45401 37021 86354 95328 16254 23799 13033 57101 45123 80777 4729 35023 10105 54909 45077 18237 6069 25210 42285 34395 43202 50358 26117 16731 97805 51967 11445 27073 43431 15203 49733 36177 50022 81887 88009 76026 65843 36119 35713 17723 18237 31794 61223 17450 4657 44461 65336 53723 32685 39224 24895 18785 26197 51780 21555 21217 76841 53480
41185 29874 31414 82632 23241 41403 38901 75198 42415 11733 90578 8127 15325 93472 26494 30938 7239 30395 44464 43045 14112 87712 26547 15141 67875 23414 59954 26415 6466 81977 74634 64594 46590 118160 4862 36515 71973 25583 0 54599 37688 49906 18990 22693 44916 103662 106241 34502 32112 24339 75477 50890 87597 26527 10344 32017 41671 51876 34848 27912 41512 48957 11118 47893 25822 640 38706 115112 66191 18133 48013 18751 39674 43570 12346 43516 106226 105317 69220 77963 11440 35128 25900 34848 11876 85408 40858 28206 59821 83711 42857 36704 22311 28915 9153 5289 29903 9736 42932 87855 59324
49165 38536 42981 101139 47577 47131 26007 102018 22792 62035 107439 54350 64501 119669 47603 80166 53853 24286 83565 63475 55377 35800 41273 65217 17973 74285 88136 44297 48315 29867 107027 25994 65098 116562 59354 70186 88413 41295 54599 0 39104 68436 52759 72911 65800 110692 122681 45033 52578 52070 81236 73902 109556 39905 64776 38290 86358 73856 47017 38475 53989 71064 61905 72387 77970 55133 44253 121578 19574 40223 55852 72969 28372 81182 63687 81470 104628 112347 107474 93196 65873 67162 47394 47017 57801 36712 40824 44954 12067 89471 85172 63981 71486 56343 45487 55707 73223 52133 49345 35745 82259
11811 9984 10505 64481 18117 9426 15242 65602 18069 38768 71546 41065 41100 82797 17599 66168 34102 35754 53561 26156 32110 55392 12866 49813 55035 58880 53468 15261 31497 64004 72647 60430 27779 83209 42443 40182 52520 14627 37688 39104 0 31117 23723 57506 28481 77825 86788 9604 20799 23082 46718 36583 72237 11354 45331 5717 56354 36537 12014 9924 16670 33745 46500 35068 61931 38222 7770 88225 49777 24862 18497 52701 12549 51178 47880 51466 71275 79480 76241 57304 46428 37158 17390 12014 45211 51914 3762 15114 42271 54953 55167 32471 48219 26339 32202 36498 64574 30551 12642 69468 44940
21108 33780 30350 36357 28981 25024 43998 46709 47349 43288 44303 57517 41960 55980 24667 76341 43959 61653 53377 11183 38543 77793 36677 62831 84367 69111 38553 35090 48837 86406 57732 89761 6210 83435 52585 39998 26279 39657 49906 68436 31117 0 32340 68610 8837 59774 61647 28312 19325 39055 36813 13349 43702 35204 51769 30607 56170 8003 27130 33719 15770 12154 57658 15032 71519 50462 26085 71224 74890 48628 22535 57984 42116 50568 58290 51282 83327 61429 62876 34023 52866 36974 25765 23870 61177 74315 29292 43693 71602 43219 54984 26906 51058 26221 51665 45119 77107 41412 20885 91870 17717
25841 16124 16070 65066 7238 26059 28321 59627 31672 16649 73012 26594 18006 77901 7902 48084 14024 30715 40566 25479 9992 75835 14453 33489 67958 40417 45288 11628 17899 82059 64179 66318 29206 102903 22964 27187 54588 14728 18990 52759 23723 32340 0 39656 27804 86277 88856 19159 13519 9993 59611 35311 71601 14432 24044 18007 43118 35880 19504 14794 25646 32961 27720 32322 42841 19524 23484 97727 63432 18452 32670 31375 26668 38182 28948 38471 92296 87932 64475 60578 25141 24162 9794 19504 30255 72357 25683 17368 55925 67846 42172 21134 26101 13344 20727 16421 47753 10474 27588 87938 43668
60914 49692 51945 100708 43907 60990 57291 85165 60728 29303 108654 19654 31364 107932 47161 9631 27965 48708 47314 60406 32386 106025 46366 8940 78749 2343 71785 46980 26009 96702 80948 72011 65482 137689 18158 47474 90629 45401 22693 72911 57506 68610 39656 0 61880 124125 125998 54970 52779 44157 96143 67853 104560 46345 18653 51855 44522 68840 55379 47730 62178 65920 15699 64857 6029 22381 58415 135575 84208 36445 67601 13409 59290 51471 13428 50000 125754 125780 66617 98348 18609 46087 46566 55379 20399 104254 60547 47569 77838 104378 45708 53668 27371 45878 27519 25660 18503 30402 62519 102581 76288
18592 31143 27220 41445 25852 22508 41361 39665 44713 35867 49391 52253 34515 55060 20432 68896 39423 58122 45932 3956 34007 75404 34041 56707 81731 62382 30745 31961 44823 84016 49924 87125 7229 88522 47175 32553 31366 37021 44916 65800 28481 8837 27804 61880 0 64862 66735 25655 14789 35524 42018 8246 45297 32567 45345 27971 48725 9577 24494 31083 13381 5408 51534 7957 64318 45557 23449 76312 72500 45520 20145 50539 39480 43123 52166 43837 88086 66517 55069 39111 46442 29529 22635 21234 55767 71926 26655 41057 68966 48307 47539 19461 43613 18776 47651 40583 70983 37881 18495 89480 16603
70707 82024 80381 56871 82689 72598 86316 86660 89087 98112 61102 111195 96759 87976 78375 131141 98696 107114 108177 66200 94686 120191 84905 118161 126623 124627 88861 85860 102223 128803 102031 132017 62219 36929 107636 94798 42076 86354 103662 110692 77825 59774 86277 124125 64862 0 76344 77340 75468 92321 42532 65492 75015 83394 107581 78411 110970 62259 77000 81964 66779 66150 112392 68460 126563 104196 74782 19550 116976 96497 66523 112784 83470 105368 113620 105746 42026 7201 110806 42445 108678 91774 79473 74005 114927 116713 75269 87632 113858 32719 109783 81705 105858 81021 103515 100674 132425 95146 68466 134267 65458
76779 89451 86488 38583 85294 80695 98407 62269 101178 99985 31294 113845 98633 51186 80980 133014 101275 117783 99846 68074 96559 130348 92349 120718 138612 126500 79197 91403 105150 138960 76224 144006 64211 100004 110215 95281 40356 95328 106241 122681 86788 61647 88856 125998 66735 76344 0 83983 77341 95368 66983 67365 36421 90875 109463 86278 102639 64132 82802 89390 71442 68023 114949 70333 128436 106775 81756 87794 127444 104345 75281 114657 95562 96379 116178 95887 105018 77999 98465 37757 110560 93647 82077 79542 117506 126870 84478 99364 125847 58416 101453 83579 107731 82894 107978 103135 134982 97725 76540 144424 63192
10889 10377 5945 61676 12758 10901 20595 61821 23946 34203 68741 40274 36218 79016 12203 63539 29537 39256 48164 23329 27546 62923 13274 48299 60964 55731 48487 12248 29983 71535 67666 66358 24975 92669 38477 34785 49716 16254 34502 45033 9604 28312 19159 54970 25655 77340 83983 0 14759 19197 46052 33757 69432 11801 40766 7824 50957 33732 6455 10316 14078 30919 43033 31901 58313 35037 8324 88790 55705 25271 18178 48137 18941 45781 44262 46069 80734 78995 70204 54499 41863 31761 11993 6455 44182 59445 10559 20290 48199 54286 49771 26431 43655 20943 31812 31934 63061 25987 12386 76999 42114
20228 17921 12713 52051 11344 21903 28139 50089 31491 27834 59997 39717 27899 67916 5798 61206 27147 43838 39382 12464 22034 73960 20819 46611 68509 53540 36755 17453 31021 81787 55646 73058 16198 97226 36087 26003 41972 23799 32112 52578 20799 19325 13519 52779 14789 75468 77341 14759 0 21239 50848 22403 58585 19345 36315 17317 42175 22865 15104 17861 17934 19946 40842 20370 55963 32646 18856 86918 63250 31178 27518 42833 26486 36999 42071 37287 90420 77123 57552 49717 37412 22979 8128 13891 43378 70482 21754 27578 55744 57956 40989 14195 36844 12161 33849 29543 60876 23596 22725 87251 30759
25805 15382 16108 72786 10755 25441 27632 67347 30983 25038 80126 29130 27504 85621 15621 52819 20372 28994 48285 33199 18380 75194 13710 36463 66473 45481 53008 10886 18148 80575 71899 64597 35717 103589 29094 34906 61100 13033 24339 52070 23082 39055 9993 44157 35524 92321 95368 19197 21239 0 61359 43031 79321 13689 31601 17366 51078 43600 19542 14051 28497 40681 32783 40042 48063 24873 22866 103772 62743 16031 32491 38971 25979 45902 34012 46191 91655 93977 72195 67055 32698 31882 15027 19542 33039 71716 25063 15657 55236 69593 49892 28853 34489 21064 20976 22768 51225 16821 26970 86454 51388
39419 51224 49093 47510 53893 41310 56963 71812 59734 74759 51741 80986 75085 78615 51710 104570 70511 78642 86503 43163 68520 88903 54122 88882 97167 96904 70317 54656 71986 97515 86403 102562 36091 66192 79451 73124 32715 57101 75477 81236 46718 36813 59611 96143 42018 42532 66983 46052 50848 61359 0 43818 65654 52648 81362 48052 89296 40585 45712 51164 36326 44476 84207 46786 99327 76011 43494 53982 85999 66118 35235 88693 54117 83694 85435 84086 63953 44187 93297 34679 82459 70100 51533 43550 85131 85425 43981 60089 84402 19464 88109 60031 83769 59347 73459 72908 103643 66961 37178 102979 42616
26766 39246 34944 38958 33575 30682 49464 35920 52815 40929 45915 58226 38839 51715 28155 73993 45687 65629 47041 10834 40952 83578 42144 62680 89833 68342 28518 39684 51087 92190 47697 94719 15404 89153 53148 35245 28980 45123 50890 73902 36583 13349 35311 67853 8246 65492 67365 33757 22403 43031 43818 0 41541 40670 51318 36073 49833 6982 32597 39185 21555 3420 57507 4601 69491 51530 31551 76942 80675 53027 28320 55471 47582 42715 58140 44014 90860 67147 52841 39742 52415 32801 30359 29337 61741 80100 34758 49159 77068 48938 48647 21196 47937 22950 53915 46807 76956 45388 26670 97654 8499
62420 74899 70998 23372 69629 66336 85117 30897 88469 78548 21440 94933 77195 16074 64337 111576 82394 101919 69551 46636 77659 118433 77797 99387 125487 105062 49399 75738 87794 127045 44853 130860 48337 98676 89855 66169 33033 80777 87597 109556 72237 43702 71601 104560 45297 75015 36421 69432 58585 79321 65654 41541 0 76323 88025 71727 72344 41744 68250 74839 57083 42480 94214 44509 106999 88237 67205 86466 115529 89168 63481 93220 83236 66083 94847 65592 103690 76670 67094 40936 89122 68522 66413 64990 98448 114955 70411 84813 112722 58461 71158 57378 86294 61323 90622 83515 113663 81678 62197 132509 35023
15933 3577 9749 68568 12559 15150 15467 68786 18818 29476 75633 29904 31942 86437 14371 55007 24576 28040 50333 30242 22819 63180 1704 38651 55836 47719 54903 8619 20336 69573 73794 59285 31866 91861 31282 36954 56607 4729 26527 39905 11354 35204 14432 46345 32567 83394 90875 11801 19345 13689 52648 40670 76323 0 35211 5740 53125 40624 13784 1616 20757 37832 35339 39154 51282 27061 12430 94844 50578 13701 22620 43410 13814 47949 37121 48238 79926 85049 74242 61390 36308 33929 14161 13784 34050 59702 14524 9022 43071 60883 51939 30748 38928 23111 21041 26386 53413 21260 16764 75451 49027
47449 37732 37678 84173 29505 47667 49078 73768 52468 12162 92119 12396 15754 93558 31811 26491 13562 40572 40539 43871 15245 96038 35231 12886 73689 19095 59485 33236 16643 91643 70709 66951 48642 125838 5689 35103 74094 35023 10344 64776 45331 51769 24044 18653 45345 107581 109463 40766 36315 31601 81362 51318 88025 35211 0 39614 37746 52305 41112 36186 47776 49385 7713 48322 21495 9812 45092 119031 76368 28309 54277 8484 47894 41044 8346 39591 113903 109236 62395 81764 1134 33716 32163 41112 14697 93734 47291 37663 69998 88012 38933 37133 16248 29343 19330 9076 27162 16000 49196 97521 59753
11337 4316 7459 63971 12824 10553 13851 65092 17202 33051 71036 35414 35517 82287 12851 60517 28385 33549 48813 25646 26394 57829 7214 44161 54220 53229 52449 9544 25845 66441 71628 59615 27270 86224 36773 35434 52011 10105 32017 38290 5717 30607 18007 51855 27971 78411 86278 7824 17317 17366 48052 36073 71727 5740 39614 0 51605 36027 10469 4256 16160 33236 40849 34558 56280 32552 7618 89861 48962 19210 18023 46985 12198 46429 42228 46718 74289 80066 72722 56794 40711 32409 12641 10469 39559 54351 9029 13824 41456 56286 50419 28989 42503 21591 26551 30781 58923 24835 12168 71905 44430
57639 51701 47868 76685 43370 57880 61919 43118 65271 31076 81540 46596 26346 67791 38883 49614 40312 66643 2793 47251 35576 109434 54017 42318 102289 44245 29572 50145 45711 116026 37932 100208 54436 131953 39889 16172 70843 54909 41671 86358 56354 56170 43118 44522 48725 110970 102639 50957 42175 51078 89296 49833 72344 53125 37746 51605 0 55107 51302 51641 56499 51299 44248 46247 45113 42311 55305 122420 97030 54380 64468 31816 60266 10236 43979 6752 125894 112625 29111 84408 38881 19196 41739 51302 48897 105956 57538 57550 89524 94415 1186 31005 26476 30989 48539 40287 55196 43870 59408 121904 51721
26720 39200 35298 38545 33929 30636 49418 40342 52769 42827 45837 59213 41475 52839 28616 75856 46674 66199 52314 10916 41938 82754 42097 63667 89787 69342 33641 40039 52073 91367 52820 95161 12638 85919 54135 38935 28466 45077 51876 73856 36537 8003 35880 68840 9577 62259 64132 33732 22865 43600 40585 6982 41744 40624 52305 36027 55107 0 32550 39139 21383 7722 58494 9950 71279 52517 31505 73709 79851 53468 27802 57499 47536 48623 59126 49787 87226 63914 57964 36508 53402 36416 30713 29291 62727 79276 34712 49113 77022 45704 53921 24975 50573 25737 54901 47794 77943 45957 26497 96831 13320
9597 12360 7159 60494 13104 11366 22578 61615 25929 34548 67559 41376 36563 78810 12548 63942 29882 41240 48510 22169 27891 64014 15258 48709 62947 56140 49481 13069 30393 72627 68661 68342 23793 93964 38822 35130 48534 18237 34848 47017 12014 27130 19504 55379 24494 77000 82802 6455 15104 19542 45712 32597 68250 13784 41112 10469 51302 32550 0 12300 12683 29759 43443 31081 58698 35382 8225 88450 56609 27255 16887 48482 20925 46126 44672 46415 82936 78655 70549 53317 42209 32106 12338 3260 45284 60536 11652 22273 50183 53946 50116 26776 44000 21288 33221 32279 63470 26332 12094 78091 40953
14449 2093 8265 67083 11590 13665 14037 67302 17388 29838 74148 31289 32305 84952 12886 56392 25172 29424 48848 28758 23181 61750 3089 40036 54406 49104 53419 8017 21721 68143 72310 59092 30381 90431 32667 35469 55122 6069 27912 38475 9924 33719 14794 47730 31083 81964 89390 10316 17861 14051 51164 39185 74839 1616 36186 4256 51641 39139 12300 0 19272 36348 36724 37670 52257 28446 10946 93414 49148 15086 21135 43772 12384 46465 38205 46753 78496 83619 72758 59906 37283 32445 12677 12300 35435 58272 13094 10105 41641 59398 50455 29264 39290 21627 22426 27361 54798 21622 15280 74021 47542
6661 19333 16582 49134 19928 10577 29551 52974 32902 41212 56200 49116 42223 68369 17745 70606 36546 48565 53707 12811 34555 63800 22230 56011 69920 62939 43696 22228 39552 72412 62875 75314 12433 86276 45486 40327 37174 25210 41512 53989 16670 15770 25646 62178 13381 66779 71442 14078 17934 28497 36326 21555 57083 20757 47776 16160 56499 21383 12683 19272 0 18718 50242 21267 65363 42046 11638 78230 60896 34227 10033 55146 27669 51239 51471 51612 80520 68434 68019 41957 48873 37303 17569 9423 52777 60322 14845 29246 57155 44560 55313 28711 50505 26485 41567 38943 70275 32996 6542 77876 29912
23929 36408 32485 39616 31116 27845 46626 38438 49977 39908 46573 56293 38555 53574 25697 72936 43754 63279 48507 7996 39019 80741 39306 60747 86995 66422 30079 37226 49154 89353 49258 92369 12566 89811 51215 35128 29665 42285 48957 71064 33745 12154 32961 65920 5408 66150 68023 30919 19946 40681 44476 3420 42480 37832 49385 33236 51299 7722 29759 36348 18718 0 55574 6388 68359 49597 28713 77601 77837 50677 25482 54580 44744 44830 56207 46225 91034 67805 54403 40400 50482 32608 27900 26499 59808 77263 31920 46321 74231 49596 50113 21167 47654 22758 51982 44875 75023 43038 23832 94817 11777
48978 38686 40009 90362 31971 49054 46285 80270 49721 18351 98308 8647 21943 99747 35225 24269 16029 37702 47041 50060 21434 95019 35360 8274 69941 16460 65674 35349 15003 87894 77211 63203 54530 126682 6385 41605 80283 34395 11118 61905 46500 57658 27720 15699 51534 112392 114949 43033 40842 32783 84207 57507 94214 35339 7713 40849 44248 58494 43443 36724 50242 55574 0 54511 19043 10608 46479 123842 73497 25439 55664 12929 48284 47546 3878 46093 114748 114047 66840 86693 7657 40218 34630 43443 10887 93248 48611 36563 67127 92441 45434 43322 22423 35532 16513 14019 23224 18466 50583 93773 65942
25877 37730 33038 41925 31460 29793 47948 33174 51299 37932 48883 55230 35842 50858 25904 70996 42691 62641 43455 10545 37955 83290 40628 59684 88317 65346 24254 37778 48090 91902 43433 93154 15115 92120 50151 32123 31947 43202 47893 72387 35068 15032 32322 64857 7957 68460 70333 31901 20370 40042 46786 4601 44509 39154 48322 34558 46247 9950 31081 37670 21267 6388 54511 0 66495 48533 30035 79910 80225 50048 28031 52475 46066 39236 55143 40400 93827 70115 48577 42709 49418 29804 28453 27821 58744 79812 33242 46399 75553 51905 45061 18199 44940 19953 50918 43811 73959 42399 26381 97366 12242
64258 54219 55265 103146 47092 64334 62350 86094 65787 32061 111092 24713 32647 109570 50345 7610 31149 53767 47905 62845 35296 111084 51302 13450 83808 3789 72714 50629 31068 101761 81595 77070 68392 142135 21068 48756 93068 50358 25822 77970 61931 71519 42841 6029 64318 126563 128436 58313 55963 48063 99327 69491 106999 51282 21495 56280 45113 71279 58698 52257 65363 68359 19043 66495 0 25290 61759 138014 89267 41504 70944 16250 63965 52400 17748 50929 130469 128218 66619 100813 21518 47370 49750 58698 24740 109313 63891 52628 82897 107505 46299 55306 28654 47516 32578 28569 22844 33587 65863 107640 77926
