NAME : NYC-100-1
COMMENT : OSM drive network, depot (40.7549, -73.984), seed 1
TYPE : VRPSPD
DIMENSION : 101
CAPACITY : 150
EDGE_WEIGHT_TYPE : EXPLICIT
EDGE_WEIGHT_FORMAT : FULL_MATRIX
EDGE_WEIGHT_SECTION
0 9131 30867 8669 44729 76704 96644 78996 68852 27503 63317 57034 23784 34153 26360 73275 43768 80363 88740 91449 82402 16922 9457 56498 71628 71287 73044 62445 38500 74641 82830 31587 26182 82879 46456 78238 67715 92895 11482 97231 55350 65122 63380 72900 48039 69926 66540 73280 54173 64223 44296 80195 87460 75062 38402 82918 104054 51469 20776 76845 67329 27330 71837 98914 8693 69325 72489 83084 7506 53243 97154 94445 108236 47638 14234 26338 65422 38003 94617 37013 68228 84810 68354 93944 18516 70150 83309 56367 78558 25822 99606 53025 41290 100419 73956 64698 72859 20562 69782 69199 60382
9131 0 24460 7472 37555 75343 89831 88073 68943 36618 63407 55673 32872 38201 22247 73365 52856 73551 88830 89892 81041 20450 5913 56589 80704 71378 73135 65586 42548 74732 81469 35635 29827 81518 46546 76877 66354 101969 20568 97322 55441 63761 63471 71539 52087 68565 60632 71919 50422 62862 48344 78834 80648 68250 31228 81557 104145 50108 29884 76936 65968 31191 71927 97553 17808 67964 72825 87021 4358 53334 106228 94536 106875 47728 10363 35425 70572 42051 93256 30645 68319 83366 66993 92583 14403 70428 83400 60415 81699 21709 99697 48911 50378 99057 72595 63337 71498 19274 69872 67838 59021
30867 24460 0 29196 16695 85515 68653 108346 83008 56868 83621 77302 53610 59923 21105 80597 73135 52372 74089 71991 102671 40661 27636 76802 100978 84266 86223 85800 64270 86649 103099 57358 48955 72862 66760 98507 70725 122274 40797 96623 75654 85390 83685 93168 73810 90194 39009 93549 30776 84491 70066 85967 59469 47071 10369 103187 103841 71738 50602 92937 87597 52768 87654 119182 39166 89593 93038 107235 26081 73547 126533 91082 128504 67942 25955 56163 90786 63774 114885 9022 84044 67096 76579 114212 19242 90642 67891 82137 101912 21853 99393 28642 70657 120687 61223 84966 58060 39478 83244 89468 74669
8669 7472 29196 0 43059 80359 94974 82264 63115 30779 57580 60689 27061 42601 17706 67537 47044 78693 83003 84537 86057 14622 10706 50761 74896 65550 67307 59759 46948 68904 86485 40036 34620 86534 40719 81894 71371 96163 14727 91494 49613 68777 57643 76555 56488 73581 61100 76935 45611 67878 52744 83851 85790 73392 36732 86573 98317 55124 24053 71108 70984 35778 66100 102569 11969 72980 66997 81194 7413 47506 100423 88708 111891 41901 5579 29615 64744 46053 98272 34462 62491 88465 72009 97599 10955 64601 77572 64815 75871 17168 93869 44370 44566 104074 77611 68353 76514 13446 64045 72854 64037
44729 37555 16695 43059 0 75671 58809 121628 81347 70321 97074 86227 67822 68318 34558 78936 86588 42528 72428 70330 111596 53860 40730 90255 114259 82605 84562 99253 73335 84988 112024 68285 53508 63018 80213 106834 60881 135555 54251 94962 89108 89537 91337 102093 84189 92238 29201 102474 30611 93120 79398 76122 49625 37227 7868 112112 102180 80366 64814 91276 96522 57820 85993 128107 53378 98518 106492 120688 39175 87000 139814 89421 137429 81395 40167 70376 104239 76534 123254 11793 82383 57252 66734 123137 33105 104095 66230 91104 115366 35306 97731 26893 84110 129612 51379 93595 48216 52678 81583 98392 64825
76704 75343 85515 80359 75671 0 61736 155545 140884 104084 135348 33193 100311 93588 96944 143777 120312 37893 137670 135572 64068 91245 72006 128529 148195 143319 145076 137527 98709 146672 65580 93591 81209 17387 118487 39577 16503 169427 88170 160204 127381 22492 135412 53512 109460 21638 96120 51657 95854 53507 104668 5350 51303 71730 80857 51924 167422 40753 97334 148877 43828 83090 143868 68801 85377 51727 144765 158962 74511 125274 173686 154664 91836 119669 85693 102867 141063 103756 55997 80058 140259 27383 38980 56115 89716 142369 131473 116739 153640 97039 162974 92135 117834 64251 38136 53982 35013 92320 141813 51223 30721
96644 89831 68653 94974 58809 61736 0 171824 129727 120518 147793 75779 119258 123103 84800 127316 136785 24674 120808 118710 102395 104057 93007 140975 164456 130985 132942 149972 128151 133368 103171 122729 109495 49083 130932 95959 46947 186274 104447 143342 139827 75602 139717 92893 138901 78303 79258 93273 78992 83261 134110 62188 12626 55008 63995 101401 150560 70507 115833 139656 86856 112845 134373 117396 104814 89318 157211 171407 91452 137720 190534 137801 128301 132114 91603 121395 154958 129144 112380 63196 130763 43273 52925 112427 85019 154815 114610 146180 166085 85548 146112 75273 134307 118901 37570 83736 34406 102874 129963 89192 50890
78996 88073 108346 82264 121628 155545 171824 0 115742 53145 91327 135875 55249 70873 87258 120164 35290 155543 135630 138339 161244 69993 88319 103388 14435 115640 114957 82305 64627 117753 161672 66321 86576 161720 86369 157080 146557 24000 67594 140322 86736 143963 108726 151741 50819 148767 133305 152122 105997 143064 56074 159037 162641 150243 116182 161760 146283 130311 59236 117875 146170 77867 113519 177755 71896 148166 94577 59847 86449 94020 28259 138181 187077 94990 84698 54318 74964 52184 173458 109986 115118 163651 147195 172785 90582 109762 130199 47966 67633 86509 141835 109268 37770 179260 152798 143539 151701 72272 116672 148041 139223
68852 68943 83008 63115 81347 140884 129727 115742 0 64784 39968 121214 74169 95974 69406 4896 83543 113446 27115 23205 146582 58595 70916 17317 108374 6511 8810 50616 100321 9709 147010 93408 93973 133936 31576 142418 129403 121896 59567 31630 32391 129301 11199 137079 109860 134105 87645 137460 63359 128403 106117 142618 120544 108146 83928 147098 38453 115649 69543 14927 131509 89151 8897 163093 67436 133505 44820 72051 67622 29797 126192 28399 172416 32670 65521 75095 55602 98481 158797 75905 2923 128170 132533 158124 71404 37262 16457 118188 66729 68657 34005 58729 80277 164598 122298 128878 119134 58434 5006 133379 124561
27503 36618 56868 30779 70321 104084 120518 53145 64784 0 39292 84414 9980 33704 35779 68375 20005 104237 84671 86684 109782 20797 36843 52429 45776 63433 62750 38695 38051 65546 110210 31139 35299 110258 34309 105618 95095 69753 17532 88115 34529 92501 56867 100279 47591 97305 82820 100660 58048 91603 43847 107575 111334 98936 64875 110298 94077 78849 7733 65669 94709 28682 61312 126293 20402 96705 48321 57905 34993 43399 74012 85975 135616 44070 33219 10905 41190 34291 121997 58680 63898 112190 95733 121324 39103 57555 79241 55918 54702 35031 89628 59206 17527 127798 101336 92078 100239 24438 64711 96579 87761
63317 63407 83621 57580 97074 135348 147793 91327 39968 39292 0 115678 49272 72303 63870 42484 59297 131513 60737 60794 141046 53059 65380 37621 84131 36481 35207 27557 76650 38003 141474 69738 72287 141523 18814 136882 126359 89159 52876 59009 9434 123766 29914 131544 86190 128570 110118 131924 86389 122867 82447 138839 138610 126212 91628 141562 61093 110113 44865 37080 125973 65814 34014 157558 57371 127969 10265 34856 62087 18632 93429 56869 166880 29677 59985 50197 26648 73583 153261 85970 38724 143454 126998 152588 65869 24272 54403 94517 42692 63121 57464 87470 56033 159063 132600 123342 131503 52898 38424 127843 119026
57034 55673 77302 60689 86227 33193 75779 135875 121214 84414 115678 0 80641 73918 77907 125636 100642 51810 141101 142643 32232 71576 52336 108859 128525 123649 125406 117857 79040 127002 33209 73921 61539 43176 98817 24273 30766 149757 68500 149593 107711 12222 115742 21435 89790 17026 110038 19822 104938 27228 84998 38484 65515 85647 80062 28824 156416 16249 77665 129207 13337 63421 124198 44819 65708 19355 125095 139292 54841 105604 154016 146807 59464 99999 66023 83198 121393 84086 40631 83296 120589 46092 38500 39849 70046 122699 135671 97069 133970 77369 151968 102229 98164 46324 44102 28958 42712 72650 122143 19147 30234
23784 32872 53610 27061 67822 100311 119258 55249 74169 9980 49272 80641 0 26025 39839 78355 20005 102863 94057 96664 106009 29907 33075 61815 47889 73413 72730 48675 30371 75525 106437 23459 31527 106485 44288 101845 91322 69161 24468 98095 44509 88728 66846 96506 39911 93533 83633 96887 67158 87830 36168 103802 110075 97677 61627 106525 104056 75076 4629 75648 90936 24375 71292 122520 16684 92932 58300 67884 31247 51799 73420 95954 131843 53133 29936 2557 51169 25956 118224 57788 73545 108417 91961 117551 35646 67535 88626 48238 64682 39090 99608 66818 17527 124025 97563 88305 96466 33548 74691 92806 83989
34153 38201 59923 42601 68318 93588 123103 70873 95974 33704 72303 73918 26025 0 60039 100396 38737 99374 115861 118571 99287 50862 33915 83619 64025 96445 95761 71169 8767 98557 99715 6254 19487 99763 66601 95123 84600 84743 45609 121126 67541 82006 89495 89784 20165 86810 96606 90165 88110 81108 15008 97080 113850 101522 63331 99803 127088 68354 28354 98680 84214 10498 94323 115798 35559 86210 81332 90916 37369 74963 89002 118611 125121 75221 48155 26026 73725 19039 111501 67446 95349 101694 85238 110828 52195 90566 110431 27079 87175 59501 122640 86673 36270 117303 90841 81583 89744 54499 96903 86084 77266
26360 22247 21105 17706 34558 96944 84800 87258 69406 35779 63870 77907 39839 60039 0 73828 52046 68519 73483 71385 103275 19572 28144 57051 79890 71841 73598 66049 64386 75194 103703 57473 52028 89009 47009 99111 85055 102697 19709 96017 55903 85994 63934 93772 73925 90798 47104 94153 30170 85096 70182 98270 75616 63218 29112 103791 103235 72342 35209 77399 88202 53216 72390 119786 25417 90198 73287 87484 24631 53796 106956 90476 129109 48191 12576 40770 70828 63720 115490 22956 68781 83243 89050 114817 7866 70891 67286 82253 82162 748 98787 28036 49569 121291 77370 85571 74207 18389 70335 90072 81254
73275 73365 80597 67537 78936 143777 127316 120164 4896 68375 42484 125636 78355 100396 73828 0 87965 111036 25871 20431 151004 63017 75338 22212 112796 6345 8302 55038 104743 8303 151432 97830 98395 131525 35999 146840 129389 125208 63989 30224 34907 133723 15621 141502 114282 138528 85234 141882 60948 132825 110539 144630 118133 105735 81518 151520 37047 120071 73728 15016 135931 93573 9733 167516 71859 137927 46200 74504 72044 32312 129478 26994 176838 37093 69943 79280 60024 102666 163219 73494 5872 125760 135242 162546 75826 38811 14312 122610 71151 73079 32599 56318 84699 169020 119887 133300 116724 62856 5588 137801 128984
43768 52856 73135 47044 86588 120312 136785 35290 83543 20005 59297 100642 20005 38737 52046 87965 0 120504 103430 106140 126010 38659 53076 71188 27921 83438 82755 58700 32657 85551 126438 33940 51528 126486 54170 121846 111323 51898 34519 108120 54534 108729 76526 116508 32895 113534 99087 116888 75910 107831 29398 123803 127601 115203 81142 126526 114082 95077 23985 85674 110937 43253 81317 142521 36667 112933 68326 77910 51232 61820 56157 105979 151844 62790 49486 19079 61195 21401 138225 74947 82918 128418 111962 137552 55370 77560 98000 41427 74707 51298 109633 77068 4619 144026 117564 108306 116467 42299 84472 112807 103990
80363 73551 52372 78693 42528 37893 24674 155543 113446 104237 131513 51810 102863 99374 68519 111036 120504 0 104528 102429 78427 87776 76001 124694 148175 114704 116662 133692 104495 117087 79203 99377 86995 25239 114652 71990 23103 169994 88167 127061 123546 51758 123436 68924 115245 54459 62978 69304 62711 59292 110454 38344 19489 38587 47715 77432 134279 46538 99553 123376 62887 88876 118092 93428 88533 65349 140930 155127 74656 121439 174253 121521 104332 115834 75322 105115 138678 109542 88411 46915 114482 21260 28956 88458 68739 138534 98330 122525 149804 69268 129831 58992 118026 94933 13601 59767 10438 86593 113682 65223 27047
88740 88830 74089 83003 72428 137670 120808 135630 27115 84671 60737 141101 94057 115861 73483 25871 103430 104528 0 11448 166469 78482 90803 36515 128261 30095 32052 70503 120208 32044 166897 113295 113860 125017 51464 162305 122881 141783 79454 39433 53160 149189 32631 156967 129747 152287 78726 157347 54440 148290 126004 138122 111625 99227 75010 166985 47159 135536 89430 38701 151396 109038 32671 182981 87324 153392 66771 91939 87510 50565 146079 34071 192303 52558 84189 94982 75489 118368 178684 66986 28907 119252 128734 178011 79976 58031 12299 138075 86616 74232 42711 49810 100164 184486 113379 148765 110215 78321 29119 153266 126824
91449 89892 71991 84537 70330 135572 118710 138339 23205 86684 60794 142643 96664 118571 71385 20431 106140 102429 11448 0 168012 81192 93513 39343 130971 24655 26612 73213 122918 26604 168439 116005 114407 122919 54173 163848 120782 143518 82164 32977 53217 148821 33796 158509 132457 151716 76628 158889 52342 149832 128714 136024 109527 97129 72911 168527 40703 137078 92037 33326 152938 111748 28043 184523 90033 154934 64481 92785 90187 50622 147787 27615 193845 55267 82594 97590 78199 120976 180226 64888 24182 117153 126636 179553 77878 57121 11565 140785 89326 72134 36255 47712 102874 186028 111281 150307 108117 81025 23679 154808 124726
82402 81041 102671 86057 111596 64068 102395 161244 146582 109782 141046 32232 106009 99287 103275 151004 126010 78427 166469 168012 0 96944 77704 134228 153893 149017 150774 143225 104408 152371 6574 99290 86908 74051 124186 29821 61160 175125 93869 174961 133080 41657 141110 13560 115158 44459 136654 15069 130307 31113 110367 69356 93142 112263 105430 16566 181784 38289 103033 154575 20411 88789 149567 17167 91076 14679 150464 164660 80210 130973 179385 172175 28728 125367 91391 108566 146762 109455 20306 108665 145958 77370 64513 16853 95414 148068 161039 122438 159338 102737 177336 128233 123532 19386 70115 28569 68796 98019 147512 13203 56319
16922 20450 40661 14622 53860 91245 104057 69993 58595 20797 53059 71576 29907 50862 19572 63017 38659 87776 78482 81192 96944 0 20813 46240 63491 61030 62787 55038 55209 64383 97372 48296 42911 97420 36198 92780 82257 87467 5453 86974 45093 79663 53123 87441 64748 84467 65538 87822 39523 78765 61005 94737 94874 82476 48415 97460 93797 66011 25278 66588 81871 44039 61579 113455 15504 83867 62477 76673 18853 42985 91726 84188 122778 37380 17028 30837 58789 54236 109159 42219 57970 99351 82895 108485 22911 59073 73052 73076 71151 18824 89349 41501 35393 114960 88498 79240 87401 5912 59524 83741 74923
9457 5913 27636 10706 40730 72006 93007 88319 70916 36843 65380 52336 33075 33915 28144 75338 53076 76001 90803 93513 77704 20813 0 58561 80959 73351 75108 67559 38262 76704 78132 31349 23972 78180 48519 73540 63017 102216 20913 99295 57413 60423 65444 68202 47801 65228 65058 68582 56276 59525 44058 75497 83823 71425 34404 78220 106118 46771 30099 78908 62631 25853 73900 94215 18135 64627 74797 88994 5082 55306 106475 96508 103538 49701 16260 35632 72545 38473 89919 35158 70291 80112 63656 89246 20286 72401 85373 56129 83671 27606 101669 54385 50598 95720 69258 60000 68161 22665 71845 64501 55684
56498 56589 76802 50761 90255 128529 140975 103388 17317 52429 37621 108859 61815 83619 57051 22212 71188 124694 36515 39343 134228 46240 58561 0 96020 22926 24683 38262 87966 26280 134656 81053 81618 134704 19222 130064 119541 109541 47212 48686 30338 116947 15019 124725 97505 121751 103038 125106 76790 116048 93762 132021 131791 119393 84810 134744 55509 103294 57188 29528 119154 76796 24192 150739 55082 121150 44733 59697 55268 28438 113838 45456 160061 20316 53166 62740 43248 86127 146442 79151 19059 136635 120179 145769 59050 35994 31158 105833 54375 56303 51061 74221 67922 152244 125782 116523 124685 46080 21421 121024 112207
71628 80704 100978 74896 114259 148195 164456 14435 108374 45776 84131 128525 47889 64025 79890 112796 27921 148175 128261 130971 153893 63491 80959 96020 0 108272 107589 83534 57779 110384 154321 59461 79410 154369 79001 149729 139206 33741 60225 132953 79368 136612 101357 144390 43971 141417 125937 144771 100741 135714 49226 151686 155272 142874 108813 154409 138915 122960 51876 110507 138820 70931 106150 170404 64527 140816 93159 68088 79081 86651 38037 130813 179727 87622 77330 46958 83205 45211 166108 102618 107750 156301 139844 165435 83213 102394 122831 43786 75874 79141 134467 101900 30402 171909 145447 136189 144350 66964 109304 140690 131872
71287 71378 84266 65550 82605 143319 130985 115640 6511 63433 36481 123649 73413 96445 71841 6345 83438 114704 30095 24655 149017 61030 73351 22926 108272 0 2299 53051 100792 4242 149445 93879 95940 135194 34011 144853 131918 119205 62002 27466 28904 131736 12075 139514 110331 136540 88903 139895 64617 130838 106588 145134 121802 109404 85187 149533 34289 118084 69006 9013 133944 89757 3730 165528 69871 135940 40197 68501 70057 26309 123475 25246 174851 35105 67956 74339 55459 97725 161232 77163 4788 129429 134968 160559 73839 32808 18536 118659 69164 71092 29841 59987 80175 167033 123556 131313 120392 60869 2771 135814 126996
73044 73135 86223 67307 84562 145076 132942 114957 8810 62750 35207 125406 72730 95761 73598 8302 82755 116662 32052 26612 150774 62787 75108 24683 107589 2299 0 54300 100108 2796 151202 93196 95523 137151 35769 146610 134217 118522 63759 25836 28221 133493 13327 141272 109648 138298 90860 141652 66574 132595 105904 147433 123759 111361 87144 151290 32659 119841 68323 7257 135701 89074 3730 167285 71628 137697 38300 66605 71814 25626 122791 23695 176608 36863 69713 73655 54775 97041 162989 79120 7087 131386 136726 162316 75596 32125 20493 117975 70413 72849 28211 61944 79491 168790 125513 133070 122349 62626 4728 137571 128754
62445 65586 85800 59759 99253 137527 149972 82305 50616 38695 27557 117857 48675 71169 66049 55038 58700 133692 70503 73213 143225 55038 67559 38262 83534 53051 54300 0 75515 56066 143653 68603 70374 143702 21086 139061 128538 78270 52547 78485 26559 125945 45144 133723 85055 130749 112297 134103 88568 125046 81312 141018 140789 128391 93807 143741 85230 112292 44048 57698 128152 64345 53342 159737 55345 130148 34163 29257 64266 33983 82539 75798 169059 29065 62164 49600 8651 72987 155440 88149 49992 145633 129177 154767 68048 49585 65073 93382 16408 65300 80859 89649 55437 161241 134779 125521 133682 55077 51546 130022 121205
38500 42548 64270 46948 73335 98709 128151 64627 100321 38051 76650 79040 30371 8767 64386 104743 32657 104495 120208 122918 104408 55209 38262 87966 57779 100792 100108 75515 0 102904 104836 7153 24066 104884 70948 100244 89721 78496 49955 125473 71888 87127 93842 94905 13908 91931 101581 95286 92456 86229 8749 102201 118897 106569 68348 104924 131435 73475 32701 103027 89335 15762 98670 120919 39906 91331 85679 95263 41716 79310 82756 122958 130242 79568 52502 30373 78072 12934 116623 71793 99696 106815 90359 115949 56541 94913 114778 19883 91522 63848 126987 91020 30190 122424 95962 86704 94865 58846 101250 91205 82387
74641 74732 86649 68904 84988 146672 133368 117753 9709 65546 38003 127002 75525 98557 75194 8303 85551 117087 32044 26604 152371 64383 76704 26280 110384 4242 2796 56066 102904 0 152799 95991 98319 137577 37365 148207 135005 121317 65355 23485 31016 135090 15603 142868 112443 139894 91286 143249 67000 134191 108700 148220 124185 111787 87569 152887 30308 121437 71119 8704 137297 91870 6385 168882 73225 139293 41096 69400 73411 28421 125587 21345 178204 38459 71309 76451 57571 99837 164585 79546 8101 131811 138322 163912 77193 34920 20485 120771 72179 74446 25860 62370 82287 170387 125939 134666 122775 64223 5710 139167 130350
82830 81469 103099 86485 112024 65580 103171 161672 147010 110210 141474 33209 106437 99715 103703 151432 126438 79203 166897 168439 6574 97372 78132 134656 154321 149445 151202 143653 104836 152799 0 99717 87336 75564 124613 32296 62136 175553 94297 175389 133508 43241 141538 16254 115586 46043 137188 17251 130735 28475 110795 70871 93918 113039 105858 20150 182212 35650 103461 155003 22371 89217 149994 23021 91504 13853 150892 165088 80638 131401 179812 172603 30027 125795 91819 108994 147190 109883 25000 109093 146386 78347 65053 21547 95842 148495 161467 122866 159766 103165 177764 128692 123960 25605 70661 26641 69572 98447 147939 15314 57095
31587 35635 57358 40036 68285 93591 122729 66321 93408 31139 69738 73921 23459 6254 57473 97830 33940 99377 113295 116005 99290 48296 31349 81053 59461 93879 93196 68603 7153 95991 99717 0 21982 99766 64035 95126 84603 80191 43043 118561 64975 82009 86929 89787 17261 86813 94773 90167 85544 81110 13152 97083 113545 101147 62119 99805 124522 68356 25788 96114 84216 13233 91758 115801 32993 86212 78766 88350 34804 72398 84450 116045 125123 72656 45589 23460 71159 14253 111504 64880 92784 101697 85241 110831 49629 88001 107865 25223 84609 56935 120074 84107 31472 117306 90843 81585 89747 51933 94337 86086 77269
26182 29827 48955 34620 53508 81209 109495 86576 93973 35299 72287 61539 31527 19487 52028 98395 51528 86995 113860 114407 86908 42911 23972 81618 79410 95940 95523 70374 24066 98319 87336 21982 0 87384 64664 82744 72221 100446 37647 120858 67524 69627 87694 77405 35858 74431 81796 77786 76796 68728 30701 84701 100241 87913 48521 87424 126849 55974 28550 98441 71834 8989 94085 103419 27601 73830 81316 90899 28995 73884 104705 118172 112741 72514 40173 34083 73351 34733 99122 54753 93348 89315 72859 98449 44194 90550 108430 41835 86486 51490 122401 74662 49050 104924 78462 69203 77365 46548 94902 73704 64887
82879 81518 72862 86534 63018 17387 49083 161720 133936 110258 141523 43176 106485 99763 89009 131525 126486 25239 125017 122919 74051 97420 78180 134704 154369 135194 137151 143702 104884 137577 75564 99766 87384 0 124662 54401 17064 175602 94345 147551 133556 33761 141586 63495 115634 36462 83467 61641 83201 59681 110843 16939 38650 59076 68204 61907 154769 46927 103509 143865 53811 89265 138582 79090 91552 61710 150940 165137 80686 131449 179861 142010 101819 125844 91867 109042 147238 109931 70821 67405 134972 10000 42238 70940 89228 148544 118819 122914 159814 89757 150321 79482 124009 79075 26879 60156 22973 98495 134172 61207 36886
46456 46546 66760 40719 80213 118487 130932 86369 31576 34309 18814 98817 44288 66601 47009 35999 54170 114652 51464 54173 124186 36198 48519 19222 79001 34011 35769 21086 70948 37365 124613 64035 64664 124662 0 120022 109499 90616 37170 59955 13529 106905 26105 114683 80487 111709 93258 115063 69529 106006 76744 121979 121749 109351 74767 124701 66779 93252 39662 40613 109112 59778 35278 140697 45040 111108 28233 40475 45226 16422 94885 57169 150019 10863 43124 45214 25109 68600 136400 69109 30952 126593 110137 135727 49008 34480 46034 88815 37134 46261 62330 70609 50904 142202 115739 106481 114643 36038 32506 110982 102165
78238 76877 98507 81894 106834 39577 95959 157080 142418 105618 136882 24273 101845 95123 99111 146840 121846 71990 162305 163848 29821 92780 73540 130064 149729 144853 146610 139061 100244 148207 32296 95126 82744 54401 120022 0 50921 170962 89705 170797 128916 23172 136946 19270 110994 17939 130218 17410 126143 28947 106203 43533 85696 105827 101266 16503 177620 36123 98869 150411 12312 84625 145403 32216 86912 18736 146300 160497 76046 126809 175221 168011 58392 121204 87227 104402 142598 105291 19412 104501 141794 62978 58849 19530 91250 143904 156875 118274 155174 98573 173172 122450 119369 27666 64452 31379 63061 93855 143348 16982 50583
67715 66354 70725 71371 60881 16503 46947 146557 129403 95095 126359 30766 91322 84600 85055 129389 111323 23103 122881 120782 61160 82257 63017 119541 139206 131918 134217 128538 89721 135005 62136 84603 72221 17064 109499 50921 0 160439 79182 145414 118393 30369 126423 50362 100471 33070 81331 48749 81064 44518 95680 16451 36513 56940 66068 56388 152632 31764 88346 139178 41843 74102 134440 72383 76389 48283 135777 149974 65523 116286 164698 139874 88392 110681 76704 93879 132075 94768 67341 65268 129742 18969 29992 67414 80727 133381 116683 107751 144651 85265 148184 77345 108846 73888 23346 44993 20223 83332 130148 48074 21733
92895 101969 122274 96163 135555 169427 186274 24000 121896 69753 89159 149757 69161 84743 102697 125208 51898 169994 141783 143518 175125 87467 102216 109541 33741 119205 118522 78270 78496 121317 175553 80191 100446 175602 90616 170962 160439 0 84202 142913 90301 157845 112638 165623 64689 162649 147779 166003 124718 156946 69943 172919 177091 164693 130109 175641 145320 144192 73148 120984 160052 91737 117084 191637 85807 162048 90542 55812 100346 98939 4296 140772 200959 101143 98626 68230 70929 66066 187340 124451 121271 177533 161077 186667 104509 110695 136353 61835 63598 101948 141691 125876 54379 193142 166679 157421 165582 90941 121148 161922 153105
11482 20568 40797 14727 54251 88170 104447 67594 59567 17532 52876 68500 24468 45609 19709 63989 34519 88167 79454 82164 93869 5453 20913 47212 60225 62002 63759 52547 49955 65355 94297 43043 37647 94345 37170 89705 79182 84202 0 87946 46065 76588 54095 84366 59495 81392 66749 84747 42704 75690 55752 91662 95264 82866 48805 94385 94769 62936 19838 67560 78796 38785 62551 110380 10052 80792 62294 73834 18954 43957 88461 85160 119703 38352 17149 25398 55524 48797 106084 42609 58942 96276 79820 105410 23033 60864 74024 67822 68660 18961 90321 43862 32042 111885 85423 76165 84326 9093 60496 80666 71848
97231 97322 96623 91494 94962 160204 143342 140322 31630 88115 59009 149593 98095 121126 96017 30224 108120 127061 39433 32977 174961 86974 99295 48686 132953 27466 25836 78485 125473 23485 175389 118561 120858 147551 59955 170797 145414 142913 87946 0 53585 157680 38024 165458 135013 162484 101259 165839 76974 156782 131269 160655 134158 121760 97543 175477 14327 144028 93688 27561 159888 114439 28956 191472 95815 161884 57806 90406 96001 50991 147182 7312 200795 61049 93900 99020 80140 122406 187176 89520 30023 141785 151268 186503 99783 44178 34538 143340 94597 96765 9878 72343 104856 192977 135912 157257 132749 86813 28783 161758 149358
55350 55441 75654 49613 89108 127381 139827 86736 32391 34529 9434 107711 44509 67541 55903 34907 54534 123546 53160 53217 133080 45093 57413 30338 79368 28904 28221 26559 71888 31016 133508 64975 67524 133556 13529 128916 118393 90301 46065 53585 0 115799 22337 123577 81427 120603 102152 123958 78423 114901 77684 130873 130643 118245 83662 133596 59547 102147 40102 31139 118007 61051 26783 149591 52327 120003 18068 40160 54120 10179 94571 51445 158914 23840 52018 45435 26555 68821 145295 78003 31147 135487 119031 144621 57902 23026 46826 89755 42369 55155 55099 79504 51271 151096 124634 115376 123537 44932 30847 119877 111059
65122 63761 85390 68777 89537 22492 75602 143963 129301 92501 123766 12222 88728 82006 85994 133723 108729 51758 149189 148821 41657 79663 60423 116947 136612 131736 133493 125945 87127 135090 43241 82009 69627 33761 106905 23172 30369 157845 76588 157680 115799 0 123829 31101 97877 7639 109986 29247 109193 36756 93086 27761 65169 85595 88149 29513 164503 24002 85752 137294 21482 71508 132286 46697 73795 29387 133183 147380 62929 113692 162104 154894 69496 108087 74110 91285 129481 92174 39592 89559 128677 42338 44281 39710 78134 130787 141723 105157 142057 85456 160055 105453 106252 47014 49883 37231 47711 80738 130231 28813 36022
63380 63471 83685 57643 91337 135412 139717 108726 11199 56867 29914 115742 66846 89495 63934 15621 76526 123436 32631 33796 141110 53123 65444 15019 101357 12075 13327 45144 93842 15603 141538 86929 87694 141586 26105 136946 126423 112638 54095 38024 22337 123829 0 131608 103381 128634 97634 131988 73349 122931 99638 138903 130533 118135 91692 141626 44656 110177 62440 16897 126037 82808 11889 157621 61965 128033 35948 62364 62150 19742 116908 35337 166944 27199 60049 67772 48546 91158 153325 85554 10574 138160 127062 152652 65932 27208 25656 111709 61257 63185 40208 68718 73260 159126 131310 123406 129124 52962 12079 127907 119090
72900 71539 93168 76555 102093 53512 92893 151741 137079 100279 131544 21435 96506 89784 93772 141502 116508 68924 156967 158509 13560 87441 68202 124725 144390 139514 141272 133723 94905 142868 16254 89787 77405 63495 114683 19270 50362 165623 84366 165458 123577 31101 131608 0 105655 33903 127152 4149 120804 21801 100864 58800 83639 102761 95927 12916 172281 28977 93530 145072 9855 79286 140064 26460 81573 5245 140961 155158 70707 121470 169882 162672 42202 115865 81888 99063 137259 99952 25432 99162 136455 66573 55010 23578 85912 138565 151537 112935 149835 93235 167833 118730 114030 28309 60613 24232 59294 88516 138009 3768 46816
48039 52087 73810 56488 84189 109460 138901 50819 109860 47591 86190 89790 39911 20165 73925 114282 32895 115245 129747 132457 115158 64748 47801 97505 43971 110331 109648 85055 13908 112443 115586 17261 35858 115634 80487 110994 100471 64689 59495 135013 81427 97877 103381 105655 0 102681 111225 106036 101996 96979 5263 112951 129647 117319 78571 115674 140974 84225 42240 112566 100085 27159 108210 131669 49445 102081 95218 101185 51256 88850 68948 132497 140992 89108 62041 38975 87611 15841 127373 81332 109236 117565 101109 126700 66081 104453 124317 9525 101061 73387 136526 100559 34504 133174 106712 97454 105615 68385 110789 101955 93137
69926 68565 90194 73581 92238 21638 78303 148767 134105 97305 128570 17026 93533 86810 90798 138528 113534 54459 152287 151716 44459 84467 65228 121751 141417 136540 138298 130749 91931 139894 46043 86813 74431 36462 111709 17939 33070 162649 81392 162484 120603 7639 128634 33903 102681 0 112687 32049 112088 39791 97890 26907 67870 88296 92138 32315 169308 28806 90556 142098 24284 76312 137090 47163 78599 32189 137987 152184 67733 118496 166908 159698 72298 112891 78914 96089 134285 96978 34359 92453 133481 45039 50265 34477 82938 135591 144618 109961 146861 90261 164859 108348 111056 42613 54703 41245 51579 85542 135035 31615 42006
66540 60632 39009 61100 29201 96120 79258 133305 87645 82820 110118 110038 83633 96606 47104 85234 99087 62978 78726 76628 136654 65538 65058 103038 125937 88903 90860 112297 101581 91286 137188 94773 81796 83467 93258 130218 81331 147779 66749 101259 102152 109986 97634 127152 111225 112687 0 127532 36203 117233 107481 96572 70075 57677 35617 135660 108477 104479 79340 97574 121115 86108 92291 151656 69189 123577 119536 133733 63016 100045 152038 95719 162273 94440 55974 84902 117283 101195 146639 33333 88681 77702 87184 146686 51258 117140 72528 119187 128410 47853 104029 31996 96609 153160 71829 117708 68665 64355 87880 123451 85274
73280 71919 93549 76935 102474 51657 93273 152122 137460 100660 131924 19822 96887 90165 94153 141882 116888 69304 157347 158889 15069 87822 68582 125106 144771 139895 141652 134103 95286 143249 17251 90167 77786 61641 115063 17410 48749 166003 84747 165839 123958 29247 131988 4149 106036 32049 127532 0 121185 22182 101245 56946 83185 103141 96308 14750 172662 29357 93911 145453 8000 79667 140444 28347 81954 5625 141342 155538 71088 121851 170262 163053 43506 116245 82269 99444 137640 100333 27223 99543 136836 64960 55391 25465 86292 138946 151917 113316 150216 93615 168214 119111 114410 30196 60993 24613 59674 88897 138390 4149 47197
54173 50422 30776 45611 30611 95854 78992 105997 63359 58048 86389 104938 67158 88110 30170 60948 75910 62711 54440 52342 130307 39523 56276 76790 100741 64617 66574 88568 92456 67000 130735 85544 76796 83201 69529 126143 81064 124718 42704 76974 78423 109193 73349 120804 101996 112088 36203 121185 0 112128 98253 96305 69808 57410 32217 130823 84192 99374 62529 73288 115234 80132 68005 146818 52755 117230 95807 110003 52795 76316 128977 71433 156141 70710 40980 68088 93279 91487 142522 23848 64395 77435 86918 141848 36663 92505 48242 110323 104681 30659 79744 8084 72644 148323 71562 112603 68399 34208 63595 117104 85008
64223 62862 84491 67878 93120 53507 83261 143064 128403 91603 122867 27228 87830 81108 85096 132825 107831 59292 148290 149832 31113 78765 59525 116048 135714 130838 132595 125046 86229 134191 28475 81110 68728 59681 106006 28947 44518 156946 75690 156782 114901 36756 122931 21801 96979 39791 117233 22182 112128 0 92188 56998 74007 93129 87251 32364 163605 12754 84854 136396 16636 70610 131387 47092 72897 16556 132285 146481 62031 112793 161205 153996 49234 107188 73212 90387 128583 91275 44817 90485 127778 61612 44044 43390 77235 129888 142860 104258 141159 84558 159157 108737 105353 49798 49651 4828 49662 79839 129332 18040 37184
44296 48344 70066 52744 79398 104668 134110 56074 106117 43847 82447 84998 36168 15008 70182 110539 29398 110454 126004 128714 110367 61005 44058 93762 49226 106588 105904 81312 8749 108700 110795 13152 30701 110843 76744 106203 95680 69943 55752 131269 77684 93086 99638 100864 5263 97890 107481 101245 98253 92188 0 108160 124856 112528 74411 110883 137231 79434 38497 108823 95294 22003 104466 126878 45702 97290 91475 101059 47513 85106 74202 128754 136201 85364 58298 35400 83868 12341 122582 77589 105492 112774 96318 121908 62338 100709 120574 12071 97318 69644 132783 96816 31006 128383 101921 92663 100824 64642 107046 97164 88346
80195 78834 85967 83851 76122 5350 62188 159037 142618 107575 138839 38484 103802 97080 98270 144630 123803 38344 138122 136024 69356 94737 75497 132021 151686 145134 147433 141018 102201 148220 70871 97083 84701 16939 121979 43533 16451 172919 91662 160655 130873 27761 138903 58800 112951 26907 96572 56946 96305 56998 108160 0 51755 72181 81309 57213 167873 44244 100826 152368 49119 86582 147360 72757 88869 57018 148257 162454 78003 128766 177178 155115 97127 123161 89184 106359 144555 107248 59954 80510 142958 26936 42472 60072 93207 145861 131924 120231 157131 98481 163425 92587 121326 68208 38587 57473 35464 95812 143363 56512 34213
87460 80648 59469 85790 49625 51303 12626 162641 120544 111334 138610 65515 110075 113850 75616 118133 127601 19489 111625 109527 93142 94874 83823 131791 155272 121802 123759 140789 118897 124185 93918 113545 100241 38650 121749 85696 36513 177091 95264 134158 130643 65169 130533 83639 129647 67870 70075 83185 69808 74007 124856 51755 0 45825 54812 91138 141376 61253 106650 130473 76592 103591 125190 107133 95630 80064 148027 162224 82268 128536 181350 128618 119048 122931 82419 112212 145775 119961 102116 54012 121580 32840 43671 102163 75836 145631 105427 136927 156902 76365 136928 66090 125124 108638 28316 74482 25153 93691 120779 79939 40457
75062 68250 47071 73392 37227 71730 55008 150243 108146 98936 126212 85647 97677 101522 63218 105735 115203 38587 99227 97129 112263 82476 71425 119393 142874 109404 111361 128391 106569 111787 113039 101147 87913 59076 109351 105827 56940 164693 82866 121760 118245 85595 118135 102761 117319 88296 57677 103141 57410 93129 112528 72181 45825 0 42414 111269 128978 80375 94252 118075 96724 91579 112792 127265 83232 99186 135629 149826 69870 116138 168952 116220 138169 110533 70021 99814 133377 107563 122248 41614 109182 53311 62793 122295 63438 133233 93029 124599 144504 63967 124530 53692 112726 128770 47438 93604 44274 81293 108381 99060 60883
38402 31228 10369 36732 7868 80857 63995 116182 83928 64875 91628 80062 61627 63331 29112 81518 81142 47715 75010 72911 105430 48415 34404 84810 108813 85187 87144 93807 68348 87569 105858 62119 48521 68204 74767 101266 66068 130109 48805 97543 83662 88149 91692 95927 78571 92138 35617 96308 32217 87251 74411 81309 54812 42414 0 105946 104761 74497 58619 93858 90357 52833 88575 121941 47075 92353 101046 115242 32848 81554 134369 92003 131264 75949 33972 64181 98793 70208 117645 9270 84964 62439 71921 116972 26778 98649 68812 86117 109920 29861 100313 29544 78664 123446 56566 87726 53402 47232 84164 92227 70011
82918 81557 103187 86573 112112 51924 101401 161760 147098 110298 141562 28824 106525 99803 103791 151520 126526 77432 166985 168527 16566 97460 78220 134744 154409 149533 151290 143741 104924 152887 20150 99805 87424 61907 124701 16503 56388 175641 94385 175477 133596 29513 141626 12916 115674 32315 135660 14750 130823 32364 110883 57213 91138 111269 105946 0 182300 39540 103549 155091 15729 89305 150082 17183 91592 17980 150980 165176 80726 131489 179900 172691 44927 125883 91907 109082 147278 109971 12516 109181 146474 70484 64250 11046 95930 148584 161555 122954 159854 103253 177852 127888 124048 17500 69852 34795 68462 98535 148028 16504 55984
104054 104145 103841 98317 102180 167422 150560 146283 38453 94077 61093 156416 104056 127088 103235 37047 114082 134279 47159 40703 181784 93797 106118 55509 138915 34289 32659 85230 131435 30308 182212 124522 126849 154769 66779 177620 152632 145320 94769 14327 59547 164503 44656 172281 140974 169308 108477 172662 84192 163605 137231 167873 141376 128978 104761 182300 0 150851 99650 32831 166711 120401 35779 198295 102638 168707 56679 91009 102824 56952 149589 16947 207618 67872 100723 104982 84107 128368 193999 96738 36846 149003 158486 193326 106606 43052 41653 149302 99149 103794 4448 79562 110818 199800 143130 164080 139967 93636 35606 168581 156576
51469 50108 71738 55124 80366 40753 70507 130311 115649 78849 110113 16249 75076 68354 72342 120071 95077 46538 135536 137078 38289 66011 46771 103294 122960 118084 119841 112292 73475 121437 35650 68356 55974 46927 93252 36123 31764 144192 62936 144028 102147 24002 110177 28977 84225 28806 104479 29357 99374 12754 79434 44244 61253 80375 74497 39540 150851 0 72100 123642 23811 57856 118633 55387 60143 23732 119531 133727 49277 100039 148451 141242 57794 94434 60458 77633 115829 78522 51992 77732 115024 48859 31290 50566 64481 117134 130106 91504 128405 71804 146403 95983 92599 57040 36897 13229 36908 67085 116578 25216 24430
20776 29884 50602 24053 64814 97334 115833 59236 69543 7733 44865 77665 4629 28354 35209 73728 23985 99553 89430 92037 103033 25278 30099 57188 51876 69006 68323 44048 32701 71119 103461 25788 28550 103509 39662 98869 88346 73148 19838 93688 40102 85752 62440 93530 42240 90556 79340 93911 62529 84854 38497 100826 106650 94252 58619 103549 99650 72100 0 71242 87960 21932 66885 119544 13676 89956 53894 63478 28259 48752 77407 91490 128867 48790 26928 6546 46605 28961 115248 54010 68918 105440 88984 114574 32638 63128 84000 50568 60055 34461 95201 62525 21508 121049 94587 85329 93490 28918 70064 89830 81012
76845 76936 92937 71108 91276 148877 139656 117875 14927 65669 37080 129207 75648 98680 77399 15016 85674 123376 38701 33326 154575 66588 78908 29528 110507 9013 7257 57698 103027 8704 155003 96114 98441 143865 40613 150411 139178 120984 67560 27561 31139 137294 16897 145072 112566 142098 97574 145453 73288 136396 108823 152368 130473 118075 93858 155091 32831 123642 71242 0 139502 91993 9422 171086 75429 141498 39275 68477 75615 28544 125253 25421 180409 41707 73513 76574 57694 99960 166790 85834 13426 138100 140526 166117 79397 33507 27207 120894 73508 76650 28383 68658 82410 172591 132227 136871 129063 66427 11442 141372 132554
67329 65968 87597 70984 96522 43828 86856 146170 131509 94709 125973 13337 90936 84214 88202 135931 110937 62887 151396 152938 20411 81871 62631 119154 138820 133944 135701 128152 89335 137297 22371 84216 71834 53811 109112 12312 41843 160052 78796 159888 118007 21482 126037 9855 100085 24284 121115 8000 115234 16636 95294 49119 76592 96724 90357 15729 166711 23811 87960 139502 0 73716 134493 31630 76003 8518 135391 149587 65137 115899 164311 157102 48627 110294 76318 93493 131689 94381 28181 93591 130884 57169 49082 26754 80341 132994 145966 107364 144265 87664 162263 113051 108459 33229 54684 19067 53365 82945 132438 7566 40888
27330 31191 52768 35778 57820 83090 112845 77867 89151 28682 65814 63421 24375 10498 53216 93573 43253 88876 109038 111748 88789 44039 25853 76796 70931 89757 89074 64345 15762 91870 89217 13233 8989 89265 59778 84625 74102 91737 38785 114439 61051 71508 82808 79286 27159 76312 86108 79667 80132 70610 22003 86582 103591 91579 52833 89305 120401 57856 21932 91993 73716 0 87636 105300 28736 75712 74842 84426 30359 68998 95996 111788 114623 68398 41332 25814 66902 26026 101004 58591 88526 91196 74740 100330 45371 84076 103608 34073 80352 52678 115952 78475 40775 106805 80343 71085 79246 47676 90080 75586 66768
