NAME : NYC-100-2
COMMENT : OSM drive network, customers at real shops (shop=* POIs), depot (40.7549, -73.984), seed 2
TYPE : VRPSPD
DIMENSION : 101
CAPACITY : 150
EDGE_WEIGHT_TYPE : EXPLICIT
EDGE_WEIGHT_FORMAT : FULL_MATRIX
EDGE_WEIGHT_SECTION
0 63196 45222 91087 26220 36912 54202 45799 60883 79648 69095 49711 7103 53920 50302 44357 47063 50607 54497 95595 33716 42788 37007 58927 62408 15072 36103 73310 20442 15161 86853 18852 45766 35305 51242 41437 55200 4653 40272 57333 15840 49934 72878 36376 50944 15072 49257 42433 48967 76870 77611 14300 32860 31364 74997 9544 15094 17884 68534 63531 43206 87482 76166 5469 50584 27805 57344 33045 76043 12504 62268 50008 50479 54202 80342 79653 76734 80097 79407 29152 8669 46963 95904 57054 72859 21233 71744 58927 103324 56249 54870 61436 46511 28664 31587 50302 20418 16640 12234 50139 59971
63196 0 97572 76069 89246 100011 113761 103268 119406 141737 131184 112848 63276 108178 113339 107371 110100 101934 107676 154118 91415 100257 89453 108272 116666 71552 93571 134884 78135 78331 149285 76840 108799 98409 105467 92895 117165 67844 95844 106679 62305 104896 48705 90830 104539 70890 101485 105467 111999 135394 139700 77470 95875 85338 130542 72719 77438 70583 44655 126548 96003 146005 134689 57728 105677 85506 108333 82967 139073 73275 120792 106208 100047 113761 138866 56285 138823 138621 137931 78051 66851 105487 154427 120073 48686 78976 127289 108272 161848 115018 102783 124520 98943 85966 80084 113339 78170 72477 59751 113229 122990
45222 97572 0 56865 61910 68413 79369 19422 85014 107344 96792 81205 42010 13152 82159 83906 78920 8415 13696 83362 21084 18242 13043 19041 21640 36132 18117 110725 26863 56261 115993 33678 79194 66805 10441 6407 84015 44202 8129 17447 39060 9870 52873 16253 10142 34034 6604 75625 82394 61285 105308 54615 70904 18794 114546 49835 46062 32161 60414 96989 4830 69999 60676 48667 11054 22189 100931 19657 107550 40070 73330 17629 10593 79369 64715 45431 104431 66750 63286 72739 40217 71094 77288 90488 52612 30371 111293 19041 87967 80626 98457 92942 4310 21656 75174 82159 32310 32484 53823 81641 91838
91087 76069 56865 0 115304 124178 134157 75626 139803 162133 151580 136970 87103 67925 137762 135395 134524 59751 66105 139653 76687 74444 54362 66089 75089 81802 73222 163251 78987 106235 170781 88448 133770 122570 65214 54537 139618 95720 64110 64495 81058 64643 29768 66715 64286 79131 60702 130437 136970 117577 160096 105374 123430 64135 163891 100618 101666 75514 37434 151564 57649 126290 116967 90665 67345 75713 142929 61179 163315 94859 129622 73427 57863 134157 121006 22282 159220 123041 119577 114670 89417 125883 133579 145063 29632 83765 160638 66089 144258 135414 140175 148707 60553 69873 117172 137762 86886 77560 95821 137406 147442
26220 89246 61910 115304 0 10773 38838 58812 48246 62935 52382 23628 30196 67224 24109 26634 20870 64235 67801 94083 46033 55801 62010 78352 75069 38164 49167 53383 39969 11072 70140 30415 19573 9170 64546 60791 38487 21586 54885 76758 41901 63238 98928 51477 64248 38164 64178 16240 22773 80674 60898 13518 13568 54148 58007 18290 25739 44064 94584 37368 59450 88832 79969 31530 63888 41527 49206 58288 49898 24021 66072 63311 69903 38838 82645 103869 60021 81447 82531 23259 27872 42268 96829 30867 98909 33819 54754 78352 101813 40343 48977 35297 61432 48012 25694 24109 31984 39732 31015 24000 33783
36912 100011 68413 124178 10773 0 40489 59093 49897 64586 54033 12866 40887 68358 19557 27117 14623 69550 72164 95734 49445 56155 72008 85253 74956 48820 52982 53859 50288 21825 71791 38016 19301 4622 66536 69650 40138 32275 62119 85091 52666 65127 109693 60307 67879 48820 69739 14356 22484 81671 62549 24241 14052 63545 58486 28982 29129 54732 105349 37092 66960 90483 80966 42295 64744 49687 49689 68735 41857 31636 67069 63840 78084 40489 84296 112744 61673 83099 84182 31683 38556 43773 98480 30569 109674 43464 55232 85038 103464 41994 50741 27650 67140 57581 34118 17956 38016 50388 41780 16198 29232
54202 113761 79369 134157 38838 40489 0 71379 17451 32712 22159 53332 52043 80570 56911 63126 51992 80954 83634 63288 61320 68367 81465 96076 87712 58117 64454 88686 59585 39414 41309 48031 55321 38881 78748 79644 9656 49550 72557 95255 62014 77339 123443 69929 80081 58117 80986 50377 58504 48376 30675 41848 50061 73001 93422 46613 47752 64042 119099 73113 77122 58336 47671 59670 76956 59652 85263 78191 79626 42748 33774 76052 88245 1770 51847 122723 29798 50952 50913 57844 48160 8274 66034 66590 123424 52748 91246 96076 71018 9548 83562 65018 78271 66865 60279 55324 48638 59685 59496 53717 66590
45799 103268 19422 75626 58812 59093 71379 0 77024 99354 88802 67929 42587 16017 75602 82390 70669 20533 21338 79822 12834 3011 23644 34958 19408 34635 11668 109138 25366 54764 108003 28458 75300 57418 16819 21119 76025 41921 13632 35346 41189 14637 71634 17875 18848 34617 20723 70356 78484 57746 97318 53119 69317 21271 113050 48338 39474 33427 79175 93092 18096 66459 57137 50561 9764 19088 102663 24457 97931 34842 69791 5301 29060 71379 61176 64191 96441 63210 59746 74478 38720 63104 73749 86569 71373 27565 109796 34743 84427 72636 100196 83696 18131 20517 76913 74001 28458 33067 57328 72272 85278
60883 119406 85014 139803 48246 49897 17451 77024 0 28603 18050 62740 57688 86216 66319 72534 61400 86600 89280 49687 66965 74013 87110 101722 93358 63763 70100 93272 65231 49830 45652 53677 64729 48289 84393 85290 20947 56231 78202 100901 67660 82984 129088 75575 85726 63763 86632 59784 67912 45442 29835 52264 59468 78647 98016 57029 53526 69688 124744 82521 82767 50287 44214 66143 82602 65298 95105 83836 89034 48393 31099 81697 93890 17451 44100 128368 31402 42902 44468 67790 53806 18548 56409 75998 129069 58394 100654 101722 61037 7903 93508 74426 83917 72511 70225 64732 54284 65330 69806 63125 75998
79648 141737 107344 162133 62935 64586 32712 99354 28603 0 11013 77429 80019 108546 81008 87223 76088 108930 111610 71528 89296 96343 109440 124052 115688 86093 92430 67408 87561 64519 19788 76007 79418 62978 106724 107620 30051 75009 100533 123231 89990 105315 151418 97905 108057 86093 108962 74473 82601 73310 3970 66953 74157 100977 72152 71718 73161 92018 147075 75373 105098 75951 72082 85000 104932 87628 96829 106167 67973 70723 58967 104028 116221 32712 70281 150698 5545 68567 71004 82479 76136 36250 81744 83468 151400 80724 75844 124052 85720 30762 103505 82596 106247 94841 84914 79421 76614 87661 84495 77813 81011
69095 131184 96792 151580 52382 54033 22159 88802 18050 11013 0 66876 69466 97993 70455 76670 65536 98377 101057 63739 78743 85790 98888 113499 105135 75540 81878 75222 77008 53966 27603 65455 68865 52425 96171 97067 19498 64457 89980 112678 79438 94762 140866 87352 97504 75540 98409 63921 72048 62757 11785 56400 63605 90425 79967 61165 62608 81465 136522 83187 94545 66771 61529 74447 94380 77075 99242 95614 75788 60171 48415 93475 105668 22159 61100 140146 13353 59386 61783 71926 65583 25697 72564 80134 140847 70171 83659 113499 77192 20209 97644 78562 95694 84288 74361 68868 66061 77108 73942 67261 80134
49711 112848 81205 136970 23628 12866 53332 67929 62740 77429 66876 0 53687 81150 10184 17761 5255 82342 84956 108577 62237 68150 84800 98045 83402 61612 65774 43575 63080 34678 84634 50808 9932 14468 79328 82442 52981 45071 74911 97883 65490 77919 122529 73099 80671 61612 82531 9025 13112 94514 75392 37093 18628 76337 48205 41781 41921 67537 118186 26789 79752 103326 93809 55125 76462 62479 40245 81527 30790 44428 79912 72959 90876 53332 97139 125536 74516 95942 97025 40814 51355 56616 111323 20267 122511 56256 44952 97830 116307 54837 41326 16812 79932 70373 39803 8583 50808 63180 54620 5487 18929
7103 63276 42010 87103 30196 40887 52043 42587 57688 80019 69466 53687 0 50708 54278 48333 51039 47394 51285 92400 30504 39576 33023 55403 59196 11860 32890 77286 17230 19143 88667 15640 49742 39281 48030 37453 57731 8629 37059 53809 11862 46722 72958 32391 47732 11478 46045 46409 52942 73676 77982 18283 36837 27380 78974 13527 18214 13900 68614 67507 39994 84287 72971 10026 47372 24593 61902 29060 80018 10877 59074 46796 47011 52043 77148 75668 77105 76903 76213 33710 5457 43769 92709 61030 72939 18021 75720 55403 100130 53300 59428 65412 43299 25452 36145 54278 17205 13064 16791 54114 63947
53920 108178 13152 67925 67224 68358 80570 16017 86216 108546 97993 81150 50708 0 84794 90513 79861 10019 7790 78677 22021 14842 24102 21410 11627 42756 20587 117262 33487 62885 117195 37335 84226 66750 4745 17502 85216 50044 16239 22257 49124 5217 63932 25148 5594 42737 10209 79282 87409 56600 106510 61239 77441 28582 121170 56458 48666 41403 71473 102018 15527 65314 55991 58496 6268 27499 110760 30124 107495 43727 68645 13004 15992 80570 60030 56490 105633 62065 58600 82568 46841 72296 72603 95495 63671 35685 117917 21195 83282 81827 108286 92887 9294 28637 85003 83193 37335 41187 64138 81586 94469
50302 113339 82159 137762 24109 19557 56911 75602 66319 81008 70455 10184 54278 84794 0 9192 6269 83745 86425 112156 64110 72591 85593 99658 91859 62232 67245 35928 63701 35158 84542 51428 4547 21137 82972 83235 56560 45666 75802 98837 65993 81563 123020 73990 82871 62232 83777 9492 4542 98107 78971 37596 19093 77129 40554 42369 43817 68140 118677 19151 80706 106905 97402 55622 81180 63099 32836 82319 25806 45048 83505 80276 91829 56911 100718 126328 78094 99520 100604 40581 51954 60209 114902 12628 123002 56876 37301 99443 119886 58416 33917 11199 81062 70993 39569 2949 51428 63800 55107 6338 12628
44357 107371 83906 135395 26634 27117 63126 82390 72534 87223 76670 17761 48333 90513 9192 0 12508 87358 91091 118371 70009 79379 81315 100157 98724 56302 72685 28987 59923 29196 88545 54704 9481 28695 87836 82787 62775 41237 76882 98563 60026 86527 117053 73211 87537 56302 86659 12773 6248 104962 85186 31642 13835 75564 33003 36418 50028 62192 112709 19209 81447 113120 104257 49654 87177 64415 25250 77353 31740 48310 90360 86601 91708 63126 106933 123960 84309 105735 106819 34592 46010 66556 121117 12719 117034 57109 29750 100157 126101 64631 26331 17166 83913 69894 33581 9192 56272 57870 49139 13915 15636
47063 110100 78920 134524 20870 14623 51992 70669 61400 76088 65536 5255 51039 79861 6269 12508 0 80506 83186 107237 60872 67657 82354 96420 86925 58994 64006 39245 60462 31919 83294 48190 4679 16203 78038 79996 51641 42427 72564 95598 62755 76629 119782 70751 79381 58994 80538 6253 7863 93174 74052 34358 15855 73891 43871 39130 40578 64901 115438 22471 77467 101986 92469 52383 76247 59861 35964 79080 30723 41809 78571 75342 88591 51992 95799 123089 73175 94601 95685 37347 48715 55276 109983 15948 119763 53638 40618 96204 114966 53497 37015 16116 77823 67755 36335 6269 48190 60561 51868 4814 15948
50607 101934 8415 59751 64235 69550 80954 20533 86600 108930 98377 82342 47394 10019 83745 87358 80506 0 6450 83209 22669 19358 17499 17494 16932 39584 19822 114177 30315 59713 117579 35263 81519 67942 7308 12710 85600 47055 11731 17296 43980 7686 55759 21568 4768 39418 2019 77210 84719 61133 106893 58067 74356 24195 117998 53286 47648 37081 63300 99314 11009 69846 60523 53587 10793 24510 105851 24316 108686 41655 73178 17520 10308 80954 64562 48316 106017 66597 63133 77659 43669 72680 77135 92813 55498 32696 114745 17279 87814 82211 103377 94079 4727 25466 80094 83745 34635 37868 58743 82777 93424
54497 107676 13696 66105 67801 72164 83634 21338 89280 111610 101057 84956 51285 7790 86425 91091 83186 6450 0 83545 25349 20163 23623 16624 13486 43333 23389 117839 34064 63462 120259 37943 84835 70556 6811 17843 88280 50621 16783 17471 49399 9000 62113 25725 7040 43315 8432 79890 88018 61469 109573 61816 78018 28857 121748 57036 50328 41980 69654 102626 16071 70182 60859 58770 11589 28076 111035 29986 111301 44335 73514 18325 11206 83634 64898 54671 108697 66933 63469 82843 47418 75360 77471 96104 61852 36262 118494 16409 88150 84891 108560 96693 9837 29215 85277 86425 37943 41765 64413 85392 96104
95595 154118 83362 139653 94083 95734 63288 79822 49687 71528 63739 108577 92400 78677 112156 118371 107237 83209 83545 0 90549 80727 94477 97165 82069 98475 89373 137670 99943 95333 90050 88389 110566 94126 79495 87309 67542 90943 85349 98011 102372 77357 135661 94102 81507 98475 83399 105622 113750 36511 74230 97767 105306 97535 142414 98105 88238 104400 143202 128358 84639 21275 35237 100855 72485 96452 140943 99078 133866 83105 37275 76803 91724 63288 18647 128219 75806 18174 20076 113628 88518 58826 19274 121835 135400 93106 145035 96949 18521 53740 139345 120264 80851 97591 116063 110569 88996 100042 107620 108962 121835
33716 91415 21084 76687 46033 49445 61320 12834 66965 89296 78743 62237 30504 22021 64110 70009 60872 22669 25349 90549 0 9823 24658 38583 30310 22552 6169 96757 13283 42681 97944 15629 62520 47837 20199 22159 65966 29539 14727 37762 29336 18790 72695 12916 21542 22534 22701 57576 65704 68473 87259 41035 56936 16195 100967 36255 28014 21475 80236 80312 19631 77186 67863 38708 18412 6263 90580 21384 88582 22021 68351 17507 30754 61320 71903 65253 86382 73937 70473 62395 26637 53046 84475 73789 72434 14805 97713 38368 95154 62577 88112 73974 19986 10058 64829 64110 15629 20984 45474 62673 73789
42788 100257 18242 74444 55801 56155 68367 3011 74013 96343 85790 68150 39576 14842 72591 79379 67657 19358 20163 80727 9823 0 22461 33783 20488 31624 8656 106127 22355 51753 104991 25447 72289 54547 15644 19936 73013 38909 12303 34165 38178 13461 70451 14863 17673 31605 19548 67344 75472 58650 94306 50107 66306 18260 110038 45326 36463 30416 77992 90081 16914 67364 58041 47550 8589 16077 99651 22216 95291 31830 70695 7685 27883 68367 62080 63009 93430 64114 60650 71466 35709 60093 74653 83558 70190 24553 106785 33568 85331 69624 97184 80684 16955 17505 73901 70990 25447 30056 54317 69382 82266
37007 89453 13043 54362 62010 72008 81465 23644 87110 109440 98888 84800 33023 24102 85593 81315 82354 17499 23623 94477 24658 22461 0 24357 32590 27723 21149 109542 24907 52155 118089 35756 81077 70400 21391 8539 87172 41640 12128 22763 28761 20128 50370 14689 20486 25052 17373 77744 84278 72401 107404 51295 69721 10425 111594 46539 49496 21861 57911 98872 12462 81114 71792 38368 22169 23020 90632 9127 111145 42167 84446 22061 16222 81465 75831 42927 106527 77865 74401 62440 35337 73190 88404 92371 50109 30796 108341 24357 99082 82722 88158 96538 16127 17181 64875 85593 34193 23481 43524 85236 95272
58927 108272 19041 66089 78352 85253 96076 34958 101722 124052 113499 98045 55403 21410 99658 100157 96420 17494 16624 97165 38583 33783 24357 0 22320 50103 35022 126975 43161 70967 132701 50368 95689 83645 20430 20476 101514 60452 26307 4848 51053 22932 62097 30474 20616 47432 18769 92356 98889 75088 122016 70107 87154 32302 130347 65351 63562 44241 69637 113484 19825 83802 74479 60660 25209 38684 112924 31174 124390 56778 87133 31945 10830 96076 78518 54654 121139 80553 77088 84731 54149 87802 91091 106983 61835 46813 127094 2201 101769 97333 110450 109782 21316 35884 87167 99658 48805 45861 65816 98481 109337
62408 116666 21640 75089 75069 74956 87712 19408 93358 115688 105135 83402 59196 11627 91859 98724 86925 16932 13486 82069 30310 20488 32590 22320 0 51244 29075 125472 41975 71373 124337 45447 91557 73280 12080 25990 92290 58261 24727 24287 57612 13700 71096 33636 14123 51225 17778 86612 94740 59993 113652 69727 85651 37070 129658 64946 55731 49891 78637 109349 24015 68706 59383 66984 11898 35987 119248 38612 113793 51110 72038 15014 21324 87712 63422 63654 112775 65457 61993 91056 55329 79438 75995 102826 70835 44173 126405 21222 86674 88970 116774 99816 17782 37125 93491 90258 45447 49675 72626 88134 101534
15072 71552 36132 81802 38164 48820 58117 34635 63763 86093 75540 61612 11860 42756 62232 56302 58994 39584 43333 98475 22552 31624 27723 50103 51244 0 24938 85255 11925 27113 94741 12428 57708 47212 40078 32153 63825 16598 29107 48509 9473 38770 76824 24444 39780 2671 38885 54375 60908 79750 84056 26252 44806 22080 86942 21496 26136 8600 76890 75475 33672 90361 79045 18845 39420 16640 70730 23760 87957 18814 65148 38843 41711 58117 83222 70368 83180 82977 82287 42538 10294 49843 98783 68999 77549 10102 83689 50103 106204 59374 68256 73350 36139 20147 44973 62232 10869 7764 25612 62048 71909
36103 93571 18117 73222 49167 52982 64454 11668 70100 92430 81878 65774 32890 20587 67245 72685 64006 19822 23389 89373 6169 8656 21149 35022 29075 24938 0 99433 15669 45067 101079 18764 65655 51374 18733 18688 69100 32216 11502 34200 31492 17324 69230 9289 19835 24920 19766 60710 68838 67297 90394 43422 59612 12686 103353 38641 31148 23861 76771 83447 16067 76010 66687 40864 17236 9396 92966 17875 92118 25156 71485 16341 27190 64454 70726 61788 89517 72761 69297 64781 29023 56180 83299 76924 68969 17860 100099 35022 93978 65712 90499 77511 17020 10820 67216 67245 18764 23370 47631 66209 76924
73310 134884 110725 163251 53383 53859 88686 109138 93272 67408 75222 43575 77286 117262 35928 28987 39245 114177 117839 137670 96757 106127 109542 126975 125472 85255 99433 0 88784 58149 61390 81452 36218 55440 114584 109606 83191 70190 103700 125382 88979 113276 144565 100293 114286 85255 113478 39511 32979 131710 63444 60595 42095 102964 4744 65371 76776 91145 140222 18386 108266 138553 131006 78607 113926 91234 29784 105819 14722 75058 117108 113349 118527 88686 132366 151816 61874 131168 132734 60135 74963 92224 145276 24888 144547 83857 8789 126975 149832 89764 37341 29333 110732 96712 59123 35928 83021 86823 76652 40648 27749
20442 78135 26863 78987 39969 50288 59585 25366 65231 87561 77008 63080 17230 33487 63701 59923 60462 30315 34064 99943 13283 22355 24907 43161 41975 11925 15669 88784 0 32278 96209 13888 59185 48680 30809 25744 65293 20219 19838 41568 16056 29500 74995 16430 30510 9254 29616 55852 62385 80364 85524 30632 48427 19101 90563 25851 27604 8195 80321 76980 24403 89077 79440 25428 30151 7371 77313 20944 89425 20286 66616 29574 34713 59585 83794 67552 84648 84445 82364 49120 15664 51311 96367 70479 74733 8430 87310 43161 106575 60842 74838 74818 26870 12898 51555 63701 12326 7704 32195 63516 73380
15161 78331 56261 106235 11072 21825 39414 54764 49830 64519 53966 34678 19143 62885 35158 29196 31919 59713 63462 95333 42681 51753 52155 70967 71373 27113 45067 58149 32278 0 71724 27797 30618 20223 60207 54417 40071 13592 49236 69373 30985 58898 88012 45565 59908 27113 59014 27287 33818 78998 62482 3997 17700 46512 59837 8773 23159 33035 83668 48373 53801 89407 78293 20614 59549 36769 48896 48193 60917 21435 64396 58972 62519 39414 82470 94801 61606 82023 81535 20704 18364 41100 97568 41898 87994 30197 56583 70967 103062 41927 46422 46342 56268 40704 23139 35158 29365 28680 20099 35049 44815
86853 149285 115993 170781 70140 71791 41309 108003 45652 19788 27603 84634 88667 117195 84542 88545 83294 117579 120259 90050 97944 104991 118089 132701 124337 94741 101079 61390 96209 71724 0 84656 85542 70183 115372 116268 36437 82215 109181 131879 98639 113963 158967 106554 116705 94741 117611 81679 85542 85000 15824 74159 81363 109626 66134 78924 80366 100666 154623 69355 113746 91227 84295 92205 113581 96276 90811 114815 61956 79372 70398 112676 124869 41309 85040 159347 14549 83843 85408 89684 84784 44899 97951 77450 158948 89373 69826 132701 102507 42438 98368 76578 114896 103490 92119 85271 85262 96309 91700 84393 74994
18852 76840 33678 88448 30415 38016 48031 28458 53677 76007 65455 50808 15640 37335 51428 54704 48190 35263 37943 88389 15629 25447 35756 50368 45447 12428 18764 81452 13888 27797 84656 0 47644 36408 34688 33935 53284 14249 26848 49546 16330 33380 83664 24220 34390 12428 35296 44311 50844 69665 73971 26157 41633 27293 86077 21377 15332 18348 82178 65439 31413 80276 68960 24100 33744 13943 75947 32482 77153 8733 55062 32992 42536 48031 73137 77014 73094 72891 72202 47784 11764 39757 88698 58938 84195 7040 82824 50368 96118 49289 73502 62546 32581 21157 50219 51428 2947 13996 30865 51244 61108
45766 108799 79194 133770 19573 19301 55321 75300 64729 79418 68865 9932 49742 84226 4547 9481 4679 81519 84835 110566 62520 72289 81077 95689 91557 57708 65655 36218 59185 30618 85542 47644 0 20881 81580 79257 54970 41133 72170 94868 61454 80271 118481 69542 81281 57708 81462 5691 5598 97157 77381 33057 14554 72614 40844 37830 42227 63601 114137 20193 76735 105315 96452 51082 80635 59265 33126 77804 30340 41250 82555 79883 87858 55321 99128 122335 76505 97931 99014 36036 47419 58751 113312 13692 118462 52361 37591 95689 118296 56826 34207 15739 78716 66478 35024 4547 49212 59276 50567 6086 14226
35305 98409 66805 122570 9170 4622 38881 57418 48289 62978 52425 14468 39281 66750 21137 28695 16203 67942 70556 94126 47837 54547 70400 83645 73280 47212 51374 55440 48680 20223 70183 36408 20881 0 64928 68042 38530 30667 60511 83483 51064 63519 108091 58699 66271 47212 68131 15936 24064 80063 60941 22639 15630 61937 60066 27376 27521 53130 103747 38672 65352 88875 79358 40692 63136 48079 51267 67127 43459 30028 65461 62232 76475 38881 82688 111136 60064 81490 82574 30083 36949 42165 96872 32150 108072 41856 56813 83430 101856 40386 52318 29230 65532 55973 32518 19536 36408 48780 40177 17800 30812
51242 105467 10441 65214 64546 66536 78748 16819 84393 106724 96171 79328 48030 4745 82972 87836 78038 7308 6811 79495 20199 15644 21391 20430 12080 40078 18733 114584 30809 60207 115372 34688 81580 64928 0 14791 83394 47366 13528 21277 46446 3973 61221 22470 4226 40060 7498 76635 84763 57419 104687 58562 74763 25904 118493 53781 46843 38725 68762 99371 12816 66133 56810 55818 7079 24821 108082 27447 105672 41080 69464 13807 15013 78748 60849 53779 103810 62883 59419 79890 44163 70474 73422 92849 60960 33007 115239 20215 84100 80005 105608 91065 6582 25960 82325 81371 34688 38510 61460 79763 92647
41437 92895 6407 54537 60791 69650 79644 21119 85290 107620 97067 82442 37453 17502 83235 82787 79996 12710 17843 87309 22159 19936 8539 20476 25990 32153 18688 109606 25744 54417 116268 33935 79257 68042 14791 0 85090 43083 9603 18882 33191 14221 50545 12179 14493 29482 11003 75924 82457 65233 105583 53496 69785 12859 113428 48716 47138 26291 58086 97051 4772 73947 64624 42798 15001 21200 95062 13788 108787 40346 77278 19453 12027 79644 68663 43103 104707 70697 67233 66870 37599 71370 81236 90550 50284 29252 110174 20476 91914 80901 92588 94179 8257 16910 69305 83235 32373 27911 47954 82878 92914
55200 117165 84015 139618 38487 40138 9656 76025 20947 30051 19498 52981 57731 85216 56560 62775 51641 85600 88280 67542 65966 73013 87172 101514 92290 63825 69100 83191 65293 40071 36437 53284 54970 38530 83394 85090 0 50562 77658 100693 67722 81985 126846 75637 84727 63825 85632 50026 58153 54083 28014 42506 49710 78709 87919 47270 48713 69750 122502 72762 82562 62115 53379 60552 81602 64955 85347 83899 77192 48455 39481 80698 93685 9656 55929 128184 27108 54731 55814 58031 53848 13995 70276 66239 126828 58456 88361 101299 75271 13801 83749 64667 82917 72573 60466 54973 53284 65392 60047 53366 66239
4653 67844 44202 95720 21586 32275 49550 41921 56231 75009 64457 45071 8629 50044 45666 41237 42427 47055 50621 90943 29539 38909 41640 60452 58261 16598 32216 70190 20219 13592 82215 14249 41133 30667 47366 43083 50562 0 37177 58858 20486 46058 77526 33507 47068 16598 46955 37800 44333 72218 72973 11946 29741 35889 71878 7166 10440 22523 73182 58911 41742 82830 71514 10122 46708 24348 61956 37678 71410 7854 57616 46132 52004 49550 75690 84286 72096 75445 74756 33794 6305 42311 91252 52421 77507 16639 68624 60452 98672 51597 59512 56803 44209 30189 36229 45666 15817 18165 16886 45502 55338
40272 95844 8129 64110 54885 62119 72557 13632 78202 100533 89980 74911 37059 16239 75802 76882 72564 11731 16783 85349 14727 12303 12128 26307 24727 29107 11502 103700 19838 49236 109181 26848 72170 60511 13528 9603 77658 37177 0 24713 35152 12260 60118 11406 13229 29089 9778 68836 75370 63273 98496 47591 63879 14820 107522 42810 39706 27298 67658 89964 6580 71986 62663 44759 13041 15164 97023 15827 101256 33259 75318 12661 17703 72557 66703 52675 97619 68737 65273 68831 33192 64282 79276 83463 59856 23346 104268 26307 89954 73814 94549 86648 7032 14989 71266 75802 25285 27539 49915 75347 85481
57333 106679 17447 64495 76758 85091 95255 35346 100901 123231 112678 97883 53809 22257 98837 98563 95598 17296 17471 98011 37762 34165 22763 4848 24287 48509 34200 125382 41568 69373 131879 49546 94868 83483 21277 18882 100693 58858 24713 0 49459 23554 60503 28880 21121 45838 18609 91535 98068 75935 121194 68513 85561 30708 128754 63757 62741 42648 68044 112662 18231 84648 75325 59066 26055 37167 111330 29581 124228 55957 87980 32792 9236 95255 79365 53061 120318 81399 77935 83137 52555 86981 91937 106161 60242 45219 125500 4848 102616 96512 108856 109621 20946 34290 85573 98837 47984 44267 64222 98319 108516
15840 62305 39060 81058 41901 52666 62014 41189 67660 89990 79438 65490 11862 49124 65993 60026 62755 43980 49399 102372 29336 38178 28761 51053 57612 9473 31492 88979 16056 30985 98639 16330 61454 51064 46446 33191 67722 20486 35152 49459 0 45138 71986 28609 46148 8586 43177 58122 64654 83648 87954 30125 48529 23118 85160 25370 30033 8279 67642 79202 37110 94259 82943 12345 45788 23427 63500 22768 91746 22707 69045 45211 42749 62014 87120 69624 87077 86874 86185 35308 14187 53740 102681 72728 71968 16904 81907 51053 110101 63272 61026 77175 40431 23745 37743 65993 16103 10172 16375 65884 75644
49934 104896 9870 64643 63238 65127 77339 14637 82984 105315 94762 77919 46722 5217 81563 86527 76629 7686 9000 77357 18790 13461 20128 22932 13700 38770 17324 113276 29500 58898 113963 33380 80271 63519 3973 14221 81985 46058 12260 23554 45138 0 60651 21162 6013 38751 7876 75327 83455 55281 103278 57253 73455 24596 117184 52472 45434 37417 68192 98063 11550 63995 54672 54509 4897 23513 106774 26138 104263 39772 67326 11624 17289 77339 58711 53208 102401 60745 57281 78582 42855 69065 71284 91540 60390 31699 113931 22717 81962 78596 104299 89656 6196 24651 81017 79962 33380 37201 60152 78354 91238
72878 48705 52873 29768 98928 109693 123443 71634 129088 151418 140866 122529 72958 63932 123020 117053 119782 55759 62113 135661 72695 70451 50370 62097 71096 76824 69230 144565 74995 88012 158967 83664 118481 108091 61221 50545 126846 77526 60118 60503 71986 60651 0 62722 60294 75139 56710 115149 121681 113584 149382 87152 105556 60142 140224 82400 87120 71522 10147 136229 53657 122298 112975 67409 63353 71720 118015 57187 148755 82957 125629 69435 53871 123443 117014 12476 148505 119049 115585 87733 76533 115168 129587 129755 3685 79773 136971 62097 140266 124700 112465 134202 56561 65881 89765 123020 82893 73568 69433 122911 132671
36376 90830 16253 66715 51477 60307 69929 17875 75575 97905 87352 73099 32391 25148 73990 73211 70751 21568 25725 94102 12916 14863 14689 30474 33636 24444 9289 100293 16430 45565 106554 24220 69542 58699 22470 12179 75637 33507 11406 28880 28609 21162 62722 0 22172 24426 19615 66209 72742 72025 95869 43920 60472 7933 103851 39139 37893 21235 70263 87337 13802 80739 71416 38216 21812 11886 90480 12987 99443 30631 76960 21236 22026 69929 75455 55280 94992 77490 74026 62288 29522 61655 88028 80836 62461 19939 100598 30474 98707 71186 88006 84836 16869 8565 64723 73990 22658 22855 44900 73534 83669
50944 104539 10142 64286 64248 67879 80081 18848 85726 108057 97504 80671 47732 5594 82871 87537 79381 4768 7040 81507 21542 17673 20486 20616 14123 39780 19835 114286 30510 59908 116705 34390 81281 66271 4226 14493 84727 47068 13229 21121 46148 6013 60294 22172 0 39761 5791 76337 84465 59431 106020 58263 74465 25606 118194 53482 46775 38427 67835 99073 12518 68144 58822 55519 9108 24523 107784 26850 107015 40782 71476 15836 14857 80081 62861 52852 105143 64895 61431 79592 43865 71807 75434 92550 60033 32709 114941 20401 86112 81338 105309 92408 6284 25661 82027 82714 34390 38211 61162 81106 92550
15072 70890 34034 79131 38164 48820 58117 34617 63763 86093 75540 61612 11478 42737 62232 56302 58994 39418 43315 98475 22534 31605 25052 47432 51225 2671 24920 85255 9254 27113 94741 12428 57708 47212 40060 29482 63825 16598 29089 45838 8586 38751 75139 24426 39761 0 38068 54375 60908 79750 84056 26252 44806 19408 86942 21496 26136 5928 76228 75475 32018 90361 79045 18193 39402 16625 70077 21089 87957 18814 65148 38825 39039 58117 83222 67697 83180 82977 82287 41885 10294 49843 98783 68999 74878 10102 83689 47432 106204 59374 67603 73350 35322 17475 44320 62232 10869 5093 24959 62048 71909
49257 101485 6604 60702 64178 69739 80986 20723 86632 108962 98409 82531 46045 10209 83777 86659 80538 2019 8432 83399 22701 19548 17373 18769 17778 38885 19766 113478 29616 59014 117611 35296 81462 68131 7498 11003 85632 46955 9778 18609 43177 7876 56710 19615 5791 38068 0 77242 84662 61322 106926 57368 73657 22845 117299 52588 47680 36277 64251 99257 9043 70036 60713 52784 10982 24453 105048 23774 108876 41687 73367 17710 11494 80986 64752 49267 106049 66786 63322 76856 42970 72712 77325 92756 56449 32639 114046 18554 88003 82244 102574 94268 4185 24767 79291 83777 34578 36518 57940 82967 93456
42433 105467 75625 130437 16240 14356 50377 70356 59784 74473 63921 9025 46409 79282 9492 12773 6253 77210 79890 105622 57576 67344 77744 92356 86612 54375 60710 39511 55852 27287 81679 44311 5691 15936 76635 75924 50026 37800 68836 91535 58122 75327 115149 66209 76337 54375 77242 0 8891 92213 72437 29725 11224 69281 44137 34498 37283 60269 110805 23486 73401 100370 91508 47751 75691 55932 35403 74471 35286 37917 77610 74939 84525 50377 94184 119002 71560 92986 94069 33614 44085 53807 108368 16985 115130 49028 40884 92356 113351 51881 36455 20685 74527 63145 32603 9492 44894 55943 47236 9383 19171
48967 111999 82394 136970 22773 22484 58504 78484 67912 82601 72048 13112 52942 87409 4542 6248 7863 84719 88018 113750 65704 75472 84278 98889 94740 60908 68838 32979 62385 33818 85542 50844 5598 24064 84763 82457 58153 44333 75370 98068 64654 83455 121681 72742 84465 60908 84662 8891 0 100340 80565 36257 17754 75814 37605 41030 45411 66801 117337 16954 79935 108498 99636 54282 83819 62465 29887 81004 28743 44450 85738 83066 91058 58504 102311 125535 79688 101114 102197 39235 50619 61934 116496 10453 121662 55561 34352 98889 121479 60009 30968 14141 81916 69678 38224 4542 52412 62476 53767 9270 12628
76870 135394 61285 117577 80674 81671 48376 57746 45442 73310 62757 94514 73676 56600 98107 104962 93174 61133 61469 36511 68473 58650 72401 75088 59993 79750 67297 131710 80364 78998 85000 69665 97157 80063 57419 65233 54083 72218 63273 75935 83648 55281 113584 72025 59431 79750 61322 92213 100340 0 74315 81432 91897 75459 136335 79380 69514 85675 121125 114949 62562 27947 4387 82130 50408 74376 127099 77001 120808 64381 15493 54727 69647 48376 20803 106142 73438 20563 19376 98991 69793 40102 36324 108426 113323 74381 133082 74873 44235 43944 124709 106200 58775 75515 101426 96506 70271 81318 88895 94899 107782
77611 139700 105308 160096 60898 62549 30675 97318 29835 3970 11785 75392 77982 106510 78971 85186 74052 106893 109573 74230 87259 94306 107404 122016 113652 84056 90394 63444 85524 62482 15824 73971 77381 60941 104687 105583 28014 72973 98496 121194 87954 103278 149382 95869 106020 84056 106926 72437 80565 74315 0 64917 72121 98941 68188 69682 71124 89981 145038 71409 103061 77848 73150 82963 102896 85591 92865 104130 64009 68687 59713 101991 114184 30675 72178 148662 1576 70464 72901 80443 74099 34214 83641 79504 149363 78688 71880 122016 88197 31670 100422 78632 104211 92805 82878 77384 74577 85624 82458 75777 77048
14300 77470 54615 105374 13518 24241 41848 53119 52264 66953 56400 37093 18283 61239 37596 31642 34358 58067 61816 97767 41035 50107 51295 70107 69727 26252 43422 60595 30632 3997 74159 26157 33057 22639 58562 53496 42506 11946 47591 68513 30125 57253 87152 43920 58263 26252 57368 29725 36257 81432 64917 0 20146 45651 62283 7127 21522 32174 82808 50819 52156 91842 80728 19753 57903 35124 50390 47332 63362 19795 66830 57327 61658 41848 84904 93940 64040 84457 83969 22198 16719 43534 100002 44344 87133 28552 59029 70107 105496 44361 47915 48758 54622 39844 24632 37596 27725 27820 19238 37465 47261
32860 95875 70904 123430 13568 14052 50061 69317 59468 74157 63605 18628 36837 77441 19093 13835 15855 74356 78018 105306 56936 66306 69721 87154 85651 44806 59612 42095 48427 17700 81363 41633 14554 15630 74763 69785 49710 29741 63879 85561 48529 73455 105556 60472 74465 44806 73657 11224 17754 91897 72121 20146 0 63143 44475 24922 36957 50696 101212 32309 68445 100054 91192 38158 74105 51413 35645 65856 44841 35239 77294 73528 78706 50061 93868 111995 71244 92670 93753 27529 34513 53491 108052 25820 105538 44036 41222 87154 113035 51565 36696 30267 70911 56891 27142 19093 43202 46373 37643 18984 28736
31364 85338 18794 64135 54148 63545 73001 21271 78647 100977 90425 76337 27380 28582 77129 75564 73891 24195 28857 97535 16195 18260 10425 32302 37070 22080 12686 102964 19101 46512 109626 27293 72614 61937 25904 12859 78709 35889 14820 30708 23118 24596 60142 7933 25606 19408 22845 69281 75814 75459 98941 45651 63143 0 105951 40895 41033 16218 67683 90409 16778 84173 74850 32724 25246 14557 84989 7496 102682 33704 80032 24669 23854 73001 78889 52700 98064 80923 77459 56797 29694 64727 91462 83908 59881 22610 102697 32302 102140 74259 82514 88074 20099 8717 59232 77129 25730 17837 39409 76773 86809
74997 130542 114546 163891 58007 58486 93422 113050 98016 72152 79967 48205 78974 121170 40554 33003 43871 117998 121748 142414 100967 110038 111594 130347 129658 86942 103353 4744 90563 59837 66134 86077 40844 60066 118493 113428 87919 71878 107522 128754 85160 117184 140224 103851 118194 86942 117299 44137 37605 136335 68188 62283 44475 105951 0 67059 81401 91112 135880 23044 112087 143289 135630 75564 117834 95055 25198 105601 19461 79683 121733 117258 121987 93422 137102 151495 66619 135904 137470 55549 76650 96960 150013 29523 140205 88482 4203 130347 154569 94500 32755 33968 114553 100534 54537 40554 87645 88510 72311 45274 32383
9544 72719 49835 100618 18290 28982 46613 48338 57029 71718 61165 41781 13527 56458 42369 36418 39130 53286 57036 98105 36255 45326 46539 65351 64946 21496 38641 65371 25851 8773 78924 21377 37830 27376 53781 48716 47270 7166 42810 63757 25370 52472 82400 39139 53482 21496 52588 34498 41030 79380 69682 7127 24922 40895 67059 0 16741 27419 78057 55592 47375 89992 78676 14999 53123 30343 54888 42576 68104 15014 64778 52546 56902 46613 82852 89184 68805 82607 81917 26696 11938 48299 98414 49117 82382 23771 63805 65351 105834 49126 52414 53499 49842 35087 29131 42369 22945 23064 14487 42206 52034
15094 77438 46062 101666 25739 29129 47752 39474 53526 73161 62608 41921 18214 48666 43817 50028 40578 47648 50328 88238 28014 36463 49496 63562 55731 26136 31148 76776 27604 23159 80366 15332 42227 27521 46843 47138 48713 10440 39706 62741 30033 45434 87120 37893 46775 26136 47680 37283 45411 69514 71124 21522 36957 41033 81401 16741 0 32061 82776 60019 44610 80125 68809 20562 45052 27003 71524 46222 68266 8951 54912 44147 55733 47752 72986 90231 70247 72741 72051 43367 15882 39606 88547 53496 87101 20780 78148 63347 95968 49138 69085 53658 44965 34897 45802 43817 15332 27704 26466 42357 53496
17884 70583 32161 75514 44064 54732 64042 33427 69688 92018 81465 67537 13900 41403 68140 62192 64901 37081 41980 104400 21475 30416 21861 44241 49891 8600 23861 91145 8195 33035 100666 18348 63601 53130 38725 26291 69750 22523 27298 42648 8279 37417 71522 21235 38427 5928 36277 60269 66801 85675 89981 32174 50696 16218 91112 27419 32061 0 74391 81366 30210 96100 84971 17885 38067 15566 70150 17224 93853 24739 71073 37491 35849 64042 89147 64079 89105 88902 88212 41958 16220 55768 104283 74891 71260 12904 87858 44241 112129 65299 67675 79249 33531 15592 44392 68140 16788 4357 24652 67956 77808
68534 44655 60414 37434 94584 105349 119099 79175 124744 147075 136522 118186 68614 71473 118677 112709 115438 63300 69654 143202 80236 77992 57911 69637 78637 76890 76771 140222 80321 83668 154623 82178 114137 103747 68762 58086 122502 73182 67658 68044 67642 68192 10147 70263 67835 76228 64251 110805 117337 121125 145038 82808 101212 67683 135880 78057 82776 74391 0 131886 61198 129839 120516 63065 70894 79261 113671 64728 144411 78613 126130 76975 61412 119099 124555 22058 144161 126590 123126 83389 72189 110825 137128 125411 8536 82832 132627 69637 147807 120356 108121 129858 64102 73422 85421 118677 83508 77815 65089 118567 128328
63531 126548 96989 151564 37368 37092 73113 93092 82521 75373 83187 26789 67507 102018 19151 19209 22471 99314 102626 128358 80312 90081 98872 113484 109349 75475 83447 18386 76980 48373 69355 65439 20193 38672 99371 97051 72762 58911 89964 112662 79202 98063 136229 87337 99073 75475 99257 23486 16954 114949 71409 50819 32309 90409 23044 55592 60019 81366 131886 0 94529 123107 114244 68831 98427 77059 24134 95598 12550 59045 100347 97675 105652 73113 116920 140130 69839 115722 116806 52319 65183 76543 131104 8850 136211 70156 19791 113484 136088 74618 31449 12548 96511 84273 51307 19151 67007 77043 68316 23874 10963
43206 96003 4830 57649 59450 66960 77122 18096 82767 105098 94545 79752 39994 15527 80706 81447 77467 11009 16071 84639 19631 16914 12462 19825 24015 33672 16067 108266 24403 53801 113746 31413 76735 65352 12816 4772 82562 41742 6580 18231 37110 11550 53657 13802 12518 32018 9043 73401 79935 62562 103061 52156 68445 16778 112087 47375 44610 30210 61198 94529 0 71276 61953 46716 12331 19730 98981 17706 106097 37824 74607 16333 11377 77122 65992 46215 102184 68027 64563 70789 37757 68848 78565 88028 53396 27912 108834 19825 89244 78379 96506 91490 6297 19205 73224 80706 29850 30468 51872 80188 90385
87482 146005 69999 126290 88832 90483 58336 66459 50287 75951 66771 103326 84287 65314 106905 113120 101986 69846 70182 21275 77186 67364 81114 83802 68706 90361 76010 138553 89077 89407 91227 80276 105315 88875 66133 73947 62115 82830 71986 84648 94259 63995 122298 80739 68144 90361 70036 100370 108498 27947 77848 91842 100054 84173 143289 89992 80125 96100 129839 123107 71276 0 26674 92741 59122 83090 135257 85715 129619 74992 28712 63440 78361 58336 7857 114856 79099 7384 9287 107838 80404 50713 8519 116584 122037 84993 141240 83587 18126 48789 133556 115012 67489 84228 110273 105318 80882 91929 99506 103711 116584
76166 134689 60676 116967 79969 80966 47671 57137 44214 72082 61529 93809 72971 55991 97402 104257 92469 60523 60859 35237 67863 58041 71792 74479 59383 79045 66687 131006 79440 78293 84295 68960 96452 79358 56810 64624 53379 71514 62663 75325 82943 54672 112975 71416 58822 79045 60713 91508 99636 4387 73150 80728 91192 74850 135630 78676 68809 84971 120516 114244 61953 26674 0 81425 49799 73767 126395 76392 120103 63676 13906 54117 69038 47671 19530 105533 72734 19290 18103 98286 69088 39397 35051 107721 112714 73677 132377 74264 42961 42716 124004 105496 58166 74906 100721 95801 69566 80613 88191 94194 107078
5469 57728 48667 90665 31530 42295 59670 50561 66143 85000 74447 55125 10026 58496 55622 49654 52383 53587 58770 100855 38708 47550 38368 60660 66984 18845 40864 78607 25428 20614 92205 24100 51082 40692 55818 42798 60552 10122 44759 59066 12345 54509 67409 38216 55519 18193 52784 47751 54282 82130 82963 19753 38158 32724 75564 14999 20562 17885 63065 68831 46716 92741 81425 0 55160 32799 53904 32375 81375 17782 67528 54583 52356 59670 85602 78269 82086 85357 84667 25712 13917 52223 101164 62357 67391 26261 72311 60660 108584 61610 51430 66804 50038 33352 28147 55622 25456 19779 6779 55513 65273
