NAME : NYC-100-3
COMMENT : OSM drive network, customers at real shops (shop=* POIs), depot (40.7549, -73.984), seed 3
TYPE : VRPSPD
DIMENSION : 101
CAPACITY : 150
EDGE_WEIGHT_TYPE : EXPLICIT
EDGE_WEIGHT_FORMAT : FULL_MATRIX
EDGE_WEIGHT_SECTION
0 104871 64479 5520 43197 39149 67704 65503 23833 81710 51399 40271 78627 38869 74060 13868 11026 81303 67235 64588 52683 78901 44643 104118 25947 51473 43206 51746 18701 47654 13724 62884 24926 49711 26307 79238 31843 27519 12978 29610 9847 5945 22246 56399 43390 75159 49161 6357 56726 35519 58927 40794 28941 49768 40649 58294 39823 43768 26154 13350 9544 10303 63825 65422 36757 74579 15067 61455 86498 26610 75628 49057 66731 59059 78513 108043 61853 60453 49249 45078 14781 56283 41908 28922 36103 74088 52281 93684 35861 50997 43210 31843 52066 53975 21994 47219 60070 14300 11006 60245 69586
104871 0 158231 101756 65033 112420 107122 42365 100975 34553 100720 91335 42323 93334 97111 104486 106892 96289 114964 62153 71602 133634 87043 2253 119699 127823 90806 119846 94682 91813 118342 156636 100150 117854 108049 96439 107337 104211 110695 122998 112077 104996 117921 147313 119734 81857 80732 104211 103571 105011 103331 90806 97039 86367 90546 85148 93951 114898 100223 91522 107381 114965 42971 86503 95303 43734 106294 83768 44624 107497 46779 84253 81421 64806 46778 3172 152767 154205 132542 87043 110448 92932 135660 103702 95540 171675 80071 16984 108336 70272 87827 108199 91562 82078 105647 69828 104681 107043 99550 132714 148316
64479 158231 0 69805 102329 48788 128836 122951 60217 139157 112071 103197 136075 102874 100605 75923 65808 88128 122814 104209 93407 136952 107552 157478 39809 34518 106116 46930 82959 109268 59409 2604 88970 51253 53158 89493 53847 89776 63954 37857 62395 64547 78587 14092 42589 101533 113136 65135 117858 57535 120059 103720 66874 113743 104654 122557 100583 49319 60967 77630 62023 57553 121273 102370 100762 132026 59705 100084 143946 88360 133076 113032 102760 98674 135961 161403 11520 8126 31407 108497 50582 118663 25313 89681 100108 122637 116537 149368 52878 93618 106136 52993 114446 117949 86000 107124 121202 57525 69791 30417 118135
5520 101756 69805 0 40082 37658 66068 62388 22342 78595 50898 38547 75512 35775 72569 12232 12510 79813 67416 61473 49568 80373 42323 101003 31273 49982 41570 50255 15595 46018 19033 68210 21825 48220 24817 77747 30352 25883 14468 34936 12941 7434 23722 61040 41899 73668 46067 5625 55090 34028 57291 39158 27450 46674 37555 55177 39127 42277 24663 10234 8795 15629 60710 63931 33662 71464 13576 59535 83383 26765 72513 45963 65240 55944 75398 104928 66494 65778 47759 41984 20106 53244 47234 30393 33008 77182 49191 90569 34370 47882 40890 30352 49113 50880 18900 44104 58434 13576 9515 58754 72680
43197 65033 102329 40082 0 57746 88618 25665 46301 41871 78416 61886 38789 55830 38260 42812 45217 46300 94934 27998 13833 109931 65424 64279 63797 73148 65082 64517 33008 70712 56668 100734 38476 62525 53375 45999 52663 53144 49021 67460 50403 43322 56365 92639 65059 39874 63687 42537 82608 49682 84036 64951 41710 66713 54199 70391 65990 59571 45548 29848 45707 53291 23987 31631 49617 34740 47812 26210 46660 57081 35790 65299 31498 22464 38675 68205 98093 98303 77867 64102 52848 74428 79758 60961 52414 112612 65568 53846 53661 12147 63008 53525 71100 68404 43972 5811 85386 49443 37875 78039 108111
39149 112420 48788 37658 57746 0 94437 78368 15339 94472 83451 66922 91492 62840 67772 47825 50026 73651 99969 58398 47597 114967 70697 111667 30640 15405 70117 12652 39291 75748 52672 47193 45559 10686 14461 71585 8978 58180 51976 27708 48836 45052 61246 34918 7316 67507 71961 34401 87643 8772 89071 69986 19813 72683 62739 78853 71025 4619 15150 35478 31216 40428 75767 58717 58157 87443 25705 54812 99363 62104 88493 71972 59079 52864 91378 115592 40372 43048 20136 69873 29808 80247 25263 65997 58233 113077 73949 104096 5642 47808 68780 7319 76918 76684 48995 62541 90421 26443 29769 22434 108575
67704 107122 128836 66068 88618 94437 0 87714 81552 74756 16778 31460 74920 36098 122531 57852 64667 130571 10194 110009 98105 62680 27072 106354 90304 108464 28602 103879 58168 23122 72757 127241 51825 101836 86991 129810 87975 45100 68147 93967 69768 65769 53429 120756 100375 124145 28440 69297 13018 88665 9657 29760 81071 24064 38030 30975 30867 96915 81611 61360 72467 75739 93447 115696 42707 79855 75742 110482 71960 45088 82020 24761 115770 104481 78986 110294 126210 124810 111431 27072 80216 14190 106265 40709 39527 101956 34011 92763 90352 96419 28538 88837 20610 25533 49092 92641 9614 77248 67158 114730 77362
65503 42365 122951 62388 25665 78368 87714 0 66922 16308 81312 71927 13226 73926 58881 65118 67523 66921 95556 36641 34454 114226 67635 41611 84419 93770 71397 85139 55314 72405 78974 121356 60782 83147 73996 66621 73285 75450 71327 88082 72709 65628 78671 113260 85681 56573 61324 64843 84163 70304 83923 71397 62331 66959 71138 65740 74542 80193 66170 52154 68013 75597 5834 52253 71923 10055 68628 46832 21959 79387 13017 64845 52120 33484 16780 45537 118715 118924 98489 67635 73470 73524 100380 83267 74720 134918 60663 30734 74283 32769 68419 74146 72154 62670 66278 30460 85273 70065 60181 98661 127471
23833 100975 60217 22342 46301 15339 81552 66922 0 83027 69572 53868 80047 49786 56327 32512 34714 62206 86090 46953 36152 100731 57644 100222 21684 29197 57063 27991 27841 62694 37360 58622 34109 26012 8668 60140 8709 43454 36664 24210 33524 29752 45934 47946 21108 56062 60078 19087 73764 11709 75965 56820 8370 60685 51289 67403 56789 19958 2344 22483 15903 25116 64322 47272 46707 75998 10389 43367 87918 46794 77047 59973 47634 41419 79933 104147 53400 55649 33179 56819 14502 67362 37646 50711 46783 97765 62440 92650 12052 36363 55726 9571 63949 64891 34009 51096 77108 11135 15908 36441 93263
81710 34553 139157 78595 41871 94472 74756 16308 83027 0 68354 58970 10026 60969 75088 81324 83730 81857 82599 50463 50661 101269 54678 33799 100625 109874 58440 101345 71521 59447 95180 137562 74673 99353 90101 81608 89389 71846 87533 104288 88916 81835 85611 129365 101785 70993 48367 81050 71205 86510 70966 58440 78538 54002 58181 52783 61585 96400 82274 68360 84220 91803 22032 68460 62937 11437 84834 63038 13565 75132 14482 51888 67055 47919 14481 37725 134819 135131 114594 54678 89676 60567 116586 71337 63174 140544 47705 21204 90387 48975 55462 90251 59196 49713 75838 46666 72316 86272 76388 114765 115951
51399 100720 112071 50898 78416 83451 16778 81312 69572 68354 0 17505 68518 26689 112329 42682 47902 120369 17130 99807 87902 45915 16688 99951 73539 97212 13432 95130 48759 10173 56983 110476 42417 93087 74215 120069 76821 30626 51381 77202 53003 49004 36664 103990 89129 113943 21576 55771 5800 79257 8001 15845 72323 17299 29281 25178 15356 87506 70456 51951 58958 58974 87045 105701 33958 73453 62967 100279 65558 28323 75618 17996 105568 94278 72584 103892 109445 108044 98656 16688 63451 12716 89500 23944 29402 85191 27685 86361 80164 86216 18771 77583 13174 19154 36508 82438 9144 63714 56004 104553 60597
40271 91335 103197 38547 61886 66922 31460 71927 53868 58970 17505 0 59133 10160 95799 30419 39028 103839 34023 83277 71372 49515 5607 90567 64665 80779 4171 78600 32230 10221 49550 101602 25887 76557 58703 103539 60291 16812 42508 68328 44129 40042 27790 94801 72690 97413 11438 41010 21697 62727 23898 4040 55793 11871 12751 21515 5585 70976 53926 35422 44180 50012 77660 89171 17428 64069 47454 83750 56173 18363 66233 11160 89038 77749 63199 94507 100255 99171 83143 5879 54490 17270 80626 13859 12872 88790 16100 76976 63634 69686 3518 61153 13008 16111 20804 65909 25041 48960 39474 88023 64197
78627 42323 136075 75512 38789 91492 74920 13226 80047 10026 68518 59133 0 61133 72006 78242 80648 80046 82762 49866 47579 101432 54841 41569 97543 106894 58604 98263 68439 59611 92098 134480 73907 96271 87121 79746 86409 72009 84451 101206 85833 78753 85774 126385 98805 69798 48530 77967 71369 83428 71129 58604 75456 54165 58344 52946 61749 93318 79294 65278 81137 88721 18959 65377 63101 5365 81752 59956 10926 75295 7529 52051 65245 46710 6002 45495 131839 132049 111614 54841 86594 60730 113504 71500 63338 140708 47869 30692 87407 45893 55626 87271 59360 49876 76001 43584 72479 83189 73306 111785 116114
38869 93334 102874 35775 55830 62840 36098 73926 49786 60969 26689 10160 61133 0 89743 28902 38861 97783 43205 77221 65316 58688 12903 92566 64342 76697 13355 70493 25120 18230 51596 101279 19648 68450 55843 97022 56209 14040 43962 68005 45573 38729 28136 94383 68608 91357 13622 38237 30879 55658 32307 13225 47686 14344 4644 23562 14731 65390 49844 29835 41408 48698 76458 82907 9321 66068 44599 77693 58173 17326 68232 13633 82982 71692 65198 96506 99837 98848 80357 11581 53176 21908 80303 14341 6728 97963 16877 78975 58827 63630 10488 57071 18579 18349 18032 59852 33657 46188 35392 83205 73370
74060 97111 100605 72569 38260 67772 122531 58881 56327 75088 112329 95799 72006 89743 0 76725 79130 15148 128847 39076 31472 143844 99337 96515 74512 83174 98995 75197 66921 104625 87738 99280 72389 73205 63401 11112 62689 87057 82934 77812 83887 77235 90278 97107 75085 20335 97600 69314 116521 60363 117949 98864 52390 100626 88112 104304 99903 70250 55575 63761 66130 75488 57203 11378 83530 67957 60616 14750 79876 90994 69006 99211 15944 36464 71891 100283 89343 97852 86938 98015 64770 108341 90474 94874 86327 146525 99481 87063 63688 30952 96921 63551 105013 102317 77885 42820 119299 61365 64674 81875 142024
13868 104486 75923 12232 42812 47825 57852 65118 32512 81324 42682 30419 78242 28902 76725 0 12135 84765 58922 64202 52298 70588 34791 103732 37390 60153 33354 60390 13724 37802 25111 74328 14997 58347 34987 84465 40523 17667 17236 41053 18847 11777 13937 67842 52070 78339 39194 15795 46874 44184 49075 30942 37583 39801 30682 49312 30911 52433 34830 16395 18965 21747 63440 70096 26789 74193 23746 64675 83392 18297 75243 39089 69964 58674 78128 107658 73296 71896 57929 35110 26224 46370 53352 20609 26135 80504 42791 93299 44538 50612 33358 40523 42214 44007 12027 46834 50218 23746 19681 68924 76002
11026 106892 65808 12510 45217 50026 64667 67523 34714 83730 47902 39028 80648 38861 79130 12135 0 87171 61848 66608 54704 73709 43383 106138 27275 62333 41946 62678 19405 45099 12987 64213 25196 60682 37162 86870 42711 25980 5101 30938 6723 6664 14747 58435 54250 80745 48967 17373 53689 46400 55890 39551 39902 49574 40641 58880 36414 54645 37040 18758 20556 14534 65845 72502 36978 76599 26077 67081 88519 24454 77648 48862 72369 61080 80534 110063 63669 61781 60104 44328 20341 54493 43237 25512 36094 68688 52565 95705 46740 53018 41967 42711 50277 53780 22226 49240 57033 25311 22017 71104 64186
81303 96289 88128 79813 46300 73651 130571 66921 62206 81857 120369 103839 80046 97783 15148 84765 87171 0 136887 38817 34065 151884 107377 96589 80930 75818 107035 78843 74961 112666 94869 86803 80429 79084 69280 4036 68568 95098 90974 84229 91028 85275 98318 84630 80964 15141 105641 76558 124561 66242 125989 106904 58269 108666 96152 112344 107943 76129 61454 71801 73374 82625 62090 19650 91570 75997 67860 24425 87917 99034 77046 107252 16368 36979 79932 99461 76866 85375 78063 106055 72014 116382 96891 102914 94367 154565 107521 90718 69567 34276 104962 69430 113053 110357 85926 51095 127339 68609 71918 69398 150064
67235 114964 122814 67416 94934 99969 10194 95556 86090 82599 17130 34023 82762 43205 128847 58922 61848 136887 0 116325 104420 59526 33146 114196 86602 113730 29950 111645 65275 26630 66186 121219 58933 109602 90733 136587 93339 46662 63539 90265 65120 64840 50082 117762 105647 130461 36283 72289 14366 95773 14767 32363 88838 31907 45796 39323 31192 104022 86974 68467 75476 73860 101289 122218 50474 87698 79485 116797 79803 44159 89862 32604 122086 110796 86828 118136 122996 118901 115174 33146 78662 24018 100890 39779 45919 98801 41853 100605 96682 102734 35289 94100 28329 33376 53026 98956 13196 80232 72522 121071 74208
64588 62153 104209 61473 27998 58398 110009 36641 46953 50463 99807 83277 49866 77221 39076 64202 66608 38817 116325 0 17958 131322 86815 62969 65677 73800 86472 65823 54399 92103 78058 102614 59867 63831 54027 38941 53315 74535 70411 68976 71794 64713 77756 93291 65711 23696 85078 61305 103999 50989 105427 86342 43016 88104 75590 91781 87380 60876 46200 51238 58121 67372 31309 28227 71008 46075 52607 25175 57994 78472 47124 86689 23149 8258 50532 65325 98745 100182 78520 85493 56761 95819 81638 82352 73805 134003 86958 58447 54314 18163 84399 54177 92491 89794 65363 32666 106777 53356 56665 78691 129501
52683 71602 93407 49568 13833 47597 98105 34454 36152 50661 87902 71372 47579 65316 31472 52298 54704 34065 104420 17958 0 119417 74910 70849 54875 62999 74568 55022 42494 80199 66154 91813 47962 53030 43226 33816 42514 62631 58507 58175 59889 52808 65851 82490 54910 27639 73174 50480 92094 40187 93522 74437 32215 76199 63685 79877 75476 50075 35399 39334 47296 56570 32776 22149 59103 43530 41782 17586 55450 66567 44579 74785 19263 12424 47465 74774 87944 89381 67718 73588 45935 83915 70836 70447 61900 122098 75054 62636 43512 1809 72495 43376 80586 77890 53459 18628 94872 42531 45840 67890 117597
78901 133634 136952 80373 109931 114967 62680 114226 100731 101269 45915 49515 101432 58688 143844 70588 73709 151884 59526 131322 119417 0 48765 132866 99346 128372 45464 126827 80296 44445 80683 135357 73953 124785 104698 151584 108336 58329 77189 103009 77800 76506 62471 129798 120289 145458 53737 85246 51702 110793 53903 47873 104020 51421 61290 61229 43966 119042 101971 83488 88433 86298 119959 137216 65656 106368 93449 131795 98472 55825 108532 50842 137083 125794 105498 136806 135252 133039 128101 48765 90524 53011 115028 51446 61037 48774 61229 119275 111679 117732 50799 108742 48957 55794 67463 113954 55046 93189 87519 136068 24197
44643 87043 107552 42323 65424 70697 27072 67635 57644 54678 16688 5607 54841 12903 99337 34791 43383 107377 33146 86815 74910 48765 0 86275 69020 84555 3849 81247 34973 7242 53905 105957 28631 79204 62479 106616 64067 20588 46863 72683 48484 44397 32145 99172 76466 100951 7146 44786 20820 65471 22969 3849 58440 7507 15398 17151 6994 73720 57702 38165 47956 54367 73368 92502 20076 59777 51230 87287 51882 22735 61941 6796 92576 81286 58907 90215 104627 103526 86919 1641 58845 12882 84981 18214 16212 88040 14729 72684 67158 73224 4002 64929 8634 11747 24580 69446 24164 52736 43250 91536 63447
104118 2253 157478 101003 64279 111667 106354 41611 100222 33799 99951 90567 41569 92566 96515 103732 106138 96589 114196 62969 70849 132866 86275 0 118945 127069 90037 119092 93929 91045 117588 155883 99397 117100 107296 96594 106584 103443 109941 122245 111324 104243 117153 146560 118980 82673 79964 103458 102803 104257 102563 90037 96285 85599 89778 84380 93182 114145 99469 90768 106628 114211 42218 85894 94535 42981 105541 83014 43855 106729 46025 83485 82043 64052 46024 5369 152014 153451 131789 86275 109694 92164 134907 102934 94771 170922 79303 15130 107582 69518 87059 107446 90793 81310 104893 69074 103913 106290 98796 131960 147548
25947 119699 39809 31273 63797 30640 90304 84419 21684 100625 73539 64665 97543 64342 74512 37390 27275 80930 86602 65677 54875 99346 69020 118945 0 41856 67583 43034 44427 70736 25427 38214 50438 41174 17770 78864 23328 51243 27076 6084 24135 26014 40055 34132 34593 74785 74604 26603 79326 27017 81527 65188 28342 75211 66122 84025 62051 35259 22435 39098 23491 19021 82740 65519 62230 93494 21173 61552 105414 49828 94544 74499 66358 60142 97429 122871 39842 35468 38977 69965 12050 80130 17238 51149 61576 87772 78004 110836 27355 55086 67604 23325 75914 79417 47467 68592 82670 18992 31259 49996 83270
51473 127823 34518 49982 73148 15405 108464 93770 29197 109874 97212 80779 106894 76697 83174 60153 62333 75818 113730 73800 62999 128372 84555 127069 41856 0 83975 12433 54693 89606 64979 32923 60961 16991 26763 77183 21939 71094 64283 38266 61143 57372 73553 20604 9560 82909 86990 46722 101404 24174 102929 83844 35215 87596 78141 94255 84430 15889 29197 49336 43536 52735 91169 74119 73559 102845 38030 70214 114765 74435 103895 86885 74481 68266 106780 130995 25738 28734 4759 83731 42121 94274 28662 78352 73635 125384 89351 119498 19500 63210 82638 21085 90861 91803 61650 77943 104279 38763 43549 8788 120882
43206 90806 106116 41570 65082 70117 28602 71397 57063 58440 13432 4171 58604 13355 98995 33354 41946 107035 29950 86472 74568 45464 3849 90037 67583 83975 0 81795 35425 7790 52468 104521 29083 79752 61898 106734 63486 20008 45426 71246 47047 42961 30709 97736 75886 100609 10908 44205 17624 65923 19825 2413 58988 11342 15946 20985 5558 74172 57122 38617 47375 52930 77130 92366 20624 63539 50650 86945 55644 21298 65704 10631 92233 80944 62669 93977 103190 102089 86339 5339 57408 16731 83545 16778 16067 84739 18491 76446 66829 72882 5339 64348 12469 15582 23999 69104 20968 52156 42669 91219 60146
51746 119846 46930 50255 64517 12652 103879 85139 27991 101345 95130 78600 98263 70493 75197 60390 62678 78843 111645 65823 55022 126827 81247 119092 43034 12433 81795 0 47671 86671 65324 45335 53139 7080 27112 77057 21629 70735 64627 39445 61487 57649 73898 33016 8441 74932 78350 46999 99319 17956 100088 81665 25890 81376 68862 84446 82871 8035 25660 45650 43813 53080 83192 66142 64280 94214 38334 62237 106134 74660 95264 79961 66504 60289 98149 123018 38133 41146 17171 79790 42460 89689 29853 78380 67817 125728 79632 111521 17558 55233 78832 19970 86571 83067 61551 69312 101438 39072 42342 17312 121227
18701 94682 82959 15595 33008 39291 58168 55314 27841 71521 48759 32230 68439 25120 66921 13724 19405 74961 65275 54399 42494 80296 34973 93929 44427 54693 35425 47671 0 40300 32159 81365 7766 45628 34897 74200 34205 24047 24503 48090 25895 18814 27277 74175 46604 68535 32978 18054 52949 32836 54377 35294 24864 36003 23489 40857 36339 41768 27093 6213 21224 28784 53636 60086 18907 64390 23661 54871 75423 27984 65439 34589 60160 48870 68324 97854 79629 78933 59408 33651 33261 43978 60388 31864 21964 87774 35149 83496 35206 40808 32558 35067 40649 37694 14884 37030 55727 26005 13395 59584 83272
47654 91813 109268 46018 70712 75748 23122 72405 62694 59447 10173 10221 59611 18230 104625 37802 45099 112666 26630 92103 80199 44445 7242 91045 70736 89606 7790 86671 40300 0 54888 107673 33958 84628 67529 111943 69117 25638 48579 74399 50200 46114 33861 101188 81517 106240 11915 49836 14304 70798 16505 8463 63863 7639 20822 18723 10610 79047 62753 43492 53006 56083 78138 97829 25499 64546 56280 92576 56651 25433 66711 8336 97864 86575 63677 94985 106642 105242 91970 7242 60561 9394 86697 21029 21539 83721 19408 77454 72460 78513 9541 69979 5178 13287 29630 74735 17648 57787 48300 96850 59127
13724 118342 59409 19033 56668 52672 72757 78974 37360 95180 56983 49550 92098 51596 87738 25111 12987 94869 66186 78058 66154 80683 53905 117588 25427 64979 52468 65324 32159 54888 0 57814 38170 63338 39808 92803 45357 38202 9455 29575 7912 13378 25724 57515 56896 88724 60146 20034 62214 49046 64415 50072 42548 60529 53376 70028 46935 57291 39686 26866 23212 15236 77296 79100 49955 88049 28731 75133 99969 36675 89099 60042 80296 72530 91984 121514 64054 55496 62738 54850 22987 64282 37485 37734 49071 66055 63945 107155 49387 64468 52489 45357 60066 64959 35200 60690 65558 27957 24692 73743 61553
62884 156636 2604 68210 100734 47193 127241 121356 58622 137562 110476 101602 134480 101279 99280 74328 64213 86803 121219 102614 91813 135357 105957 155883 38214 32923 104521 45335 81365 107673 57814 0 87375 49658 51563 88168 52252 88181 62359 36262 60800 62952 76992 12497 40994 100208 111541 63540 116263 55940 118464 102125 65279 112148 103059 120962 98988 47724 59372 76035 60428 55958 119678 100782 99167 130431 58110 98489 142351 86765 131481 111437 101435 97080 134366 159808 10195 6531 29812 106902 48987 117068 23718 88086 98513 121042 114942 147773 51283 92023 104541 51398 112851 116354 84405 105529 119607 55930 68196 29091 116540
24926 100150 88970 21825 38476 45559 51825 60782 34109 74673 42417 25887 73907 19648 72389 14997 25196 80429 58933 59867 47962 73953 28631 99397 50438 60961 29083 53139 7766 33958 38170 87375 0 51096 41165 79668 40473 17705 30294 54100 31905 24824 20966 80421 52872 74003 27506 24284 46607 38304 48035 28952 30332 30072 18017 35878 29997 48036 33361 12482 27454 34794 59104 65554 13436 69858 29928 60340 71877 21654 70907 29117 65628 54339 73792 103322 85876 84943 65676 27309 39271 37635 66399 25522 15621 93565 30123 88964 41474 46276 26215 41335 34307 32222 8562 42499 49385 32235 19657 65852 85981
49711 117854 51253 48220 62525 10686 101836 83147 26012 99353 93087 76557 96271 68450 73205 58347 60682 79084 109602 63831 53030 124785 79204 117100 41174 16991 79752 7080 45628 84628 63338 49658 51096 0 25138 77019 19655 68692 62634 38180 59498 55640 71883 37339 9833 72940 76308 44965 97277 15979 98045 79622 22401 79333 66819 78120 80828 6067 23668 43607 41781 51094 81200 64150 62237 92222 36308 60245 104142 72617 93272 77919 64512 58297 96157 121026 42600 45469 21749 77747 40481 87646 28704 76337 65774 123739 73570 109529 15587 53241 76789 17996 84528 79950 59508 67320 99395 37093 40304 21868 119238
26307 108049 53158 24817 53375 14461 86991 73996 8668 90101 74215 58703 87121 55843 63401 34987 37162 69280 90733 54027 43226 104698 62479 107296 17770 26763 61898 27112 34897 67529 39808 51563 41165 25138 0 67214 7142 48289 39112 20296 35972 32204 48382 39287 18680 63136 66136 21554 78407 10831 80608 61655 15444 66742 57621 74459 61625 19079 9418 29539 18369 27564 71396 54346 53498 83072 13521 50441 94992 50345 84121 66031 54708 48493 87007 111221 44742 47418 25276 62140 16950 73400 29633 54262 53066 100213 68498 99724 11173 43437 61046 7142 69269 70949 38844 58170 81751 13593 21517 35534 95711
79238 96439 89493 77747 45999 71585 129810 66621 60140 81608 120069 103539 79746 97022 11112 84465 86870 4036 136587 38941 33816 151584 106616 96594 78864 77183 106734 77057 74200 111943 92803 88168 79668 77019 67214 0 66503 94797 89672 82163 88963 83974 98018 85995 78899 15291 104879 74492 124261 64176 125689 106604 56204 107905 95391 111514 107642 74063 59388 71501 71308 80559 61841 16438 90809 75697 65794 21223 87616 98734 76746 106490 16120 36736 79631 99611 78231 86740 79428 105294 69948 115620 94825 102614 93606 152562 106691 90470 67501 34027 104200 67364 112292 109595 85625 50794 127039 66543 69852 70763 148060
31843 107337 53847 30352 52663 8978 87975 73285 8709 89389 76821 60291 86409 56209 62689 40523 42711 68568 93339 53315 42514 108336 64067 106584 23328 21939 63486 21629 34205 69117 45357 52252 40473 19655 7142 66503 0 51464 44661 25853 41520 37750 53931 39977 13855 62424 66501 27098 81013 5348 82441 63356 14732 67108 57654 73768 64394 13597 8709 28848 23914 33113 70684 53634 53072 82360 18400 49729 94280 54805 83410 66397 53996 47781 86295 110509 45431 48107 25206 63243 22499 73785 30322 58722 53148 105762 68863 99013 5690 42725 62149 2309 70373 71314 42020 57458 83791 19141 23138 30079 101260
27519 104211 89776 25883 53144 58180 45100 75450 43454 71846 30626 16812 72009 14040 87057 17667 25980 95098 46662 74535 62631 58329 20588 103443 51243 71094 20008 70735 24047 25638 38202 88181 17705 68692 48289 94797 51464 0 30989 54906 32610 25630 14743 81695 63011 88671 24332 30324 34818 54529 37019 18885 47928 24939 15820 34450 17624 62778 45184 26733 33494 35600 73772 80429 11928 76945 37040 75008 69050 3976 79109 24228 80296 69007 76075 107383 87149 85749 72458 20249 40077 31509 67205 7893 11273 92690 27930 89852 54892 60945 19155 51464 27379 29145 10390 57167 38162 38275 30594 79281 73011
12978 110695 63954 14468 49021 51976 68147 71327 36664 87533 51381 42508 84451 43962 82934 17236 5101 90974 63539 70411 58507 77189 46863 109941 27076 64283 45426 64627 24503 48579 9455 62359 30294 62634 39112 89672 44661 30989 0 30798 5065 8616 17881 58435 56200 84548 52933 19325 57169 48349 59369 43030 41852 53540 45742 62823 39893 56595 38990 20722 22508 14534 69649 75558 42079 80402 28027 70860 92322 29462 81452 52828 76172 64883 84337 113867 63669 59927 62054 47808 22291 57973 41383 30520 41195 66485 56731 99508 48690 56821 45447 44661 53756 57746 27324 53043 60513 27260 23969 73054 61983
29610 122998 37857 34936 67460 27708 93967 88082 24210 104288 77202 68328 101206 68005 77812 41053 30938 84229 90265 68976 58175 103009 72683 122245 6084 38266 71246 39445 48090 74399 29575 36262 54100 38180 20296 82163 25853 54906 30798 0 27798 29677 43718 31024 31003 78084 78267 30266 82989 29542 85190 68851 30967 78874 69785 87688 65714 32317 24961 42761 27154 22684 86041 68818 65893 97157 24836 64852 109077 53491 98206 78162 69657 63442 101092 126170 36251 32906 35387 73628 15713 83793 15062 54812 65238 91493 81667 114135 29880 58385 71267 25851 79577 83080 51130 72255 86333 22655 34922 46405 86992
9847 112077 62395 12941 50403 48836 69768 72709 33524 88916 53003 44129 85833 45573 83887 18847 6723 91028 65120 71794 59889 77800 48484 111324 24135 61143 47047 61487 25895 50200 7912 60800 31905 59498 35972 88963 41520 32610 5065 27798 0 7097 19502 55295 53060 84884 54554 16189 58790 45209 60991 44652 38712 55161 47353 64436 41515 53455 35849 20772 19369 11394 71031 75250 43690 81784 24887 70634 93704 31083 82834 54450 76456 66265 85719 115249 60529 58368 58914 49429 19151 59594 39824 32142 42806 65855 58353 100890 45550 58203 47068 41520 55378 59367 28935 54425 62134 24120 20834 69914 61353
5945 104996 64547 7434 43322 45052 65769 65628 29752 81835 49004 40042 78753 38729 77235 11777 6664 85275 64840 64713 52808 76506 44397 104243 26014 57372 42961 57649 18814 46114 13378 62952 24824 55640 32204 83974 37750 25630 8616 29677 7097 0 17884 56466 49289 78849 49021 12293 54792 41425 56992 40565 34863 49628 40509 58447 37428 49671 32060 13691 15480 12966 63950 69859 36617 74704 20995 65162 86623 24215 75753 48917 70474 59185 78638 108168 61920 60520 55146 44849 17192 55508 41976 26527 35962 71330 52422 93810 41766 51122 42981 37750 51291 53834 21854 47345 58136 20235 16935 66143 66829
22246 117921 78587 23722 56365 61246 53429 78671 45934 85611 36664 27790 85774 28136 90278 13937 14747 98318 50082 77756 65851 62471 32145 117153 40055 73553 30709 73898 27277 33861 25724 76992 20966 71883 48382 98018 53931 14743 17881 43718 19502 17884 0 70836 65470 91892 38097 28593 42451 57620 44652 28313 51116 38704 29916 48215 25176 65865 48260 29949 31776 27313 76993 83650 26470 87747 37297 78229 82815 13216 88796 37993 83517 72228 89366 121093 76290 74561 71324 33090 31562 43256 56016 14274 25579 81148 41695 103617 57961 64165 30729 53931 39039 42910 12409 60388 45795 36531 33232 82325 75942
56399 147313 14092 61040 92639 34918 120756 113260 47946 129365 103990 94801 126385 94383 97107 67842 58435 84630 117762 93291 82490 129798 99172 146560 34132 20604 97736 33016 74175 101188 57515 12497 80421 37339 39287 85995 39977 81695 58435 31024 55295 56466 70836 0 28674 98035 104651 56184 109778 43665 111979 95323 54707 105258 96163 113738 92502 35449 48684 68818 53008 49472 110660 93610 92270 122336 50546 89705 134255 80280 123385 104547 93972 87757 126270 150485 7971 8177 17493 100101 42502 110582 20101 81601 91616 119534 107752 138988 39008 82700 97740 39123 106365 109464 77508 97434 113122 48224 60795 26867 115033
43390 119734 42589 41899 65059 7316 100375 85681 21108 101785 89129 72690 98805 68608 75085 52070 54250 80964 105647 65711 54910 120289 76466 118980 34593 9560 75886 8441 46604 81517 56896 40994 52872 9833 18680 78899 13855 63011 56200 31003 53060 49289 65470 28674 0 74820 78901 38639 93321 16085 94840 75755 27126 79507 70052 86166 76347 7800 21108 41247 35453 44652 83080 66030 65470 94756 29947 62125 106676 66352 95806 78796 66392 60177 98691 122905 33808 36805 12829 75642 34038 86185 21412 70269 65546 117301 81262 111409 11411 55121 74549 13002 82772 83714 53567 69854 96190 30680 35466 16882 112799
75159 81857 101533 73668 39874 67507 124145 56573 56062 70993 113943 97413 69798 91357 20335 78339 80745 15141 130461 23696 27639 145458 100951 82673 74785 82909 100609 74932 68535 106240 88724 100208 74003 72940 63136 15291 62424 88671 84548 78084 84884 78849 91892 98035 74820 0 99215 70413 118135 60097 119563 100478 52125 102240 89726 105918 101517 69984 55309 65375 67229 76480 51241 16553 85144 66006 61715 21321 77926 92608 67056 100826 11578 26032 70464 85029 90271 98780 87628 99629 65869 109956 90746 96488 87941 148139 101095 78978 63422 27849 98536 63285 106627 103931 79500 44669 120913 62464 65774 82803 143638
49161 80732 113136 46067 63687 71961 28440 61324 60078 48367 21576 11438 48530 13622 97600 39194 48967 105641 36283 85078 73174 53737 7146 79964 74604 86990 10908 78350 32978 11915 60146 111541 27506 76308 66136 104879 66501 24332 52933 78267 54554 49021 38097 104651 78901 99215 0 48530 24690 63516 24650 10908 55543 6515 12078 11056 14053 73405 59764 38332 51700 58991 67057 90765 16841 53466 54891 85551 45570 27618 55630 4403 90839 79550 52596 83904 110105 109109 90649 7146 63468 14250 90565 23823 15828 93012 8000 66373 67877 71488 7930 67363 11709 5720 28324 67710 25999 56480 45684 92254 68419
6357 104211 65135 5625 42537 34401 69297 64843 19087 81050 55771 41010 77967 38237 69314 15795 17373 76558 72289 61305 50480 85246 44786 103458 26603 46722 44205 46999 18054 49836 20034 63540 24284 44965 21554 74492 27098 30324 19325 30266 16189 12293 28593 56184 38639 70413 48530 0 59963 30773 62164 43962 24195 49136 40017 57632 43931 39020 21408 12690 5532 10959 63165 60677 36125 73919 10313 56710 85838 31638 74968 48425 61986 55770 77853 107383 61639 61109 44496 44446 15431 55706 42564 35266 35471 80431 51650 93024 31116 50317 43353 27098 51576 53343 21363 46559 63307 10313 6268 55493 75929
56726 103571 117858 55090 82608 87643 13018 84163 73764 71205 5800 21697 71369 30879 116521 46874 53689 124561 14366 103999 92094 51702 20820 102803 79326 101404 17624 99319 52949 14304 62214 116263 46607 97277 78407 124261 81013 34818 57169 82989 58790 54792 42451 109778 93321 118135 24690 59963 0 83447 4241 20037 76512 20172 33470 27948 19889 91696 74648 56141 63150 64761 89896 109893 38148 76304 67159 104471 68409 34111 78469 20869 109760 98470 75435 106743 115232 113832 102848 20820 69239 12643 95287 29732 33594 90978 30478 89212 84356 90408 22963 81774 16003 21982 40700 86630 5384 67906 60196 108745 66385
35519 105011 57535 34028 49682 8772 88665 70304 11709 86510 79257 62727 83428 55658 60363 44184 46400 66242 95773 50989 40187 110793 65471 104257 27017 24174 65923 17956 32836 70798 49046 55940 38304 15979 10831 64176 5348 54529 48349 29542 45209 41425 57620 43665 16085 60097 63516 30773 83447 0 84875 65792 11055 66541 54027 70141 66837 11250 9378 30225 27589 36802 68357 51307 49445 79379 22075 47402 91299 58453 80429 65127 51670 45454 83314 108183 49119 51795 28894 64149 26182 74475 34010 62346 52461 109451 65327 96686 4687 40398 63055 4551 71147 68232 45344 54477 86225 22817 26135 29065 104949
58927 103331 120059 57291 84036 89071 9657 83923 75965 70966 8001 23898 71129 32307 117949 49075 55890 125989 14767 105427 93522 53903 22969 102563 81527 102929 19825 100088 54377 16505 64415 118464 48035 98045 80608 125689 82441 37019 59369 85190 60991 56992 44652 111979 94840 119563 24650 62164 4241 84875 0 22237 77281 20274 34239 27690 22090 93124 76076 57569 65351 66962 89656 111321 38916 76065 69359 105899 68169 36311 78229 20971 111188 99898 75195 106503 117433 116033 105049 22969 71439 11926 97488 31932 35022 93179 30220 88972 85784 91836 24218 83303 16820 21742 42901 88058 3268 70107 61624 110173 68585
40794 90806 103720 39158 64951 69986 29760 71397 56820 58440 15845 4040 58604 13225 98864 30942 39551 106904 32363 86342 74437 47873 3849 90037 65188 83844 2413 81665 35294 8463 50072 102125 28952 79622 61655 106604 63356 18885 43030 68851 44652 40565 28313 95323 75755 100478 10908 43962 20037 65792 22237 0 58858 11342 15816 20985 4634 74041 56991 38486 47132 50534 77130 92236 20493 63539 50407 86814 55644 18885 65704 10631 92103 80813 62669 93977 100778 99693 86096 5339 55012 16731 81149 14382 15937 87148 18491 76446 66699 72751 5339 64218 12469 15582 23756 68973 23381 51913 42539 91088 62555
28941 97039 66874 27450 41710 19813 81071 62331 8370 78538 72323 55793 75456 47686 52390 37583 39902 58269 88838 43016 32215 104020 58440 96285 28342 35215 58988 25890 24864 63863 42548 65279 30332 22401 15444 56204 14732 47928 41852 30967 38712 34863 51116 54707 27126 52125 55543 24195 76512 11055 77281 58858 0 58569 46055 62169 60064 20945 7617 22843 21012 30304 60385 43335 41473 71407 15529 39430 83327 51852 72456 57154 43697 37482 75342 100210 60162 62423 39936 56982 19679 66882 44303 55573 45010 102953 57355 88714 15729 32426 56025 15594 63763 60259 38744 46505 78631 16278 19534 40106 98451
49768 86367 113743 46674 66713 72683 24064 66959 60685 54002 17299 11871 54165 14344 100626 39801 49574 108666 31907 88104 76199 51421 7507 85599 75211 87596 11342 81376 36003 7639 60529 112148 30072 79333 66742 107905 67108 24939 53540 78874 55161 49628 38704 105258 79507 102240 6515 49136 20172 66541 20274 11342 58569 0 15527 12501 14487 75161 60485 39606 52306 59597 72692 93791 20204 59101 55498 88577 51205 28225 61265 2114 93865 82576 58231 89539 110712 109716 91256 7507 64075 9874 91172 24430 18659 90697 13913 72008 68599 74513 8364 67970 6611 7000 28931 70736 21624 57087 46291 92976 66104
40649 90546 104654 37555 54199 62739 38030 71138 51289 58181 29281 12751 58344 4644 88112 30682 40641 96152 45796 75590 63685 61290 15398 89778 66122 78141 15946 68862 23489 20822 53376 103059 18017 66819 57621 95391 57654 15820 45742 69785 47353 40509 29916 96163 70052 89726 12078 40017 33470 54027 34239 15816 46055 15527 0 20774 17360 63916 50541 28843 43187 50478 74332 81277 7680 63280 46376 76062 55384 19106 65444 14112 81351 70061 62410 93718 101617 100628 82134 13941 54956 23840 82083 16121 6520 100566 14089 76187 58654 61999 12983 58515 20722 15725 19812 58221 35589 47968 36850 83032 75973
58294 85148 122557 55177 70391 78853 30975 65740 67403 52783 25178 21515 52946 23562 104304 49312 58880 112344 39323 91781 79877 61229 17151 84380 84025 94255 20985 84446 40857 18723 70028 120962 35878 78120 74459 111514 73768 34450 62823 87688 64436 58447 48215 113738 86166 105918 11056 57632 27948 70141 27690 20985 62169 12501 20774 0 24130 80031 66655 44957 60793 68393 71473 97400 25530 57882 63228 92254 49986 37736 60046 10387 97542 86253 57012 88320 119192 118530 98971 17151 72859 16785 99986 33941 25777 100505 9732 70789 74769 78191 18007 74630 17260 8187 38442 74413 28711 65574 52971 99146 75911
39823 93951 100583 39127 65990 71025 30867 74542 56789 61585 15356 5585 61749 14731 99903 30911 36414 107943 31192 87380 75476 43966 6994 93182 62051 84430 5558 82871 36339 10610 46935 98988 29997 80828 61625 107642 64394 17624 39893 65714 41515 37428 25176 92502 76347 101517 14053 43931 19889 66837 22090 4634 60064 14487 17360 24130 0 75086 58030 39531 47101 47397 80275 93274 21699 66684 50376 87853 58789 16747 68849 13776 93141 81852 65814 97122 97956 96556 86065 8484 51875 19876 78012 11245 17074 83241 20525 79591 67737 73790 7369 64800 15614 18727 23726 70012 23233 51882 43577 92127 58648
43768 114898 49319 42277 59571 4619 96915 80193 19958 96400 87506 70976 93318 65390 70250 52433 54645 76129 104022 60876 50075 119042 73720 114145 35259 15889 74172 8035 41768 79047 57291 47724 48036 6067 19079 74063 13597 62778 56595 32317 53455 49671 65865 35449 7800 69984 73405 39020 91696 11250 93124 74041 20945 75161 63916 80031 75086 0 17628 38475 35835 45047 78245 61195 59335 89269 30324 57290 101188 66702 90318 74450 61557 55342 93203 118070 40904 43580 20620 72398 34427 82725 26656 70595 60710 117696 75217 106573 9525 50286 71305 11938 79396 78121 53594 64367 94474 31062 34384 20773 113194
26154 100223 60967 24663 45548 15150 81611 66170 2344 82274 70456 53926 79294 49844 55575 34830 37040 61454 86974 46200 35399 101971 57702 99469 22435 29197 57122 25660 27093 62753 39686 59372 33361 23668 9418 59388 8709 45184 38990 24961 35849 32060 48260 48684 21108 55309 59764 21408 74648 9378 76076 56991 7617 60485 50541 66655 58030 17628 0 22483 18224 27442 63569 46519 45959 75246 12710 42614 87165 49109 76295 59774 46881 40666 79180 103395 54138 56399 33913 56878 16817 67421 38396 53001 46035 100091 61751 91898 11065 35610 55785 9571 64008 64486 36000 50343 77426 13452 16774 35443 95589
13350 91522 77630 10234 29848 35478 61360 52154 22483 68360 51951 35422 65278 29835 63761 16395 18758 71801 68467 51238 39334 83488 38165 90768 39098 49336 38617 45650 6213 43492 26866 76035 12482 43607 29539 71501 28848 26733 20722 42761 20772 13691 29949 68818 41247 65375 38332 12690 56141 30225 57569 38486 22843 39606 28843 44957 39531 38475 22483 0 15860 23461 50476 57132 24261 61229 18303 51711 73149 30668 62279 38895 57000 45710 65164 94694 74272 73604 54051 36843 27932 47170 55059 34550 25156 85013 40143 80335 31912 37648 35750 29710 43841 43048 17559 33870 58919 20641 8031 56290 80511
9544 107381 62023 8795 45707 31216 72467 68013 15903 84220 58958 44180 81137 41408 66130 18965 20556 73374 75476 58121 47296 88433 47956 106628 23491 43536 47375 43813 21224 53006 23212 60428 27454 41781 18369 71308 23914 33494 22508 27154 19369 15480 31776 53008 35453 67229 51700 5532 63150 27589 65351 47132 21012 52306 43187 60793 47101 35835 18224 15860 0 10962 66335 57493 39295 77089 7127 53526 89008 34825 78138 51595 58802 52586 81023 110553 58462 57996 41310 47616 12255 58876 39452 38453 38641 83610 54820 96194 27930 47195 46523 23914 54746 56513 24533 49729 66494 7127 7836 52308 79109
10303 114965 57553 15629 53291 40428 75739 75597 25116 91803 58974 50012 88721 48698 75488 21747 14534 82625 73860 67372 56570 86298 54367 114211 19021 52735 52930 53080 28784 56083 15236 55958 34794 51094 27564 80559 33113 35600 14534 22684 11394 12966 27313 49472 44652 76480 58991 10959 64761 36802 66962 50534 30304 59597 50478 68393 47397 45047 27442 23461 10962 0 73918 66850 46586 84672 16480 62883 96592 34184 85722 58886 68053 61837 88607 118137 54927 53526 50506 54819 10744 65477 34982 36496 45932 75635 62391 103778 37143 56470 52951 33113 61260 63804 31824 57313 68105 15713 15620 61507 71133
63825 42971 121273 60710 23987 75767 93447 5834 64322 22032 87045 77660 18959 76458 57203 63440 65845 62090 101289 31309 32776 119959 73368 42218 82740 91169 77130 83192 53636 78138 77296 119678 59104 81200 71396 61841 70684 73772 69649 86041 71031 63950 76993 110660 83080 51241 67057 63165 89896 68357 89656 77130 60385 72692 74332 71473 80275 78245 63569 50476 66335 73918 0 50265 70245 14910 66950 45154 26830 77709 15960 70578 47289 28152 19722 46143 116114 117246 95889 73368 71792 79257 98702 81589 73042 133240 66396 33264 71682 31090 74152 71546 77886 68403 64600 28782 91006 68387 58503 96060 128739
65422 86503 102370 63931 31631 58717 115696 52253 47272 68460 105701 89171 65377 82907 11378 70096 72502 19650 122218 28227 22149 137216 92502 85894 65519 74119 92366 66142 60086 97829 79100 100782 65554 64150 54346 16438 53634 80429 75558 68818 75250 69859 83650 93610 66030 16553 90765 60677 109893 51307 111321 92236 43335 93791 81277 97400 93274 61195 46519 57132 57493 66850 50265 0 76695 61328 51979 6471 73248 84366 62378 92376 5085 25538 65263 89675 93727 97870 78839 91179 56132 101506 81480 88246 79492 138447 92577 78633 54632 22360 90086 54496 98177 95481 71257 36426 112671 52728 56037 79010 133946
36757 95303 100762 33662 49617 58157 42707 71923 46707 62937 33958 17428 63101 9321 83530 26789 36978 91570 50474 71008 59103 65656 20076 94535 62230 73559 20624 64280 18907 25499 49955 99167 13436 62237 53498 90809 53072 11928 42079 65893 43690 36617 26470 92270 65470 85144 16841 36125 38148 49445 38916 20493 41473 20204 7680 25530 21699 59335 45959 24261 39295 46586 70245 76695 0 68036 42254 71481 60141 15213 70201 18790 76769 65480 67167 98475 97724 96735 78011 18618 51064 28517 78191 17349 6645 102589 18846 80944 54072 57417 17660 53934 25399 20486 15919 53640 40266 44076 32268 78450 80338
