NAME : NYC-100-1
COMMENT : OSM drive network, customers at real shops (shop=* POIs), depot (40.7549, -73.984), seed 1
TYPE : VRPSPD
DIMENSION : 101
CAPACITY : 150
EDGE_WEIGHT_TYPE : EXPLICIT
EDGE_WEIGHT_FORMAT : FULL_MATRIX
EDGE_WEIGHT_SECTION
0 15067 34104 39196 57344 5945 7506 14064 11932 73956 52281 38184 50857 24563 37895 79407 7113 63236 11134 16447 23565 28941 37636 95841 17018 45043 32518 37895 76166 57054 9488 47649 90198 71047 62255 15072 80891 46008 79930 45680 103441 53516 58927 65840 86151 76870 43768 24932 49880 63449 82589 14234 39297 35448 85641 50749 49715 61853 31364 25960 23930 47579 81871 75388 20776 39530 12236 26650 43659 21760 37887 60656 63445 57333 20418 8669 25947 57846 73430 12668 82871 46963 70228 65606 33022 68529 44287 38869 52785 53490 4363 80342 95904 11006 32857 56142 43241 19019 39034 21233 37220
15067 0 49151 46510 52540 20995 22556 20615 23746 88996 58839 23238 57375 9514 45198 81618 19662 48187 5539 23008 30152 13954 44948 96523 12246 29993 17469 45198 78376 42005 18343 58538 105245 86087 57480 27011 83102 57931 82140 55073 118481 38466 70866 68050 71105 79081 28718 39458 58654 71411 67543 21553 48395 42422 100688 58063 57029 56000 46302 41009 11216 57005 96918 77599 5727 34726 23871 38275 50973 36806 33082 67970 57334 69272 27003 18343 21173 42796 59846 19987 85081 41183 70993 56723 43420 70740 51601 46183 61278 60804 19413 82553 97650 11856 47904 51367 38466 3967 54081 27829 49576
34104 49151 0 24909 78901 28169 28169 39278 26758 66842 37274 72127 36793 58471 26872 86982 29637 97109 45226 37638 28954 62885 24746 102829 40829 78932 66422 26872 84372 90943 30809 28128 67826 69751 83761 24820 79842 25755 83567 27337 117443 87390 38399 90761 114919 84981 77649 11911 30360 43391 110561 29917 20690 26437 63269 34772 33156 84934 14545 13572 57872 28831 59499 89594 54755 61084 26758 18906 26924 12360 59462 44679 86526 36805 32899 32434 48540 91735 104623 31490 77982 71884 95109 90528 16203 92475 30468 25979 34030 37503 29751 88411 100984 44994 3340 77648 64747 53103 16807 29003 17668
39196 46510 24909 0 96036 39056 37467 29291 29229 64293 14726 60234 13974 48581 11001 64563 45417 85608 43336 27371 17423 50996 6830 80411 55323 71323 56536 11001 61954 81078 29708 15018 65277 67202 100946 28032 57423 14683 61149 11553 136244 75865 28363 75217 104622 62563 66117 17461 13398 25965 100264 26986 5706 14373 60720 12515 11481 100140 13858 33619 55380 12661 56950 67176 47719 78222 30678 18846 5425 23548 76578 22422 101498 26769 22900 30542 64639 81870 104102 28595 55563 61587 73803 80231 11372 70827 7864 5301 16245 15256 40614 65993 78566 35719 26201 94833 81932 48224 16113 20961 8730
57344 52540 78901 96036 0 58992 58992 71157 66851 117433 109402 51754 107950 53852 94758 128956 53904 28808 53298 73540 80443 57613 94500 142050 41659 30728 45230 94758 126395 28237 66612 102128 142040 114523 8939 70730 131120 99755 130057 100931 146917 29665 112924 115078 90042 127099 38355 79547 104360 117917 94446 71339 94284 92261 136081 107589 106555 8535 84989 68039 44576 102831 133713 124937 50854 21351 66851 83520 100031 74768 23021 117496 9998 111330 77305 65793 32155 27177 28224 69785 133039 88693 117116 101915 86647 118759 101151 95733 108029 110329 57412 129071 143418 62626 76106 8217 18688 51322 90876 78130 90845
5945 20995 28169 39056 58992 0 3513 14177 9841 71859 52422 44113 51011 30483 37755 79533 8374 69135 17069 16561 23458 34863 37496 95966 18279 50942 38425 37755 76291 62953 9601 46108 86561 68949 63902 13719 81016 43735 80055 44912 101343 59418 56992 65965 90123 76995 49671 22537 48340 61985 85764 14336 38264 35321 82004 50609 49575 63501 28969 20027 29827 46811 78234 75513 26698 41178 9841 26510 43519 19289 39534 60516 65093 55399 20321 8782 27595 63745 79327 12781 82996 47088 70353 65732 30627 68655 44147 38729 52010 53349 5095 80467 96029 16935 26922 57790 44888 24949 35397 21126 34825
7506 22556 28169 37467 58992 3513 0 12821 8252 71859 51030 45668 49644 32044 36165 78177 8374 70696 18630 15192 21869 36418 35907 94611 18279 52503 39986 36165 74935 64514 8231 44519 86214 68949 63902 12130 79661 42146 78700 43322 101343 60980 55403 64610 88768 75640 51232 20948 46751 60396 84409 12747 36675 33732 81657 49020 47986 63501 27380 20027 31389 45222 77887 74158 28259 41178 8252 24921 41929 17775 39534 58927 65093 53809 18732 7413 27595 65306 80888 11411 81641 45733 68998 64376 29038 67299 42558 37140 50420 51760 5095 79112 94674 18497 26922 57790 44888 26510 35050 19537 33236
14064 20615 39278 29291 71157 14177 12821 0 13968 83335 40871 32901 38392 21621 26695 66918 20956 58004 18187 4724 11868 23664 26697 83351 30861 44420 29576 26695 63676 54118 8585 42624 92388 80425 76098 17233 68402 42289 67440 39158 112819 48262 55196 53350 77508 64381 38514 27367 42254 54294 73150 9463 32481 23429 87831 40551 39810 75000 32121 31288 30223 41090 84061 62899 21479 53343 14093 26613 33754 27025 51699 50463 76331 54375 8719 8585 39791 54909 78196 7910 70381 34473 57738 53117 28950 56040 33361 28964 44822 43296 15735 67853 83414 8759 38031 69985 57084 22323 42523 10287 34844
11932 23746 26758 29229 66851 9841 8252 13968 0 77835 42791 46821 42040 33240 27927 79022 16620 71909 19946 12332 13630 37583 27669 95455 26525 53722 41195 27927 75780 65734 5529 39124 82853 75540 71761 5335 80506 37484 79545 37155 107934 62181 50402 65455 89613 76485 52433 17586 41356 54124 85254 4508 30773 25497 78296 40781 39747 71360 24018 18753 32610 39055 74526 75003 29456 49037 1457 18126 33691 14414 47393 50688 72952 48809 10493 7154 35454 66525 82110 6085 82322 46578 69843 65221 24723 68144 34320 28902 43991 43522 11399 79957 95518 19681 25512 65649 52747 27699 31688 11299 29875
73956 88996 66842 64293 117433 71859 71859 83335 77835 0 71542 112082 72047 98381 74338 117704 69342 137015 85064 85390 80586 102821 70166 133552 80534 118822 106320 74338 115095 130833 78429 53645 31124 2909 120969 78560 110564 52380 114290 54993 89896 127305 64216 128358 159282 115704 117564 67021 56387 69209 154923 82321 59607 77710 24070 62881 59224 124639 62262 75490 97704 55913 22797 120317 94587 99616 77835 72543 61112 69768 97994 71423 126231 62622 85013 77611 87640 131625 144328 81609 108704 116247 126944 134890 63920 123967 71041 69001 59989 65612 71199 119134 131707 84943 68398 114815 101913 92956 52489 81892 57409
52281 58839 37274 14726 109402 52422 51030 40871 42791 71542 0 62044 2899 60159 17158 53828 58783 93031 56421 37125 30560 57355 17130 69676 68688 83649 68177 15580 51219 92640 42860 21543 72526 74451 114312 41595 46688 21539 50414 18642 149352 84929 30220 64482 112369 51828 73617 31023 18392 27575 108010 39979 18814 21995 67969 10082 15640 113207 27421 46727 68458 19026 64199 56441 60047 91588 44240 32409 14347 37111 89944 16654 114564 31085 34839 43693 78004 94196 116429 41324 44828 69334 63068 85843 24935 60091 8906 16877 18927 12245 53980 55258 67831 48053 38831 108199 95298 60552 26589 34098 21793
38184 23238 72127 60234 51754 44113 45668 32901 46821 112082 62044 0 59157 13724 52285 85498 42740 32048 28700 34592 44060 9308 53778 98158 31574 23779 8276 52285 82283 31793 41446 74608 124555 109173 58500 50086 87008 74273 86047 71143 141566 24806 86518 71186 72406 82987 13551 60217 72285 83873 69906 42312 64589 49018 119998 66448 69534 54109 64811 64090 14428 72155 116228 81479 18505 34329 46946 59478 64004 59877 35951 74604 55024 86357 39282 41452 29814 33357 56666 40758 88988 45089 73224 58023 61639 74646 58153 56923 74400 69193 42531 85612 99797 28778 70880 54424 41640 19290 75213 43148 67051
50857 57375 36793 13974 107950 51011 49644 38392 42040 72047 2899 59157 0 57627 16406 56727 57776 90408 54957 34524 29018 54733 16378 72575 67662 81174 65645 14828 54117 90108 41485 22048 73031 74956 112896 40843 49587 22044 53313 19147 148395 82307 31945 67381 109755 54727 70994 30272 18990 29299 105396 39227 18062 21243 68474 10681 16239 111755 26669 45975 66983 19531 64704 59340 58235 90136 43489 31657 14347 36359 88492 16697 113087 32792 33297 42295 76588 91664 114952 40572 47727 66720 65966 85364 24183 62990 8154 16125 20575 13441 52569 58157 70730 45534 38349 106783 93882 59080 26291 32919 21086
24563 9514 58471 48581 53852 30483 32044 21621 33240 98381 60159 13724 57627 0 45942 77802 29046 38700 15048 24014 31158 6025 45985 90462 17854 25933 10960 45942 75241 35423 27840 61914 111678 95472 60209 36505 79966 61579 78903 58449 127866 28957 74486 63490 64710 75946 19209 46645 61545 73584 62210 28741 51771 42675 107121 59839 59100 56518 51411 50394 11762 60381 103351 73783 4781 36038 33365 45897 53044 46289 34394 69750 57846 73665 28009 27840 23902 36423 59711 27172 81885 37540 65528 50327 48240 67605 52607 48254 64112 62584 28901 77917 92101 15184 57224 54097 41195 5567 61813 29577 54134
37895 45198 26872 11001 94758 37755 36165 26695 27927 74338 17158 52285 16406 45942 0 67372 44532 78723 42034 22749 15586 43047 4545 83220 54437 69489 53960 3052 64763 78422 28407 25375 75322 77247 99675 26730 60232 25040 63958 21910 135837 70622 37285 73834 97992 65372 59309 16159 23052 34640 93634 25685 15358 6424 70765 17215 20301 98862 15737 33871 54078 22922 66995 69985 46407 76944 29376 17545 14771 22647 75300 27068 100196 37124 20311 29240 63368 79978 102789 27293 58372 54957 75793 73601 12566 73636 8252 7690 25167 19960 39313 68802 81375 33842 26823 93562 80661 46912 26122 19487 17820
79407 81618 86982 64563 128956 79533 78177 66918 79022 117704 53828 85498 56727 77802 67372 0 86311 111885 83518 66738 76919 76210 67344 19390 90108 101349 85820 65794 18103 110283 73651 67705 118688 120613 134630 82287 18249 67701 5056 64804 178176 103784 77088 17332 83544 19376 92471 81062 64603 74443 81315 74514 68651 72209 114131 56293 61851 131939 77459 95849 87184 65188 110361 4019 79149 111142 79147 82447 61585 87150 109498 63643 133266 77935 72808 73670 98323 111839 134297 72963 14656 42639 15143 42630 74973 20247 59120 67092 65719 59036 81091 1430 17709 74086 88538 128518 115616 79417 75007 75337 71623
7113 19662 29637 45417 53904 8374 8374 20956 16620 69342 58783 42740 57776 29046 44532 86311 0 67680 15729 23339 30236 33485 44044 102745 13431 49486 36984 44532 83069 61497 16380 51510 91422 66433 58814 20491 87795 49137 86834 50313 98827 57969 62306 72744 90644 83774 48228 29303 53742 67298 87188 21115 43665 42087 86865 56970 55936 58653 34370 21354 28369 52212 83095 82292 25251 36090 16620 33276 49413 24150 34446 66877 60245 60712 27100 15561 22507 62289 76553 19560 89775 53867 77132 72510 36028 75433 50695 45277 57411 59711 6793 87246 102808 15607 28390 52701 39800 23614 40258 27905 40226
63236 48187 97109 85608 28808 69135 70696 58004 71909 137015 93031 32048 90408 38700 78723 111885 67680 0 53712 60370 69162 38759 80216 124545 56488 18233 30740 78723 108670 7806 66513 100044 149830 134106 26803 75174 113395 99709 112434 96579 166500 11173 112614 97574 71902 109375 22448 85309 98013 109969 76307 67401 89963 75456 145273 92886 95484 22219 90085 89028 39320 97591 141503 107866 43444 39504 72034 84580 89644 84949 43620 102791 23011 111793 64384 66513 52998 8385 24626 65830 115375 71476 99611 84410 86914 101034 85388 83361 100496 95631 67553 112000 126184 53874 95862 34167 40380 44229 100488 68251 92326
11134 5539 45226 43336 53298 17069 18630 18187 19946 85064 56421 28700 54957 15048 42034 83518 15729 53712 0 20570 27695 19448 41775 99952 12975 35519 23002 42034 80276 47530 15163 55358 101320 82155 58208 23086 85002 54022 84041 51893 114549 43996 66940 69951 76636 80981 34248 35532 55474 68231 73074 18373 45215 39549 96763 54888 53854 56864 42485 37077 14403 53825 92993 79499 11261 35484 20691 34664 47798 32881 33840 64795 58456 65347 24546 15163 21901 48322 63903 16807 86982 46714 74264 62253 40240 72640 48427 43008 58098 57629 15487 84453 100014 9437 43979 52096 39194 9503 50156 25372 46397
16447 23008 37638 27371 73540 16561 15192 4724 12332 85390 37125 34592 34524 24014 22749 66738 23339 60370 20570 0 10228 25355 23505 83171 33244 46813 31969 22749 63496 56511 6960 40984 90748 82481 78481 15597 68221 40649 67260 37519 114874 50628 53556 53170 77328 64200 40880 25728 39776 51731 72969 7824 30841 19483 86191 36912 37247 77390 30481 29737 32606 39354 82421 62718 23872 55726 12457 24977 31407 25388 54082 46817 78722 52735 6147 7793 42174 57303 80590 6273 70201 34293 57558 52936 27310 55859 29415 26643 42259 39657 18119 67672 83234 11152 36392 72369 59467 24717 40884 8647 33204
23565 30152 28954 17423 80443 23458 21869 11868 13630 80586 30560 44060 29018 31158 15586 76919 30236 69162 27695 10228 0 34822 15579 93352 40142 53957 39113 15586 73677 63655 14077 31785 81570 83495 85378 12434 73884 31450 77101 28320 121551 59420 44357 63351 87509 74381 49672 17044 30386 42426 83150 10932 21642 12319 77013 28976 27942 84515 21781 21100 39731 29928 73243 72899 31016 62629 15087 16299 21886 16731 60986 38883 85846 43536 5477 14911 49071 64446 87733 12541 72024 44474 67739 63118 18610 66041 22220 17096 32954 31717 25016 77853 93415 18296 27708 79266 66364 31860 32183 3901 24005
28941 13954 62885 50996 57613 34863 36418 23664 37583 102821 57355 9308 54733 6025 43047 76210 33485 38759 19448 25355 34822 0 44540 88869 22294 29571 14043 43047 72994 38504 32208 65370 115317 99912 63946 40848 77719 65035 76758 61905 132306 30657 77281 61898 63117 73699 19345 50979 63047 74635 60617 33075 55352 39781 110760 57210 60296 60162 55573 54833 15407 62917 106990 72190 9221 40108 37708 50240 54766 50639 38834 67115 61489 77119 30044 32210 28342 40060 63354 31521 79699 35801 63935 48734 52402 65358 49713 47686 65163 59955 33281 76324 90508 19534 61638 58536 45635 10006 65975 33910 57813
37636 44948 24746 6830 94500 37496 35907 26697 27669 70166 17130 53778 16378 45985 4545 67344 44044 80216 41775 23505 15579 44540 0 83192 53949 69532 54003 4545 64735 78466 28148 21266 71150 73075 99417 26472 60204 20931 63930 17801 135349 72000 33836 75327 99486 65344 60802 15900 19235 31190 95127 25426 11418 7917 66593 15713 16706 98604 13108 33145 53820 18813 62823 69957 46157 76686 29117 17286 10866 22133 75042 25625 99938 33015 20305 28982 63109 80022 102539 27035 58344 56451 76583 75094 9937 73607 8224 6102 21718 18458 39054 68774 81347 33872 25911 93304 80403 46661 21950 19401 13880
95841 96523 102829 80411 142050 95966 94611 83351 95455 133552 69676 98158 72575 90462 83220 19390 102745 124545 99952 83171 93352 88869 83192 0 105012 114009 98480 81642 35478 122943 90084 83553 134536 136461 147708 98720 35553 83548 24354 80652 194609 116444 92936 31841 94448 36751 105131 96910 80451 90291 96521 90947 84499 88057 129979 72141 77699 144598 93307 112010 99843 81036 126209 21394 92297 124340 95580 98295 77432 102998 122696 79491 145926 93783 89241 90104 111530 124498 145201 89396 31567 59072 27566 51172 90821 37478 74968 82939 81567 74884 97524 17961 2994 90519 104386 141724 128823 92751 90855 91770 87471
17018 12246 40829 55323 41659 18279 18279 30861 26525 80534 68688 31574 67662 17854 54437 90108 13431 56488 12975 33244 40142 22294 53949 105012 0 38295 25793 54437 86866 50306 26285 61415 101327 77625 46569 30396 91591 59042 90630 60218 110018 46778 72211 76540 79476 87571 37037 39208 63647 77203 76033 31020 53571 51973 96770 66875 65841 46167 44275 32546 17177 62117 93000 86089 14060 23844 26525 43181 59318 34055 22201 76782 47759 70617 37005 25466 10261 51098 65361 29465 93571 49673 79483 65094 45933 79230 60600 55182 67316 69616 16698 91043 106140 22333 39582 40456 27555 12447 50163 37810 50131
45043 29993 78932 71323 30728 50942 52503 44420 53722 118822 83649 23779 81174 25933 69489 101349 49486 18233 35519 46813 53957 29571 69532 114009 38295 0 17191 69489 98788 12040 48319 84655 133238 115912 37323 56987 103513 84049 102450 81190 148306 8504 97175 87037 87108 99493 10244 67131 84286 96326 85757 49223 74512 66222 128681 82876 81842 32956 72971 70834 21127 83122 124911 97330 25250 22753 53847 66967 75785 66755 26869 92783 33748 95581 50808 48319 36246 12831 35395 47651 105432 61087 89075 73874 69800 91152 76127 70996 86853 85616 49360 101464 115648 37119 77685 33399 24570 26036 82490 52375 75694
32518 17469 66422 56536 45230 38425 39986 29576 41195 106320 68177 8276 65645 10960 53960 85820 36984 30740 23002 31969 39113 14043 54003 98480 25793 17191 0 53960 83259 26889 35795 69869 119633 103410 51976 44460 87984 69533 86921 66403 135804 20998 82441 71508 72728 83963 11250 54600 69499 81539 70228 36696 59726 50693 115076 67857 67055 47778 59366 58332 8626 68335 111306 81801 12736 27724 41320 53852 60999 54232 29346 77768 49106 81620 35964 35795 24017 27681 50971 35126 89902 45557 73546 58345 56195 75622 60625 56209 72066 70602 36843 85934 100119 23138 65175 47857 35036 13521 69768 37531 62089
37895 45198 26872 11001 94758 37755 36165 26695 27927 74338 15580 52285 14828 45942 3052 65794 44532 78723 42034 22749 15586 43047 4545 81642 54437 69489 53960 0 63185 78422 28407 25375 75322 77247 99675 26730 58654 25040 62380 21910 135837 70622 37285 73834 97992 63794 59309 16159 23052 34640 93634 25685 15358 6424 70765 15828 20301 98862 15737 33871 54078 22922 66995 68407 46407 76944 29376 17545 14771 22647 75300 25488 100196 37124 20311 29240 63368 79978 102789 27293 56794 54957 75034 73601 12566 72057 6674 7690 25167 18588 39313 67224 79797 33842 26823 93562 80661 46912 26122 19487 17820
76166 78376 84372 61954 126395 76291 74935 63676 75780 115095 51219 82283 54117 75241 64763 18103 83069 108670 80276 63496 73677 72994 64735 35478 86866 98788 83259 63185 0 107721 70409 65095 116079 118004 131388 79045 6043 65091 13072 62195 174934 100568 74479 15460 82432 4387 89256 78452 61993 71833 78073 71272 66042 69600 111522 53684 59242 129377 74850 92423 84622 62578 107752 14982 75907 108581 75905 79838 58975 84540 106937 61034 130705 75325 69566 70429 95081 109277 132569 69721 8196 39397 18303 44132 72364 11069 56511 64482 63109 56427 77849 19530 35051 70844 85928 125276 112374 76758 72397 72095 69014
57054 42005 90943 81078 28237 62953 64514 54118 65734 130833 92640 31793 90108 35423 78422 110283 61497 7806 47530 56511 63655 38504 78466 122943 50306 12040 26889 78422 107721 0 60331 94410 144175 127924 28607 68999 112447 94075 111383 90945 160318 9450 106983 95971 76681 108426 19171 79142 94041 106081 81086 61234 84267 75156 139618 92319 91597 24023 83908 82846 33138 92877 135848 106264 37262 33322 65858 78394 85540 78766 37437 102231 24815 106161 60506 60331 46816 3141 26452 59662 114365 70020 98008 82808 80737 100085 85088 80751 96608 95065 61371 110397 124581 47680 89696 30908 34197 38047 94310 62073 86630
9488 18343 30809 29708 66612 9601 8231 8585 5529 78429 42860 41446 41485 27840 28407 73651 16380 66513 15163 6960 14077 32208 28148 90084 26285 48319 35795 28407 70409 60331 0 41245 86903 75520 71522 8669 75134 39605 74173 38266 107914 56792 52524 60083 84241 71114 47044 21115 41847 54604 79883 4746 31588 25973 82346 41261 40227 70462 28068 22808 27207 40198 78576 69632 24053 48798 6985 20247 34171 18464 47154 51168 72054 50930 10930 2370 35215 61122 76707 3180 77114 41206 64471 59850 26613 62773 34799 29381 44471 44002 11159 74586 90147 14277 29562 65409 52508 22296 35739 11745 32479
47649 58538 28128 15018 102128 46108 44519 42624 39124 53645 21543 74608 22048 61914 25375 67705 51510 100044 55358 40984 31785 65370 21266 83553 61415 84655 69869 25375 65095 94410 41245 0 54629 56554 107038 39131 60565 3816 64291 5824 139148 90302 13996 78359 118265 65705 80554 25740 4279 18395 113906 39009 13747 28747 50072 12207 7115 106637 21024 37709 67402 3892 46302 70318 60805 84314 39124 29642 11353 30226 82670 20023 108229 12402 36233 42565 70731 95202 116212 40618 58705 75230 76944 93873 21202 73968 21766 19737 7880 14611 47666 69135 81708 49051 29685 100926 88024 60333 13775 34294 15103
90198 105245 67826 65277 142040 86561 86214 92388 82853 31124 72526 124555 73031 111678 75322 118688 91422 149830 101320 90748 81570 115317 71150 134536 101327 133238 119633 75322 116079 144175 86903 54629 0 34033 146713 80914 111548 53364 115274 55977 117060 140087 65200 129342 168029 116688 130339 68005 57371 70193 163670 86011 60591 78694 15590 63865 60208 146549 63246 77407 114080 56897 11182 121301 109388 124226 82853 73527 62096 70752 122583 72407 148141 63606 85997 88528 110643 144966 163579 87584 109688 124994 127928 143638 64904 124951 72025 69985 60973 66596 88143 120118 132691 98816 69382 140558 127657 108047 53473 82876 58393
71047 86087 69751 67202 114523 68949 68949 80425 75540 2909 74451 109173 74956 95472 77247 120613 66433 134106 82155 82481 83495 99912 73075 136461 77625 115912 103410 77247 118004 127924 75520 56554 34033 0 118060 78560 113473 55289 117199 57902 86987 124396 67125 129734 156372 118613 114655 69930 59296 72118 152014 80036 62516 80619 26979 65790 62133 121730 65171 74188 94795 58823 25706 123226 91678 96707 75540 75453 64021 72678 95085 74332 123321 65531 85170 74702 84731 128715 141419 78700 111613 113337 129853 131981 66829 126877 73950 71910 62898 68521 68289 122043 134616 82034 71307 111905 99004 90047 55398 82832 60318
62255 57480 83761 100946 8939 63902 63902 76098 71761 120969 114312 58500 112896 60209 99675 134630 58814 26803 58208 78481 85378 63946 99417 147708 46569 37323 51976 99675 131388 28607 71522 107038 146713 118060 0 75640 136114 104665 135153 105842 150454 36261 117834 120737 87985 132093 45101 84457 109270 122827 92389 76256 99194 97206 139972 112499 111465 6529 89899 72900 50895 107741 138386 130611 56524 27881 71761 88431 104942 79678 27881 122406 7863 116240 82241 70703 37016 25478 26167 74702 138094 94195 122774 107573 91557 123752 106068 100650 112940 115240 62322 134754 149101 67566 80966 8819 21670 56954 95786 83047 95755
15072 27011 24820 28032 70730 13719 12130 17233 5335 78560 41595 50086 40843 36505 26730 82287 20491 75174 23086 15597 12434 40848 26472 98720 30396 56987 44460 26730 79045 68999 8669 39131 80914 78560 75640 0 83771 36846 82810 36589 111797 65446 50103 68720 92878 79750 55698 15647 40170 52927 88519 7777 29912 24300 76357 39585 38551 75239 22080 16815 35875 38521 72587 78268 32721 52916 5335 18133 32494 12475 51272 49492 76830 48509 10869 10294 39333 69790 85375 9350 82633 49843 73108 68486 23737 71409 33123 27705 42795 42325 15278 83222 98783 22946 23573 69527 56626 30964 29750 10102 27936
80891 83102 79842 57423 131120 81016 79661 68402 80506 110564 46688 87008 49587 79966 60232 18249 87795 113395 85002 68221 73884 77719 60204 35553 91591 103513 87984 58654 6043 112447 75134 60565 111548 113473 136114 83771 0 60560 13218 57664 179659 105294 69948 19308 87157 6649 93981 73922 57463 67303 82799 75998 61511 65069 106991 49153 54711 134103 70319 89424 89348 58048 103221 15655 80632 113306 80631 75307 54444 80010 111662 56503 135430 70795 74292 75154 99807 114003 137295 74447 4235 44122 22024 47980 67833 14918 51980 59951 58579 51896 82574 19676 33996 75569 81398 130001 117100 81483 67867 76088 64483
46008 57931 25755 14683 99755 43735 42146 42289 37484 52380 21539 74273 22044 61579 25040 67701 49137 99709 54022 40649 31450 65035 20931 83548 59042 84049 69533 25040 65091 94075 39605 3816 53364 55289 104665 36846 60560 0 64286 4839 136775 89967 15226 78354 117930 65700 80219 23551 4605 19232 113571 38403 10745 28412 48807 12205 7442 104264 18651 35337 66796 3890 45037 70313 60199 81941 37484 27453 11345 27854 80297 20406 105856 13632 35898 41230 68358 94867 115605 40011 58700 74895 76940 93538 18787 73964 21431 19402 8274 14696 45293 69130 81703 48716 27312 98553 85651 59726 11403 33687 12674
79930 82140 83567 61149 130057 80055 78700 67440 79545 114290 50414 86047 53313 78903 63958 5056 86834 112434 84041 67260 77101 76758 63930 24354 90630 102450 86921 62380 13072 111383 74173 64291 115274 117199 135153 82810 13218 64286 0 61390 178698 104333 73674 18236 84925 14345 93020 77647 61189 71028 81837 75036 65237 68795 110717 52879 58437 133039 74045 93150 88284 61773 106947 7422 79671 112243 79670 79033 58170 83735 110599 60229 134366 74521 73331 74193 98845 112939 135678 73485 9887 43161 16523 44010 71559 15786 55706 63677 62304 55622 81613 6486 22672 74608 85123 129040 116139 80518 71592 75860 68209
45680 55073 27337 11553 100931 44912 43322 39158 37155 54993 18642 71143 19147 58449 21910 64804 50313 96579 51893 37519 28320 61905 17801 80652 60218 81190 66403 21910 62195 90945 38266 5824 55977 57902 105842 36589 57664 4839 61390 0 138437 86837 18392 75458 114800 62804 77089 23772 5146 20027 110441 35544 10674 25282 51420 9683 7207 105440 19243 37177 63937 1932 47650 67417 57340 83117 37155 27404 8256 29030 81474 19590 107032 16798 32767 39099 69534 91737 112746 37152 55804 71765 74043 90408 18875 71067 18301 16272 8815 12414 46470 66234 78807 45586 28894 99729 86827 56867 13574 30829 12909
103441 118481 117443 136244 146917 101343 101343 112819 107934 89896 149352 141566 148395 127866 135837 178176 98827 166500 114549 114874 121551 132306 135349 194609 110018 148306 135804 135837 174934 160318 107914 139148 117060 86987 150454 111797 179659 136775 178698 138437 0 156789 149865 164608 188766 175638 147049 120516 141380 154858 184407 112429 133350 133415 110006 145871 144175 154123 125583 106581 127189 139850 108733 174156 124071 129101 107934 124582 139584 115446 127478 155778 155715 148271 118415 107096 117125 161109 173812 111094 181639 145731 168996 164375 127241 167298 141789 136582 145049 148602 100683 179110 194672 114428 114648 144299 131398 122440 129942 119220 129911
53516 38466 87390 75865 29665 59418 60980 48262 62181 127305 84929 24806 82307 28957 70622 103784 57969 11173 43996 50628 59420 30657 72000 116444 46778 8504 20998 70622 100568 9450 56792 90302 140087 124396 36261 65446 105294 89967 104333 86837 156789 0 102872 89472 80573 101273 12706 75577 88271 100226 84978 57673 80220 67355 135530 84784 85742 31884 80343 79317 29609 87849 131760 99765 33730 31242 62306 74838 79902 75225 35358 94690 32676 102051 54642 56792 44734 11014 34321 56105 107274 63375 91509 76309 77172 92932 77287 75138 90754 87530 57837 103898 118082 44132 86143 32336 33058 34515 90745 58508 82584
58927 70866 38399 28363 112924 56992 55403 55196 50402 64216 30220 86518 31945 74486 37285 77088 62306 112614 66940 53556 44357 77281 33836 92936 72211 97175 82441 37285 74479 106983 52524 13996 65200 67125 117834 50103 69948 15226 73674 18392 149865 102872 0 87742 130837 75088 93124 37019 17362 5584 126478 51341 25158 40657 60643 21972 17130 117433 32302 48040 79730 17855 56873 79701 73325 95110 50402 40920 24218 41110 93466 19591 119025 4848 48805 54149 81527 107774 128539 52945 68088 87802 86328 106445 32480 83352 32253 32307 16102 19207 58550 78518 91091 61624 39955 111722 98820 72660 24357 46813 26382
65840 68050 90761 75217 115078 65965 64610 53350 65455 128358 64482 71186 67381 63490 73834 17332 72744 97574 69951 53170 63351 61898 75327 31841 76540 87037 71508 73834 15460 95971 60083 78359 129342 129734 120737 68720 19308 78354 18236 75458 164608 89472 87742 0 68451 17652 78159 78850 75257 85097 67747 60946 79305 70568 124785 66947 72505 117627 83604 82776 72872 75842 121015 13313 65316 97315 65579 78099 72238 78511 95671 74297 118954 88589 59241 60103 84505 97527 119204 59395 21026 29071 5484 30310 80433 8963 69774 77593 76372 69690 67523 17853 32933 60518 89514 114699 101798 65590 85661 61769 82277
86151 71105 114919 104622 90042 90123 88768 77508 89613 159282 112369 72406 109755 64710 97992 83544 90644 71902 76636 77328 87509 63117 99486 94448 79476 87108 72728 97992 82432 76681 84241 118265 168029 156372 87985 92878 87157 117930 84925 114800 188766 80573 130837 68451 0 83137 79379 103009 117028 128983 16771 85104 108122 94726 163472 112155 114499 81714 107762 106935 74091 116605 159702 79525 66545 98588 89738 102257 108659 102669 96944 122061 80135 130016 83399 84261 85777 77246 62185 83553 87907 43035 70488 46418 104591 74796 104658 102631 119511 114901 90499 83177 96087 76766 113672 96079 103071 67330 118164 85928 110485
76870 79081 84981 62563 127099 76995 75640 64381 76485 115704 51828 82987 54727 75946 65372 19376 83774 109375 80981 64200 74381 73699 65344 36751 87571 99493 83963 63794 4387 108426 71114 65705 116688 118613 132093 79750 6649 65700 14345 62804 175638 101273 75088 17652 83137 0 89960 79062 62603 72443 78778 71977 66651 70209 112131 54293 59851 130082 75459 93734 85327 63188 108361 16255 76612 109285 76610 80447 59584 85149 107642 61643 131409 75935 70271 71133 95786 109982 133274 70426 8806 40102 20496 45966 72973 12872 57120 65091 63718 57036 78553 20803 36324 71549 86538 125981 113079 77462 73006 72800 69623
43768 28718 77649 66117 38355 49671 51232 38514 52433 117564 73617 13551 70994 19209 59309 92471 48228 22448 34248 40880 49672 19345 60802 105131 37037 10244 11250 59309 89256 19171 47044 80554 130339 114655 45101 55698 93981 80219 93020 77089 147049 12706 93124 78159 79379 89960 0 65829 78523 90478 76879 47925 70473 56042 125782 73472 75994 40904 70595 69577 19874 78101 122012 88452 23985 24930 52558 65090 70154 65477 26553 83377 42170 92303 44894 47044 35259 20734 44032 46357 95961 52062 80197 64996 67424 81619 65974 63947 81006 76217 48089 92586 106770 34384 76403 40982 28162 24771 80997 48760 72836
24932 39458 11911 17461 79547 22537 20948 27367 17586 67021 31023 60217 30272 46645 16159 81062 29303 85309 35532 25728 17044 50979 15900 96910 39208 67131 54600 16159 78452 79142 21115 25740 68005 69930 84457 15647 73922 23551 77647 23772 120516 75577 37019 78850 103009 79062 65829 0 27972 41541 98650 20204 16838 14526 63448 29013 27979 84056 9171 17891 48322 25671 59678 83675 43281 61733 17586 6995 21923 6655 60089 38920 85648 35425 20988 22741 48150 79933 97403 21797 72062 59974 83239 78617 8822 81540 22552 17133 30877 31754 24095 82491 95064 33083 10664 78345 65443 41524 16841 17093 15022
49880 58654 30360 13398 104360 48340 46751 42254 41356 56387 18392 72285 18990 61545 23052 64603 53742 98013 55474 39776 30386 63047 19235 80451 63647 84286 69499 23052 61993 94041 41847 4279 57371 59296 109270 40170 57463 4605 61189 5146 141380 88271 17362 75257 117028 62603 78523 27972 0 14921 112669 39125 14975 26424 52814 8318 2837 108869 23256 39942 67518 4672 49044 67216 60683 86546 41356 30984 8775 32459 84902 15801 110461 16385 35863 42680 72963 94833 116327 40733 55603 73993 73842 92636 23008 70866 19298 17706 3669 10473 49898 66033 78605 48682 31917 103158 90256 60448 16008 33925 17190
63449 71411 43391 25965 117917 61985 60396 54294 54124 69209 27575 83873 29299 73584 34640 74443 67298 109969 68231 51731 42426 74635 31190 90291 77203 96326 81539 34640 71833 106081 54604 18395 70193 72118 122827 52927 67303 19232 71028 20027 154858 100226 5584 85097 128983 72443 90478 41541 14921 0 124624 51882 29201 38012 65636 19326 14484 122425 37037 53033 80275 19299 61866 77056 72722 100103 54924 43741 22102 46103 98459 14051 124017 9618 47903 55437 86519 106872 129084 53490 65443 85948 83682 104592 36162 80706 29607 29662 13457 16562 63543 75872 88445 60722 44947 116714 103813 73205 29349 45964 31116
82589 67543 110561 100264 94446 85764 84409 73150 85254 154923 108010 69906 105396 62210 93634 81315 87188 76307 73074 72969 83150 60617 95127 96521 76033 85757 70228 93634 78073 81086 79883 113906 163670 152014 92389 88519 82799 113571 81837 110441 184407 84978 126478 67747 16771 78778 76879 98650 112669 124624 0 80746 103763 90367 159113 107797 110140 86118 103404 102576 71591 112247 155344 77296 63825 95550 85379 97899 104300 98310 93906 117702 84540 125657 79040 79902 82739 81650 66589 79195 84778 40603 71577 49130 100232 70437 100299 98272 115152 110542 86937 82250 97614 73204 109314 100483 100033 63825 113806 81569 106126
14234 21553 29917 26986 71339 14336 12747 9463 4508 82321 39979 42312 39227 28741 25685 74514 21115 67401 18373 7824 10932 33075 25426 90947 31020 49223 36696 25685 71272 61234 4746 39009 86011 80036 76256 7777 75998 38403 75036 35544 112429 57673 51341 60946 85104 71977 47925 20204 39125 51882 80746 0 28866 23248 81454 38539 37505 75201 27065 21918 30417 37476 77684 70495 25366 53525 5965 19037 31449 17572 51881 48446 76535 49747 7785 5579 39949 62026 79488 3892 77977 42069 65334 60713 24154 63636 32078 26659 41749 41280 15894 75449 91010 15175 28670 70144 57242 23609 34847 8600 30047
39297 48395 20690 5706 94284 38264 36675 32481 30773 59607 18814 64589 18062 51771 15358 68651 43665 89963 45215 30841 21642 55352 11418 84499 53571 74512 59726 15358 66042 84267 31588 13747 60591 62516 99194 29912 61511 10745 65237 10674 133350 80220 25158 79305 108122 66651 70473 16838 14975 29201 103763 28866 0 18729 56034 16603 15569 98793 12081 30529 57259 12606 52264 71264 50662 76470 30773 20175 9198 22382 74826 26510 100385 23564 26090 32422 62887 85059 106069 30475 59651 65087 77891 83730 11125 74915 12452 9889 17949 19343 39822 70081 82654 38908 22246 93082 80180 50190 11401 24151 5209
35448 42422 26437 14373 92261 35321 33732 23429 25497 77710 21995 49018 21243 42675 6424 72209 42087 75456 39549 19483 12319 39781 7917 88057 51973 66222 50693 6424 69600 75156 25973 28747 78694 80619 97206 24300 65069 28412 68795 25282 133415 67355 40657 70568 94726 70209 56042 14526 26424 38012 90367 23248 18729 0 74137 20586 23672 96365 18988 31460 51581 26293 70367 74822 43283 74447 26953 15310 18143 20408 72803 30492 97697 40496 17045 26807 60899 76712 100000 24857 63209 51691 74956 70334 15817 73257 13089 11062 28539 23332 36879 73639 86212 30576 25190 91094 78192 44127 29390 16220 21191
85641 100688 63269 60720 136081 82004 81657 87831 78296 24070 67969 119998 68474 107121 70765 114131 86865 145273 96763 86191 77013 110760 66593 129979 96770 128681 115076 70765 111522 139618 82346 50072 15590 26979 139972 76357 106991 48807 110717 51420 110006 135530 60643 124785 163472 112131 125782 63448 52814 65636 159113 81454 56034 74137 0 59308 55651 141992 58689 72850 109523 52340 4408 116744 104831 118265 78296 68970 57539 66195 116642 67850 143584 59049 81440 83971 106086 140409 159022 83027 105131 120437 123371 139081 60347 120394 67468 65428 56416 62039 83586 115561 128134 94259 64825 133817 120915 103490 48916 78319 53836
50749 58063 34772 12515 107589 50609 49020 40551 40781 62881 10082 66448 10681 59839 17215 56293 56970 92886 54888 36912 28976 57210 15713 72141 66875 82876 67857 15828 53684 92319 41261 12207 63865 65790 112499 39585 49153 12205 52879 9683 145871 84784 21972 66947 112155 54293 73472 29013 8318 19326 107797 38539 16603 20586 59308 0 5567 111693 25411 44516 66932 9683 55538 58906 59272 89775 42230 30399 9378 35101 88131 10166 113050 22715 34159 42095 76191 93422 115654 40148 47293 69120 65533 87764 22925 62557 10989 15289 10339 3000 52167 57723 70296 47272 36328 106386 93485 59777 21462 32514 19418
49715 57029 33156 11481 106555 49575 47986 39810 39747 59224 15640 69534 16239 59100 20301 61851 55936 95484 53854 37247 27942 60296 16706 77699 65841 81842 67055 20301 59242 91597 40227 7115 60208 62133 111465 38551 54711 7442 58437 7207 144175 85742 17130 72505 114499 59851 75994 27979 2837 14484 110140 37505 15569 23672 55651 5567 0 110659 24377 42737 65898 7189 51881 64464 58238 88741 41196 29365 8311 34067 87097 13945 112016 17860 33419 41061 75157 92388 114620 39114 52851 71464 71091 90107 21891 68115 16546 15177 5012 8138 51133 63281 75854 46238 34712 105352 92451 58743 18844 31480 18351
61853 56000 84934 100140 8535 63501 63501 75000 71360 124639 113207 54109 111755 56518 98862 131939 58653 22219 56864 77390 84515 60162 98604 144598 46167 32956 47778 98862 129377 24023 70462 106637 146549 121730 6529 75239 134103 104264 133039 105440 154123 31884 117433 117627 81714 130082 40904 84056 108869 122425 86118 75201 98793 96365 141992 111693 110659 0 89497 76555 47124 107339 138222 127919 53529 26348 71360 87625 104136 79277 30463 121600 1592 115839 81366 69643 39842 20894 19895 73635 136021 91676 119664 104463 91155 121741 105255 99837 112538 114434 61920 132053 146237 66249 83687 14571 27211 54314 95385 82200 95354
31364 46302 14545 13858 84989 28969 27380 32121 24018 62262 27421 64811 26669 51411 15737 77459 34370 90085 42485 30481 21781 55573 13108 93307 44275 72971 59366 15737 74850 83908 28068 21024 63246 65171 89899 22080 70319 18651 74045 19243 125583 80343 32302 83604 107762 75459 70595 9171 23256 37037 103404 27065 12081 18988 58689 25411 24377 89497 0 22958 55137 21142 54919 80072 49121 67175 24018 14237 17853 13087 65531 35318 91089 30708 25730 29694 53591 84699 104527 28642 68459 64727 86699 83371 4100 83722 19301 14341 26373 28151 30527 78889 91462 38549 15724 83786 70885 48648 12082 22610 8642
25960 41009 13572 33619 68039 20027 20027 31288 18753 75490 46727 64090 45975 50394 33871 95849 21354 89028 37077 29737 21100 54833 33145 112010 32546 70834 58332 33871 92423 82846 22808 37709 77407 74188 72900 16815 89424 35337 93150 37177 106581 79317 48040 82776 106935 93734 69577 17891 39942 53033 102576 21918 30529 31460 72850 44516 42737 76555 22958 0 49717 38412 69080 92325 46599 50223 18753 22422 36763 12838 48601 54423 78018 46447 25004 24320 38247 83637 96244 23491 87564 63900 87165 82543 24616 85466 39164 34378 43611 47257 21598 97279 110567 36951 10777 66787 53886 44964 26646 21125 27286
23930 11216 57872 55380 44576 29827 31389 30223 32610 97704 68458 14428 66983 11762 54078 87184 28369 39320 14403 32606 39731 15407 53820 99843 17177 21127 8626 54078 84622 33138 27207 67402 114080 94795 50895 35875 89348 66796 88284 63937 127189 29609 79730 72872 74091 85327 19874 48322 67518 80275 71591 30417 57259 51581 109523 66932 65898 47124 55137 49717 0 65869 105753 83164 8754 27063 32735 47139 59842 45641 25799 76839 48458 78136 36582 27207 15393 33930 50977 28851 91266 46921 74909 59709 52284 76986 60471 55053 70142 69673 28246 87298 101482 21476 56626 45588 32686 9539 62915 37416 58441
47579 57005 28831 12661 102831 46811 45222 41090 39055 55913 19026 72155 19531 60381 22922 65188 52212 97591 53825 39354 29928 62917 18813 81036 62117 83122 68335 22922 62578 92877 40198 3892 56897 58823 107741 38521 58048 3890 61773 1932 139850 87849 17855 75842 116605 63188 78101 25671 4672 19299 112247 37476 12606 26293 52340 9683 7189 107339 21142 38412 65869 0 48571 67800 59272 85017 39055 29336 8963 30929 83373 19590 108931 16261 34699 41031 71434 93669 114678 39084 56188 73570 74427 92214 20807 71451 19188 17284 8341 12414 48369 66617 79190 47518 30387 101628 88727 58800 14478 32761 14841
81871 96918 59499 56950 133713 78234 77887 84061 74526 22797 64199 116228 64704 103351 66995 110361 83095 141503 92993 82421 73243 106990 62823 126209 93000 124911 111306 66995 107752 135848 78576 46302 11182 25706 138386 72587 103221 45037 106947 47650 108733 131760 56873 121015 159702 108361 122012 59678 49044 61866 155344 77684 52264 70367 4408 55538 51881 138222 54919 69080 105753 48571 0 112974 101061 115899 74526 65200 53769 62425 114256 64080 139814 55279 77670 80201 102316 136639 155252 79257 101361 116667 119601 135311 56577 116625 63698 61658 52646 58269 79817 111791 124364 90489 61055 132231 119330 99720 45146 74550 50066
75388 77599 89594 67176 124937 75513 74158 62899 75003 120317 56441 81479 59340 73783 69985 4019 82292 107866 79499 62718 72899 72190 69957 21394 86089 97330 81801 68407 14982 106264 69632 70318 121301 123226 130611 78268 15655 70313 7422 67417 174156 99765 79701 13313 79525 16255 88452 83675 67216 77056 77296 70495 71264 74822 116744 58906 64464 127919 80072 92325 83164 67800 112974 0 75129 107123 75128 85060 64197 88059 105479 66256 129247 80548 68789 69651 94304 107819 130278 68944 12324 38619 11124 38611 77586 16342 61733 69704 68331 61649 77071 5447 21013 70067 91151 124498 111597 75398 77619 71318 74236
