NAME : PARIS-100-1
COMMENT : OSM drive network, depot (48.8566, 2.3522), seed 1
TYPE : VRPSPD
DIMENSION : 101
CAPACITY : 150
EDGE_WEIGHT_TYPE : EXPLICIT
EDGE_WEIGHT_FORMAT : FULL_MATRIX
EDGE_WEIGHT_SECTION
0 14343 44376 15039 55257 67222 63696 64985 40569 69137 66799 60954 18413 45386 41167 48669 62155 66443 73755 56195 67628 32127 16953 83673 54324 47094 54035 89153 43363 52987 26128 58816 65363 66739 82357 66624 62616 21549 47376 82430 58590 94744 43126 56102 44433 37545 45495 63753 62591 67666 53202 66138 60620 71127 37639 57074 60972 65409 53843 48478 78636 48316 58716 50683 21519 56494 57319 65284 64069 59990 66224 78264 90008 8877 36528 60540 77076 14724 59075 58045 58390 95216 55710 92831 51260 59225 82117 54806 65256 78228 69762 43850 45243 38147 72412 58219 58596 66102 67287 86032 64112
14343 0 50782 23172 64623 76783 53354 74599 45957 60390 76413 70319 26545 50773 50533 56802 71769 74576 70530 64328 72266 38192 23458 91806 58465 55226 62168 98748 51565 59393 18352 66949 70001 71376 91723 63399 69022 10575 56990 90563 45024 104339 31217 54049 35497 43464 40545 69141 67229 72304 62816 72543 57299 57561 43445 43508 47406 56953 58481 35846 86768 44995 66032 59834 27771 61132 62707 54073 73683 69355 71803 86396 93228 18491 46142 68672 86690 21228 67790 67659 67105 98436 51547 100964 60875 56470 88523 47324 62031 67886 61306 48736 54608 40057 82008 47009 55275 71489 72675 95397 69499
44376 50782 0 33354 79172 82806 70812 71823 79450 104698 78817 84869 33388 83262 61684 30054 75306 46278 35505 30711 106509 19775 34112 44870 9947 25275 30167 108430 33758 8611 63936 40817 104244 105620 105195 33592 18240 57914 61158 43627 81659 113404 75526 94983 43943 73471 32618 102183 101473 106547 66586 21761 36254 94196 75461 80143 82984 67658 92724 65410 39832 26369 16148 38316 28646 95376 96200 98382 76304 78234 97066 39460 128889 45845 54946 23555 89094 32832 42784 70085 42099 134097 37714 50706 55130 98106 37741 43525 32223 86099 69165 9047 63691 77028 87311 91317 37307 104531 105717 105643 102542
15039 23172 33354 0 56491 66188 66274 59977 50113 78227 64068 62187 3549 54926 41104 34466 60341 51579 66034 42051 77172 21104 10103 69529 43301 32890 39832 88119 28568 41964 35510 43952 74907 76283 83591 58903 51593 30794 44646 68286 64444 93710 51376 65646 42359 46166 39920 73297 72136 77210 50493 55115 55044 76982 47126 62929 66827 64113 63387 53893 64491 42740 45835 36837 10496 66039 66863 74232 61339 60246 73705 64119 99552 16508 35235 46395 74345 7218 44793 55336 44108 104760 50265 78686 46268 68769 70755 49442 57535 81730 68466 32827 45179 47691 71088 67167 53020 75646 76832 85215 73656
55257 64623 79172 56491 0 24143 114833 44101 40642 87744 30276 11881 55203 30694 21228 61501 21447 64151 114190 74412 72165 70768 64797 102485 87976 66673 72038 45147 52890 86639 59135 61821 60611 72832 27802 110729 95259 57787 27770 103759 102530 49273 75541 72267 94891 31349 93893 38471 57839 72206 21066 98766 108896 111726 34772 101015 105414 116001 59878 95899 100278 96205 87502 53056 64435 63957 51692 93199 23587 16010 27611 100010 98372 53203 28853 83736 37591 61912 59455 23912 58477 103580 104076 113284 42768 71995 111466 103724 109360 128227 120355 79170 23310 50953 30174 87833 106873 39538 43915 39460 40437
67222 76783 82806 66188 24143 0 126172 31905 58412 104330 10008 29135 64607 49858 27808 60925 11838 59855 117824 73809 85135 78569 75207 101607 91610 66186 71435 27815 52314 90274 72203 58870 73586 85801 29751 115911 98228 70855 27598 102909 115599 32494 88610 88713 105402 47795 102430 50053 70814 85175 18503 100157 116156 124794 51218 114083 118483 127155 77680 108967 99428 104474 88416 50316 73561 80447 67761 109634 11838 10583 39193 99159 113737 64542 36718 83498 17074 72322 56503 15847 55525 118945 112654 112407 38472 88477 111071 113094 114543 140474 131509 84416 26218 67399 8276 103458 115410 51120 55497 27042 52019
63696 53354 70812 66274 114833 126172 0 122214 94631 76530 125650 119915 69648 99447 100743 96314 121105 114717 68919 99677 107268 66712 62642 109169 70917 92382 98920 148103 94122 73706 64227 107078 111846 101117 141933 62656 80790 58839 106227 107926 37436 153694 60760 79419 28083 92138 41950 117814 109074 107447 112074 83401 48862 48721 92118 36180 36893 14501 100326 26746 104132 50583 81243 101531 67574 99462 104847 67137 122920 119565 120476 103760 112043 67845 95478 88650 135927 61897 107932 116917 107247 117251 39220 114183 108573 80169 100967 31833 61287 17755 19210 70122 104818 80735 131362 61315 46839 120163 121349 145198 118173
64985 74599 71823 59977 44101 31905 122214 0 73238 115583 22283 50602 57798 66155 35201 45759 26375 33058 104516 50079 107497 69516 68868 76413 78810 50988 49297 54878 41003 77474 78661 34255 98692 106892 59406 102603 80253 77313 27128 77932 118705 58700 95067 99966 99610 61259 93795 75567 95921 107537 23455 81073 106552 130445 64681 117189 121228 121364 92864 108734 74452 94418 70555 38107 66752 96648 89633 117225 27852 32736 64707 74183 130275 62305 41434 65212 30176 65984 34434 24093 33269 135483 104019 87212 19827 99731 87355 104976 101234 137669 125718 74360 32706 78652 32206 110161 106520 76633 80623 56996 77533
40569 45957 79450 50113 40642 58412 94631 73238 0 55783 64392 37468 53487 13374 41619 76351 55716 87258 109353 87313 44528 67201 54135 115912 89398 78249 84939 77344 67151 88061 35594 81433 36531 43638 57414 102223 97690 35792 52215 114951 78016 81144 47546 40350 77433 14567 81330 29612 33759 44566 50227 101212 98084 84090 11985 76500 80900 98888 28147 72358 111157 85780 93789 70938 56593 33394 27818 61282 57855 50984 32274 110784 67614 39794 42982 92363 71860 51250 80365 54957 79680 72823 93174 125352 67218 40034 117191 89259 100854 107598 103241 78924 44581 19037 64442 55917 96061 31960 33146 71331 29971
69137 60390 104698 78227 87744 104330 76530 115583 55783 0 109170 86465 81600 62397 83709 111857 100325 125836 124446 119383 38166 92108 78513 146861 112381 110281 117223 124250 104163 113309 48004 119858 49009 31504 104338 117315 122937 52992 93339 145618 45936 128049 35462 21348 82453 59123 93759 73663 50136 38918 94670 126459 108126 47275 57521 45023 49511 91031 38743 56920 141823 98220 119948 110397 82826 33317 47123 16157 102698 96903 78031 141451 39244 68361 83381 123727 116702 76283 118789 99401 118104 44452 97310 154883 107617 19389 142439 86905 115947 81021 95739 102652 87784 39931 109555 15497 106103 76012 77197 118236 74022
66799 76413 78817 64068 30276 10008 125650 22283 64392 109170 0 35678 62209 55991 29694 56608 11783 50937 113835 67386 92278 76171 73087 94291 87621 61869 65167 33106 47997 86285 73836 51736 80729 92944 37808 111922 94239 72488 23572 95811 117232 36927 90243 93553 103680 52700 100032 57196 77957 92318 14612 95840 113546 126427 56123 115716 120116 125434 83859 110548 92331 101413 84099 45999 71163 87519 74757 112401 12372 16716 46336 92062 120880 64119 36610 79181 10277 70202 50091 12893 48927 126088 110257 105091 32518 93318 105234 110697 110554 140298 129787 81354 27765 72240 9923 105336 113012 58263 62640 35099 59162
60954 70319 84869 62187 11881 29135 119915 50602 37468 86465 35678 0 60899 27438 27112 67198 28233 70461 119886 80109 66030 76465 70493 108795 93672 72369 77734 44338 58586 92336 62575 68132 54476 66696 25680 116426 100956 62748 33654 110070 105970 48137 78944 71912 100588 32677 99590 31738 51704 66070 27377 104462 114593 114989 33796 104454 108854 121698 54751 99339 106589 101902 93199 59367 70132 58299 45557 92844 29120 21543 20878 106320 92773 58899 34550 89432 42993 67609 65765 30222 64787 97981 109773 119594 49078 70963 117162 109420 115057 133188 126051 84867 29194 51642 34963 87479 112569 32805 37182 38324 33704
18413 26545 33388 3549 55203 64607 69648 57798 53487 81600 62209 60899 0 58300 39816 32287 58481 49401 66078 39940 80546 21138 12440 67418 43335 30712 37653 86831 26390 41998 38883 41774 78281 79656 82303 58947 51236 34168 42958 66175 67818 92422 54749 69020 45732 47405 40085 76670 75509 80583 48634 54920 55088 80355 50499 66302 70200 67486 66760 57266 62380 42784 43724 34659 10627 69412 70237 77605 59479 58958 73090 62008 102925 19793 33947 44284 72486 9555 42615 53476 41930 108134 50309 76575 44151 72142 69307 50749 57579 85103 71839 32861 43891 51064 69228 70540 53065 79019 80205 83927 77029
45386 50773 83262 54926 30694 49858 99447 66155 13374 62397 55991 27438 58300 0 36876 74532 47162 83646 114166 86011 49325 72014 58948 114610 93209 77074 83636 67315 65615 91872 40410 79403 39515 49819 47384 107036 100782 40608 46711 113931 83806 71114 55263 47598 82249 13811 86147 21896 36743 49365 43144 104466 102901 91808 9888 82290 86690 103705 33729 77174 110136 90597 93240 68752 61406 39859 30436 68530 49301 41725 24558 109764 74229 44610 40073 91343 63306 56063 77703 47874 76724 79437 97991 124332 63267 46648 118853 94076 105667 112446 108058 83253 38985 26754 55888 63164 100877 24245 25431 61301 22255
41167 50533 61684 41104 21228 27808 100743 35201 41619 83709 29694 27112 39816 36876 0 43055 22158 50534 96702 55966 75951 55381 50122 86275 70488 48227 53592 51683 34444 69151 45953 47540 70777 75062 46385 94166 77771 44605 12123 86510 89349 57274 62360 68136 80317 29826 78506 51663 68006 75989 15129 80569 93509 98544 33378 87833 92233 101912 61033 82717 82715 80818 70014 36839 49048 64817 62198 84518 24640 20381 41951 82343 98445 39113 11082 65539 39734 47237 45173 19925 44195 103653 88689 96408 29151 67900 93269 89049 92798 115045 106265 63294 4398 46822 33033 77453 91486 53295 56566 48332 53174
48669 56802 30054 34466 61501 60925 96314 45759 76351 111857 56608 67198 32287 74532 43055 0 53097 21990 62355 13281 109665 34463 41317 44697 36446 6450 10907 86222 9645 35109 69140 13863 105788 108775 85370 60442 38848 64424 40526 43454 97862 91195 85006 98138 68463 64186 58674 91227 103016 109702 44377 39668 65389 110400 68285 96347 100244 93198 95765 84689 39660 55504 28148 12353 37306 98531 97075 107862 54095 57241 81515 39288 132044 49884 39882 23009 66885 38423 15830 47876 15145 137253 66849 53855 28905 101261 50548 69923 59074 111739 95234 34124 44607 80183 65102 100797 66442 92859 96130 83762 92738
62155 71769 75306 60341 21447 11838 121105 26375 55716 100325 11783 28233 58481 47162 22158 53097 0 52026 110324 65981 88352 72444 69359 93779 84110 58357 63606 37912 44485 82773 67572 51041 76797 89018 38109 108411 90728 66223 19383 95080 110967 42082 83978 84708 99952 43790 96305 54015 74026 88392 10807 92328 110031 120163 47213 109452 113851 121706 75182 104336 91600 97901 80587 42488 67435 80386 68121 105329 3995 9822 43155 91331 114650 59475 31003 75669 21349 66474 48675 8018 47696 119858 106529 104578 30643 84472 103242 106969 107042 135407 126059 77842 20339 63394 15996 99071 109285 55082 59459 36039 55981
66443 74576 46278 51579 64151 59855 114717 33058 87258 125836 50937 70461 49401 83646 50534 21990 52026 0 76329 19110 121590 52866 59135 44223 50623 26431 18693 83510 23767 48447 85710 9030 116573 120700 84970 74416 50079 82133 43495 45743 115848 87331 102116 111859 86866 75093 77077 96929 113801 121628 43518 50899 81613 128386 79193 114333 118231 111601 106672 103092 42262 71728 40959 21304 55615 110456 107982 124274 53024 56381 86069 41993 144083 67658 50770 35616 58807 56241 10880 47017 12579 149292 83074 55022 21886 113539 55397 88074 73048 130142 113385 50349 48896 92461 60860 117210 82667 97996 101500 82903 98895
73755 70530 35505 66034 114190 117824 68919 104516 109353 124446 113835 119886 66078 114166 96702 62355 110324 76329 0 59885 136412 50089 62254 58152 27507 59282 59706 143448 68776 31423 85720 71144 134147 135523 140213 10387 31713 77662 96175 57436 86781 148422 95274 120312 51741 106271 41348 132537 131376 136450 101604 30487 23921 99003 106365 85638 88262 65278 122627 74923 54064 33296 39234 73333 58107 125278 126103 117020 111322 113252 132570 53692 156974 76460 90450 47200 124112 60923 76811 105103 76168 162182 36223 60342 90147 121740 47126 43602 9421 85687 65722 43268 98708 106072 122329 111065 24741 134886 136072 140661 132896
56195 64328 30711 42051 74412 73809 99677 50079 87313 119383 67386 80109 39940 86011 55966 13281 65981 19110 59885 0 118329 39416 47300 35509 34179 12273 2645 99105 22891 32263 76666 17222 116063 117439 98281 57972 34120 71950 53409 34267 102169 104079 91983 106802 72310 75665 61964 103314 113292 118366 57261 34940 65310 114706 79764 100653 104551 96523 104543 88996 30472 56375 24775 25264 43230 107195 108020 114839 66979 70124 94426 30100 140708 57624 52793 19432 75828 44815 22785 60760 22142 145916 66770 44667 37681 109925 41701 72720 56603 114964 98031 34995 57518 88847 77309 107774 66363 105227 108336 96646 104825
67628 72266 106509 77172 72165 85135 107268 107497 44528 38166 92278 66030 80546 49325 75951 109665 88352 121590 136412 118329 0 94260 81194 145806 116457 109227 116168 99608 101484 115120 58279 115766 13422 11423 79701 129282 124749 62101 86363 144564 77075 103407 62724 33411 103323 50488 108389 47627 16619 6343 85862 128271 125143 78415 48886 76162 80650 121769 18445 86504 140769 112839 120849 105270 83652 11418 22086 48161 89097 81640 52741 140397 36349 66853 77314 122673 99625 78309 114697 90052 114012 41558 119400 154964 101550 31703 144250 115149 127913 112160 126478 105983 80027 35066 91163 46235 123120 49976 51162 93594 47986
32127 38192 19775 21104 70768 78569 66712 69516 67201 92108 76171 76465 21138 72014 55381 34463 72444 52866 50089 39416 94260 0 21863 62671 29544 31629 38659 102397 32358 28386 51813 45226 91995 93370 97869 42958 38014 45324 56920 61428 69665 107988 62936 82734 38861 63183 29013 90385 89223 94298 62596 41536 41509 82202 64213 68149 72047 63596 80475 55294 57633 28864 34996 39679 16396 83126 83951 85792 73442 73592 88655 57261 116639 33595 48563 39568 86448 20583 46080 67439 45395 121848 38581 70356 54764 85857 57516 40195 41590 82136 65631 19248 58491 64778 83191 78727 40698 92733 93919 99492 90743
16953 23458 34112 10103 64797 75207 62642 68868 54135 78513 73087 70493 12440 58948 50122 41317 69359 59135 62254 47300 81194 21863 0 74778 44059 38915 46346 97137 36946 42723 35795 51508 78928 80304 91897 55124 52352 31080 53664 73535 60812 102729 50626 69667 38727 51052 34063 77318 76157 81231 59511 55873 49119 73350 51147 59297 63195 60481 67408 50260 69740 36815 48451 45057 10119 70060 70885 73482 70357 69264 79732 69368 103573 20529 44253 51644 83363 2894 52350 64354 51664 108782 44209 83387 55221 72770 71853 43374 53755 78097 64834 33586 54197 51712 80106 66417 47096 79667 80853 94233 77677
83673 91806 44870 69529 102485 101607 109169 76413 115912 146861 94291 108795 67418 114610 86275 44697 93779 44223 58152 35509 145806 62671 74778 0 40071 42394 35840 126864 53832 37343 104144 44908 143541 144917 126290 58350 31782 99428 83355 7706 124188 130686 118026 134280 84570 104264 73245 131913 140770 145844 85270 29178 67623 136410 108363 122932 124920 105677 132021 107192 9662 66996 31471 55573 70320 134672 135497 140882 94777 98134 124403 9394 168186 85113 83102 28423 102161 72292 49862 88769 49219 173394 74449 12009 64932 137403 16797 81423 56981 125059 106794 52950 87515 116325 104215 133818 68442 133826 136935 124655 133424
54324 58465 9947 43301 87976 91610 70917 78810 89398 112381 87621 93672 43335 93209 70488 36446 84110 50623 27507 34179 116457 29544 44059 40071 0 33373 34000 117234 42562 4047 73655 45438 114191 115567 113999 25594 11546 65597 69961 38828 86104 122208 83209 104280 45783 82871 34458 112130 111420 116494 75390 16060 34012 97738 85408 84847 85910 67763 102671 68405 35034 28171 11858 47119 38593 105323 106148 106065 85108 87038 106466 34662 138836 55792 64346 20307 97898 42779 51105 78889 50462 144045 35994 45553 63933 106870 32587 42376 24226 86205 69271 17777 72494 86975 96115 99000 35000 114479 115665 114447 112489
47094 55226 25275 32890 66673 66186 92382 50988 78249 110281 61869 72369 30712 77074 48227 6450 58357 26431 59282 12273 109227 31629 38915 42394 33373 0 11155 91482 15055 32036 67564 17747 106961 108337 90630 57369 36527 62848 45786 41151 94382 96455 83430 97700 64522 66601 54177 94378 104190 109264 49637 37365 60610 106919 70700 92866 96764 89228 95441 81208 37356 50725 25707 18027 34846 98093 98918 106286 59355 62501 86687 36984 131606 48308 44793 20706 72146 36430 21667 53136 20982 136815 62070 51551 35183 100823 48244 65425 56001 107670 90736 29346 49778 79745 70362 99221 61663 96291 99399 89022 95889
54035 62168 30167 39832 72038 71435 98920 49297 84939 117223 65167 77734 37653 83636 53592 10907 63606 18693 59706 2645 116168 38659 46346 35840 34000 11155 0 96731 20517 32594 74505 15041 113707 115278 95906 57793 34451 69790 51035 34598 101412 101704 90371 104642 71552 73290 61207 100940 110935 116206 54886 35271 65131 113949 77390 99896 103794 95766 102383 88238 30803 55617 25106 22890 42276 105034 105663 113227 64604 67750 92052 30431 138547 55250 50418 19763 74761 43789 20708 58385 20065 143756 66591 44998 35462 107765 42032 71963 56424 114207 97274 34238 55143 86686 75090 106163 66184 102853 105961 94271 102451
89153 98748 108430 88119 45147 27815 148103 54878 77344 124250 33106 44338 86831 67315 51683 86222 37912 83510 143448 99105 99608 102397 97137 126864 117234 91482 96731 0 77610 115898 94169 84045 88058 100274 26419 141065 123852 92820 51995 128335 137564 15885 110575 109847 127332 69693 125521 62606 85287 99648 43418 125453 140525 146759 73115 136048 140448 149086 92554 130933 124854 127834 113712 75612 96064 94681 81920 130779 37912 33902 52574 124585 128209 86473 58649 108794 27808 94253 82011 42295 81032 133418 135705 137664 63979 108897 136524 136064 139696 162405 153439 110157 50058 89297 25563 125355 138501 62701 68270 9737 64572
43363 51565 33758 28568 52890 52314 94122 41003 67151 104163 47997 58586 26390 65615 34444 9645 44485 23767 68776 22891 101484 32358 36946 53832 42562 15055 20517 77610 0 41225 63810 16140 96589 100594 76758 66863 48493 59187 31914 53099 92838 82583 79769 90186 66359 54987 56638 82615 93817 101522 35765 49313 69093 105375 59086 91322 95220 91006 86566 82158 49304 57084 37793 8525 33426 90350 87876 102601 45483 48629 72904 48932 123977 44578 30683 32654 58274 34052 16981 39264 16296 129186 66862 63499 26182 93309 60192 67819 65494 109634 93129 36457 35995 72231 56491 95537 69186 84247 87213 75150 84126
52987 59393 8611 41964 86639 90274 73706 77474 88061 113309 86285 92336 41998 91872 69151 35109 82773 48447 31423 32263 115120 28386 42723 37343 4047 32036 32594 115898 41225 0 72547 44102 112855 114230 112662 29510 11455 66525 68625 36100 88854 120871 84136 103594 48311 81534 36986 110793 110083 115158 74053 15755 36945 100489 84072 87598 88661 70552 101335 70933 32305 30737 8621 45783 37256 103986 104811 106992 83771 85702 105129 31933 137500 54455 63009 17202 96562 41443 49768 77552 49126 142708 38782 43180 62597 106717 30214 45164 28142 88993 72059 17657 71158 85638 94778 99928 37998 113142 114328 113110 111152
26128 18352 63936 35510 59135 72203 64227 78661 35594 48004 73836 62575 38883 40410 45953 69140 67572 85710 85720 76666 58279 51813 35795 104144 73655 67564 74505 94169 63810 72547 0 79287 56014 57390 84713 78589 82176 8187 55583 102901 47234 99760 21994 38895 49047 33101 55735 58777 53243 58317 59224 85697 72488 55925 33081 45718 50176 70503 44494 40660 99106 60185 79186 70271 40109 47146 49016 44151 70055 64776 61439 98734 78074 25352 43255 81010 83734 33566 78663 64067 77978 83283 65125 113301 67491 41704 101677 60874 77221 75932 74856 61890 50028 24903 77428 37087 70465 61126 62312 90818 59136
58816 66949 40817 43952 61821 58870 107078 34255 81433 119858 51736 68132 41774 79403 47540 13863 51041 9030 71144 17222 115766 45226 51508 44908 45438 17747 15041 84045 16140 44102 79287 0 110870 114876 83985 69231 47341 74571 40617 46428 108222 88528 95153 105881 79227 69268 69438 94600 108099 115803 42533 48161 76152 120759 73368 106706 110604 103962 100848 95452 42947 66267 37141 13771 47988 104632 102157 118009 52039 55396 83740 42678 138259 60031 44964 31799 60004 48614 6961 46032 6319 143467 77612 55707 22032 107714 54950 80687 67863 122502 105997 44887 45901 86636 61659 110944 77205 95666 99170 81918 96566
65363 70001 104244 74907 60611 73586 111846 98692 36531 49009 80729 54476 78281 39515 70777 105788 76797 116573 134147 116063 13422 91995 78928 143541 114191 106961 113707 88058 96589 112855 56014 110870 0 22435 68152 127017 122484 59835 79655 142298 85002 91857 61161 40854 101057 44306 106124 36078 3819 12918 75504 126005 122878 86341 41580 84088 88577 122513 22001 88279 138504 110574 118583 100375 81386 18923 10459 56604 77548 70091 41192 138131 48398 64587 72419 120408 88076 76044 109802 79026 109117 53606 117135 152699 96476 39119 141985 112884 125648 119889 126866 103718 74040 32801 79614 54162 120854 38427 39613 82045 36437
66739 71376 105620 76283 72832 85801 101117 106892 43638 31504 92944 66696 79656 49819 75062 108775 89018 120700 135523 117439 11423 93370 80304 144917 115567 108337 115278 100274 100594 114230 57390 114876 22435 0 80367 128392 123859 61211 85657 143674 71548 104073 57195 27882 102433 49598 107500 48293 24124 11602 85258 127381 124254 72888 47996 70635 75123 115618 17555 80976 139879 111950 119959 104381 82762 10528 22888 42570 89763 82306 53407 139507 30825 65963 76424 121783 100291 77420 113808 89988 113122 36034 118511 154074 100661 26174 143361 111493 127024 106306 120327 105093 79137 34177 91829 40084 122230 50642 51828 94260 48652
82357 91723 105195 83591 27802 29751 141933 59406 57414 104338 37808 25680 82303 47384 46385 85370 38109 84970 140213 98281 79701 97869 91897 126290 113999 90630 95906 26419 76758 112662 84713 83985 68152 80367 0 137829 120617 84887 50409 127565 128109 30218 99942 91703 121991 53742 120993 42082 65380 79741 41728 122972 135997 136486 53742 126593 130993 143102 72624 121477 124084 123306 112860 75220 91536 74751 61990 111013 38109 32256 32055 123815 108285 80303 54745 107942 38421 89012 81619 42073 80640 113493 131177 137090 63587 90753 135672 130824 136461 155327 147455 105629 48124 71433 31580 107269 133973 42177 47751 20406 44048
66624 63399 33592 58903 110729 115911 62656 102603 102223 117315 111922 116426 58947 107036 94166 60442 108411 74416 10387 57972 129282 42958 55124 58350 25594 57369 57793 141065 66863 29510 78589 69231 127017 128392 137829 0 30615 70531 94262 57176 80518 146509 88143 113182 45478 99140 34218 125406 124245 129319 99691 30309 17658 92740 99235 79375 81999 59015 115496 68314 53381 26165 37321 71420 50976 118148 118973 110757 109409 111339 127820 53009 149843 69329 88194 45287 122199 53792 74898 103190 74255 155052 29960 60540 88234 114610 47324 37339 1369 79424 59459 40497 96795 98941 120416 103934 18478 127755 128941 138277 125765
62616 69022 18240 51593 95259 98228 80790 80253 97690 122937 94239 100956 51236 100782 77771 38848 90728 50079 31713 34120 124749 38014 52352 31782 11546 36527 34451 123852 48493 11455 82176 47341 122484 123859 120617 30615 0 76153 76579 30539 95845 128826 93765 113223 57125 90154 45800 119573 119712 124787 82008 9538 39244 108067 93017 94589 97164 77298 110964 79747 26745 39551 13910 51202 46885 113615 114440 116621 91726 93656 113749 26373 147128 64084 71629 19571 104516 51072 52959 85507 52316 152337 46106 37619 67004 116346 24653 53402 29247 96716 78415 27286 79765 95267 102733 109557 40063 121770 123107 121065 119932
21549 10575 57914 30794 57787 70855 58839 77313 35792 52992 72488 62748 34168 40608 44605 64424 66223 82133 77662 71950 62101 45324 31080 99428 65597 62848 69790 92820 59187 66525 8187 74571 59835 61211 84887 70531 76153 0 54235 98185 48034 98411 26982 43883 41641 33299 47677 58975 57064 62138 57876 79675 64430 60075 33279 46518 50918 63097 48315 40803 94391 52127 73164 66695 35393 50967 52542 49139 68706 63427 61637 94018 83062 21549 41907 76294 82385 28850 75087 62718 74402 88271 57719 108099 66143 46692 95655 53468 69163 73371 67450 55868 48680 29891 76080 42075 62407 61324 62510 89469 59334
47376 56990 61158 44646 27770 27598 106227 27128 52215 93339 23572 33654 42958 46711 12123 40526 19383 43495 96175 53409 86363 56920 53664 83355 69961 45786 51035 51995 31914 68625 55583 40617 79655 85657 50409 94262 76579 54235 0 83980 98979 57031 71990 78731 84257 39774 80781 59519 76883 86403 9121 78935 94508 108174 43749 97463 101863 106011 71629 91125 80185 82826 68016 29916 51912 75413 71232 94148 20864 22029 49262 79813 109040 44696 18357 63098 33849 50780 38251 13803 37273 114249 91005 93851 22112 78496 90828 91446 92894 120876 110364 62767 9628 57418 31878 87083 93761 61151 64655 49438 61029
82430 90563 43627 68286 103759 102909 107926 77932 114951 145618 95811 110070 66175 113931 86510 43454 95080 45743 57436 34267 144564 61428 73535 7706 38828 41151 34598 128335 53099 36100 102901 46428 142298 143674 127565 57176 30539 98185 83980 0 122945 132156 116784 133037 83327 103303 72002 131877 139527 144601 86572 28463 66380 135167 107402 121689 123677 104435 130778 105949 8419 65753 30228 55808 69078 133430 134255 139640 96079 99436 124969 8151 166943 83870 82229 27180 103681 71050 51382 90071 50739 172151 73206 16864 66452 136160 21652 80180 55807 123816 105551 51708 88061 115082 105734 132575 67200 133790 136256 125957 133080
58590 45024 81659 64444 102530 115599 37436 118705 78016 45936 117232 105970 67818 83806 89349 97862 110967 115848 86781 102169 77075 69665 60812 124188 86104 94382 101412 137564 92838 88854 47234 108222 85002 71548 128109 80518 95845 48034 98979 122945 0 143155 39012 52337 44062 76497 56914 102173 84013 77254 102619 99430 66987 14301 76477 2912 5094 51938 74737 18590 119151 65638 96392 101106 66034 69343 79858 35655 113450 108171 104835 118779 81449 62566 86650 102289 127129 60067 109063 107462 108378 86658 57859 129454 105121 52883 116488 47812 79149 36604 56646 79306 93424 61425 120823 34452 64964 104522 105707 134213 102532
94744 104339 113404 93710 49273 32494 153694 58700 81144 128049 36927 48137 92422 71114 57274 91195 42082 87331 148422 104079 103407 107988 102729 130686 122208 96455 101704 15885 82583 120871 99760 88528 91857 104073 30218 146509 128826 98411 57031 132156 143155 0 116166 113646 132923 73846 131113 66405 89086 103447 48454 130426 146116 152351 77269 141640 146039 154677 96354 136524 128675 133425 118685 80586 101655 98481 85719 134578 42082 39493 56373 128407 132008 92064 64240 113768 31629 99844 86629 46116 85651 137217 141296 141485 68598 112696 140611 141656 145140 167996 159031 115130 55649 93376 29384 129212 144092 66500 72069 14676 68371
43126 31217 75526 51376 75541 88610 60760 95067 47546 35462 90243 78944 54749 55263 62360 85006 83978 102116 95274 91983 62724 62936 50626 118026 83209 83430 90371 110575 79769 84136 21994 95153 61161 57195 99942 88143 93765 26982 71990 116784 39012 116166 0 32328 57872 49470 64598 73126 58390 62874 75630 97287 81352 42147 49099 36232 42325 75261 49584 37193 112989 69048 90775 86678 55848 52236 54163 29495 86461 81182 75788 112617 70975 42351 59661 95348 100140 49432 95070 80473 94385 76184 73949 125711 83898 33810 113266 69698 86775 71027 79969 73480 66435 30199 93834 22431 79328 75475 76661 107224 73485
56102 54049 94983 65646 72267 88713 79419 99966 40350 21348 93553 71912 69020 47598 68136 98138 84708 111859 120312 106802 33411 82734 69667 134280 104280 97700 104642 109847 90186 103594 38895 105881 40854 27882 91703 113182 113223 43883 78731 133037 52337 113646 32328 0 83076 43506 90327 61850 39039 33590 79053 116744 107081 53969 41904 50318 55912 93921 28506 58015 129243 94777 109322 96420 72125 25590 34812 23965 87081 81285 65856 128870 43108 55326 69404 111146 101085 66783 104813 83783 104127 48316 98754 143438 93640 4251 132724 89795 111813 85599 98629 94457 72211 24314 93938 18600 105057 64198 65384 103833 62208
44433 35497 43943 42359 94891 105402 28083 99610 77433 82453 103680 100588 45732 82249 80317 68463 99952 86866 51741 72310 103323 38861 38727 84570 45783 64522 71552 127332 66359 48311 49047 79227 101057 102433 121991 45478 57125 41641 84257 83327 44062 132923 57872 83076 0 74940 15027 100616 98286 103360 90104 60710 33049 55696 74920 42805 43868 24929 89537 27360 79532 24436 55848 73679 41759 92189 94059 73061 100950 99459 103279 79160 117966 48581 74448 63255 113956 37982 80080 94947 79395 123174 22178 90407 85879 84504 77441 12469 44110 43370 29252 42262 84392 70690 110592 67238 31026 102965 104151 124428 100975
37545 43464 73471 46166 31349 47795 92138 61259 14567 59123 52700 32677 47405 13811 29826 64186 43790 75093 106271 75665 50488 63183 51052 104264 82871 66601 73290 69693 54987 81534 33101 69268 44306 49598 53742 99140 90154 33299 39774 103303 76497 73846 49470 43506 74940 0 78279 32732 41534 50526 38247 93837 95033 85515 6011 74981 79380 96395 34487 69865 99508 82729 82612 58773 52757 39354 35521 64437 46163 40368 35394 99136 73574 36769 30817 80715 60168 48168 68200 42978 67515 78783 90123 113703 55053 43270 108225 86767 97772 105137 100749 73463 32472 22192 53020 59072 93010 35081 36267 64034 33091
45495 40545 32618 39920 93893 102430 41950 93795 81330 93759 100032 99590 40085 86147 78506 58674 96305 77077 41348 61964 108389 29013 34063 73245 34458 54177 61207 125521 56638 36986 55735 69438 106124 107500 120993 34218 45800 47677 80781 72002 56914 131113 64598 90327 15027 78279 0 104514 103353 108427 86457 49385 22484 68493 78374 55658 56665 38796 94604 38324 68207 12629 44523 63958 32114 97256 98080 84754 97303 97453 106959 67835 128951 49644 72425 51930 110309 33318 70292 91300 69607 134159 12153 79082 79043 91755 66116 13754 32849 57237 40303 31061 82352 77377 107052 78932 20461 106863 108049 122617 104873
63753 69141 102183 73297 38471 50053 117814 75567 29612 73663 57196 31738 76670 21896 51663 91227 54015 96929 132537 103314 47627 90385 77318 131913 112130 94378 100940 62606 82615 110793 58777 94600 36078 48293 42082 125406 119573 58975 59519 131877 102173 66405 73126 61850 100616 32732 104514 0 33306 47667 54042 123256 121268 109049 29459 100657 105057 122072 42040 95541 128083 108964 112030 85062 79776 42672 29910 80956 54015 46540 12706 127711 76205 62977 57942 109290 63402 74434 92233 56887 91255 81414 116358 141776 75546 60900 137150 112443 124038 130813 126425 102108 53745 44617 54628 77370 119244 2349 7353 56592 1966
62591 67229 101473 72136 57839 70814 109074 95921 33759 50136 77957 51704 75509 36743 68006 103016 74026 113801 131376 113292 16619 89223 76157 140770 111420 104190 110935 85287 93817 110083 53243 108099 3819 24124 65380 124245 119712 57064 76883 139527 84013 89086 58390 39039 98286 41534 103353 33306 0 16115 72733 123234 120107 86576 38809 83099 87588 119741 19229 85507 135732 107803 115812 97604 78615 19256 7688 57731 74776 67319 38420 135360 51594 61816 69648 117636 85304 73272 107031 76255 106346 56803 114363 149927 93705 38090 139213 110113 122877 117206 124094 100946 71268 30029 76842 54437 118083 35655 36841 79273 33665
67666 72304 106547 77210 72206 85175 107447 107537 44566 38918 92318 66070 80583 49365 75989 109702 88392 121628 136450 118366 6343 94298 81231 145844 116494 109264 116206 99648 101522 115158 58317 115803 12918 11602 79741 129319 124787 62138 86403 144601 77254 103447 62874 33590 103360 50526 108427 47667 16115 0 85902 128308 125181 78594 48924 76341 80829 121948 18483 86684 140806 112877 120886 105308 83689 11455 22126 48341 89137 81680 52781 140434 38956 66890 77352 122710 99665 78347 114735 90092 114050 44164 119438 155002 101588 31882 144288 115187 127951 112339 126657 106021 80064 35104 91203 46414 123157 50016 51202 93634 48026
53202 62816 66586 50493 21066 18503 112074 23455 50227 94670 14612 27377 48634 43144 15129 44377 10807 43518 101604 57261 85862 62596 59511 85270 75390 49637 54886 43418 35765 74053 59224 42533 75504 85258 41728 99691 82008 57876 9121 86572 102619 48454 75630 79053 90104 38247 86457 54042 72733 85902 0 83608 100183 111815 41670 101104 105503 111858 70146 95943 83091 88501 71867 33768 57588 75013 66445 97788 11905 13348 43181 82822 109234 50522 21997 66950 24889 56627 40166 4843 39188 114442 96681 96070 22135 78818 94680 97121 98322 126454 116211 68443 13200 57740 22918 90724 99437 55108 58795 40727 56008
66138 72543 21761 55115 98766 100157 83401 81073 101212 126459 95840 104462 54920 104466 80569 39668 92328 50899 30487 34940 128271 41536 55873 29178 16060 37365 35271 125453 49313 15755 85697 48161 126005 127381 122972 30309 9538 79675 78935 28463 99430 130426 97287 116744 60710 93837 49385 123256 123234 128308 83608 0 41854 111652 96700 98174 100749 79909 114485 83332 25806 42715 17593 52021 50407 117137 117962 120143 93326 96012 117432 25434 150650 67606 74853 21120 106117 54593 53779 87107 53136 155859 49270 31765 67823 119867 18549 56561 28940 99880 81025 30808 82120 98789 104333 113078 42674 125453 126791 122993 123615
60620 57299 36254 55044 108896 116156 48862 106552 98084 108126 113546 114593 55088 102901 93509 65389 110031 81613 23921 65310 125143 41509 49119 67623 34012 60610 65131 140525 69093 36945 72488 76152 122878 124254 135997 17658 39244 64430 94508 66380 66987 146116 81352 107081 33049 95033 22484 121268 120107 125181 100183 41854 0 79209 95128 65845 68791 44348 111358 56842 62585 18942 44756 73651 47117 114009 114834 98569 111029 111234 123713 62213 143639 64768 86774 52266 123823 48442 78119 104813 77434 148848 16372 72636 90302 108509 59421 23795 16289 65630 44792 39829 96701 94131 120778 93064 5114 123617 124802 137620 121627
71127 57561 94196 76982 111726 124794 48721 130445 84090 47275 126427 114989 80355 91808 98544 110400 120163 128386 99003 114706 78415 82202 73350 136410 97738 106919 113949 146759 105375 100489 55925 120759 86341 72888 136486 92740 108067 60075 108174 135167 14301 152351 42147 53969 55696 85515 68493 109049 86576 78594 111815 111652 79209 0 85496 15490 11994 63099 76108 30169 131373 77272 108026 113644 78572 70682 82422 36245 122645 117366 112330 131000 82789 75091 95846 114470 136325 72605 121600 116658 120915 87997 69493 141676 117659 54516 128710 59446 91371 46209 67808 91240 102619 66038 130019 36823 77186 111398 112584 143408 109408
37639 43445 75461 47126 34772 51218 92118 64681 11985 57521 56123 33796 50499 9888 33378 68285 47213 79193 106365 79764 48886 64213 51147 108363 85408 70700 77390 73115 59086 84072 33081 73368 41580 47996 53742 99235 93017 33279 43749 107402 76477 77269 49099 41904 74920 6011 78374 29459 38809 48924 41670 96700 95128 85496 0 74961 79361 96376 32885 69845 103608 82824 86241 62873 53605 37752 32488 62835 49586 43790 32121 103236 71972 36864 34917 84815 63590 48262 72300 46400 71615 77181 90218 117803 59153 41668 111087 86747 97866 105117 100729 75453 36024 20590 56443 57470 93104 31808 32994 67456 29818
57074 43508 80143 62929 101015 114083 36180 117189 76500 45023 115716 104454 66302 82290 87833 96347 109452 114333 85638 100653 76162 68149 59297 122932 84847 92866 99896 136048 91322 87598 45718 106706 84088 70635 126593 79375 94589 46518 97463 121689 2912 141640 36232 50318 42805 74981 55658 100657 83099 76341 101104 98174 65845 15490 74961 0 6197 50681 73749 17334 117895 64382 95136 99591 64519 68429 78945 34741 111934 106655 103319 117523 80536 61050 85135 100945 125614 58552 107547 105947 106862 85744 56716 128198 103606 50864 115232 46556 78007 37707 55390 77790 91908 58513 119308 32001 63821 103006 104192 132697 101016
60972 47406 82984 66827 105414 118483 36893 121228 80900 49511 120116 108854 70200 86690 92233 100244 113851 118231 88262 104551 80650 72047 63195 124920 85910 96764 103794 140448 95220 88661 50176 110604 88577 75123 130993 81999 97164 50918 101863 123677 5094 146039 42325 55912 43868 79380 56665 105057 87588 80829 105503 100749 68791 11994 79361 6197 0 51272 78312 18342 119883 65445 96199 103489 68416 72918 83433 39229 116334 111055 107719 119511 85024 64948 89534 103571 130013 62450 111445 110346 110760 90233 57666 130757 107504 56458 117791 47619 80631 34381 55980 79793 96308 64606 123707 37765 66768 107405 108591 137097 105416
65409 56953 67658 64113 116001 127155 14501 121364 98888 91031 125434 121698 67486 103705 101912 93198 121706 111601 65278 96523 121769 63596 60481 105677 67763 89228 95766 149086 91006 70552 70503 103962 122513 115618 143102 59015 77298 63097 106011 104435 51938 154677 75261 93921 24929 96395 38796 122072 119741 121948 111858 79909 44348 63099 96376 50681 51272 0 110992 41247 100640 47429 78089 98415 65413 113644 115514 81639 122704 120734 124734 100268 126544 69557 96202 85496 135710 59736 104815 116701 104130 131752 35728 110691 107633 94671 97476 28679 57646 27493 6667 66968 105987 92207 132346 75816 42324 124420 125606 146182 122431
53843 58481 92724 63387 59878 77680 100326 92864 28147 38743 83859 54751 66760 33729 61033 95765 75182 106672 122627 104543 18445 80475 67408 132021 102671 95441 102383 92554 86566 101335 44494 100848 22001 17555 72624 115496 110964 48315 71629 130778 74737 96354 49584 28506 89537 34487 94604 42040 19229 18483 70146 114485 111358 76108 32885 73749 78312 110992 0 76759 126983 99054 107063 90352 69866 7311 15002 46371 77322 69678 46574 126611 41532 53067 62396 108887 91326 64524 99779 74877 99094 46740 105615 141178 86633 25955 130465 101364 114128 108400 115346 92198 64500 21281 83794 42840 109334 44388 45574 86541 42398
48478 35846 65410 53893 95899 108967 26746 108734 72358 56920 110548 99339 57266 77174 82717 84689 104336 103092 74923 88996 86504 55294 50260 107192 68405 81208 88238 130933 82158 70933 40660 95452 88279 80976 121477 68314 79747 40803 91125 105949 18590 136524 37193 58015 27360 69865 38324 95541 85507 86684 95943 83332 56842 30169 69845 17334 18342 41247 76759 0 102154 47733 78470 89905 55482 78353 81280 47528 106819 101540 98203 101782 92433 52626 79652 85230 120453 49516 96306 100786 95621 97641 46432 113029 95009 58765 100063 36904 66946 38872 45956 62219 86792 57168 114192 41705 54819 97890 99076 127582 95900
78636 86768 39832 64491 100278 99428 104132 74452 111157 141823 92331 106589 62380 110136 82715 39660 91600 42262 54064 30472 140769 57633 69740 9662 35034 37356 30803 124854 49304 32305 99106 42947 138504 139879 124084 53381 26745 94391 80185 8419 119151 128675 112989 129243 79532 99508 68207 128083 135732 140806 83091 25806 62585 131373 103608 117895 119883 100640 126983 102154 0 61958 26434 52013 65283 129635 130460 135845 92598 95955 121175 2590 163148 80076 78434 23386 100200 67255 47901 86590 47258 168357 69411 18820 62972 132365 23608 76386 52013 120021 101756 47913 84267 111287 102254 128780 63405 129995 132461 122476 129286
48316 44995 26369 42740 96205 104474 50583 94418 85780 98220 101413 101902 42784 90597 80818 55504 97901 71728 33296 56375 112839 28864 36815 66996 28171 50725 55617 127834 57084 30737 60185 66267 110574 111950 123306 26165 39551 52127 82826 65753 65638 133425 69048 94777 24436 82729 12629 108964 107803 112877 88501 42715 18942 77272 82824 64382 65445 47429 99054 47733 61958 0 38274 61751 34814 101706 102530 91904 98899 99552 111409 61586 133401 52464 74737 45681 111689 36138 68052 92680 67367 138609 15790 72833 78571 96205 59867 22042 24797 65870 48937 27696 84664 81827 109096 84839 17634 111313 112499 124929 109323
58716 66032 16148 45835 87502 88416 81243 70555 93789 119948 84099 93199 43724 93240 70014 28148 80587 40959 39234 24775 120849 34996 48451 31471 11858 25707 25106 113712 37793 8621 79186 37141 118583 119959 112860 37321 13910 73164 68016 30228 96392 118685 90775 109322 55848 82612 44523 112030 115812 120886 71867 17593 44756 108026 86241 95136 96199 78089 107063 78470 26434 38274 0 40502 43570 109715 110540 113631 81585 84731 106018 26062 143228 60184 64087 9714 94376 47171 42808 75366 42165 148436 46320 40629 56507 112445 30563 52702 35952 96531 79597 25195 72008 91367 92592 106567 45809 114039 115565 111252 112389
