NAME : PARIS-100-3
COMMENT : OSM drive network, customers at real shops (shop=* POIs), depot (48.8566, 2.3522), seed 3
TYPE : VRPSPD
DIMENSION : 101
CAPACITY : 150
EDGE_WEIGHT_TYPE : EXPLICIT
EDGE_WEIGHT_FORMAT : FULL_MATRIX
EDGE_WEIGHT_SECTION
0 12289 58592 29765 24337 21335 59289 59706 22620 29870 57202 38507 33087 71775 22978 23235 25961 6750 33774 39054 32389 48667 18817 23322 66142 20447 47560 30730 59735 17980 13920 39357 64707 10936 41016 49369 56512 74596 46252 19444 34764 63106 41421 11856 35225 13206 28905 31451 52095 65494 66775 27755 19444 82578 30726 49840 58332 53069 24908 63917 31732 93868 73157 57466 39764 44580 23235 58496 28600 43265 28343 13628 76725 30959 11856 9252 37579 37417 8877 48400 17006 51887 24428 44258 48046 37863 26225 69105 53994 28341 11977 68100 24594 30461 47326 28022 78382 30891 39653 22194 41563
12289 0 60853 36524 26598 28129 61551 66315 29229 41275 60699 40768 39880 74037 29772 25497 32754 18264 36036 41316 39183 50928 25611 30116 72936 27241 57457 34293 67765 27864 16182 41619 66969 22292 52372 59266 63121 76858 57765 26903 41557 69714 43683 17460 42019 20889 40419 33713 54357 72818 73569 39269 26238 93934 33553 59666 65126 59863 27170 70526 33994 105224 75419 64259 42026 54477 25497 65290 30862 52106 34644 14581 83519 37753 20078 11513 47476 39678 15671 55194 19267 58681 31221 51052 50308 40125 28486 75899 56256 35277 23491 74894 26856 32723 54120 34631 85176 33152 49550 24456 43824
58592 60853 0 49716 38969 57560 61932 34630 46592 82279 17144 75117 65583 16665 59164 40070 56421 61238 57277 33133 69070 63179 61593 54789 71473 56469 98194 69241 106347 66450 51459 32327 66498 65240 95320 100003 37273 94939 100740 62368 56129 44283 42221 50413 56398 63165 82919 40376 84128 113722 63195 82243 56052 136882 30746 101504 68155 56824 54216 46872 58258 148172 26285 90041 50361 95214 42425 74095 64628 90459 72929 59436 93346 61656 56086 54997 88213 33133 54440 51548 43224 70748 53225 71716 65786 53859 37497 93656 15147 75208 66466 98769 37670 35797 68177 53504 103746 67548 90287 59332 42080
29765 36524 49716 0 31556 17300 79322 42490 10843 50543 42582 62741 17194 62900 12405 32658 8168 31786 55604 40501 20681 70496 16081 6536 45862 12975 51095 53393 57958 42302 37357 40501 84740 32867 59087 52905 39296 96425 64682 43766 12813 45799 52631 32391 13274 21054 49324 38806 76329 86167 44094 48174 17300 98710 18971 70074 37398 29791 49074 46778 54286 109935 69393 44469 55154 48116 33711 38430 52766 42070 50554 37862 57810 12989 33753 33521 41115 38771 27616 24623 28858 32275 11056 26288 69875 58652 29868 52380 46265 50222 36299 55197 26811 34118 27714 5251 62855 55125 43189 46429 52772
24337 26598 38969 31556 0 31541 51018 50840 26289 45428 39636 36196 45280 52153 37403 1101 36118 27357 26340 15830 47918 41233 35537 34486 69852 35543 69478 30273 79755 29700 16680 17655 56436 34313 62566 71287 47749 67162 66002 25618 41098 54333 25034 16424 41367 32878 46508 11210 49784 74753 65417 46042 29650 104126 15616 62535 61997 51995 19183 55739 25023 115416 53500 72834 26849 66498 8485 65727 25659 64096 33961 23599 84898 41353 22097 20515 59497 13532 23561 45738 12201 59824 32922 54653 40612 29540 1888 80453 32904 36239 35538 83562 6967 7237 55263 33201 90928 28580 61571 20363 25175
21335 28129 57560 17300 31541 0 75130 53433 13935 42082 53183 54347 23767 70744 11946 32643 14929 23357 49615 41161 23949 64507 9213 12290 55605 9415 45914 44964 55944 33873 28962 41161 80548 24406 50626 47724 50239 90436 56221 35336 23566 56741 52616 26335 24027 12820 40863 38791 67935 77706 56174 39713 3754 90249 27737 61613 47795 41871 40749 57637 47572 101474 75309 50363 55098 42935 33695 48173 44441 39337 42125 29468 66413 20646 27697 25092 35934 39166 19186 37202 23798 41575 12908 33946 63886 53703 29853 60038 53346 41760 27870 60997 25134 34103 37013 17092 70180 46731 38008 38035 52757
59289 61551 61932 79322 51018 75130 0 90160 73605 68143 74032 43354 86881 68221 76772 50534 79755 62310 25515 46795 86183 12297 72611 77116 117352 74241 103554 50970 114053 59224 50094 48446 13533 69293 90840 105364 92463 39244 90316 55142 88073 99473 32080 55551 88534 67889 72728 46031 42260 80209 112916 73140 73238 123854 63115 83085 109496 99494 37838 102062 27557 135143 49034 111260 26779 100765 55777 112290 47279 99107 55111 56344 130519 84753 58168 54248 93764 48835 62671 93237 57924 105681 77316 98053 16077 22887 50747 122899 49644 58679 67970 121894 54733 45787 101120 79007 132176 48522 95838 49518 32080
59706 66315 34630 42490 50840 53433 90160 0 42529 84847 20588 87035 55473 45690 53344 51941 49917 61728 73341 50672 58960 85228 55786 48285 43728 51457 90460 81112 95833 72957 62397 50275 95017 65269 94929 92269 10192 112082 100524 72864 42972 12466 63807 59063 43241 60335 83883 55259 97551 120472 35062 82733 53222 134700 36495 104818 41367 33474 68125 15703 72598 145925 58516 71666 69625 87480 54296 47602 76499 79945 83320 67654 65763 50162 63544 61033 80479 50672 54929 35615 53253 49261 48067 57505 85180 73123 49368 71487 42138 83318 66955 77509 47631 49987 51665 47000 77697 79419 82450 71203 63949
22620 29229 46592 10843 26289 13935 73605 42529 0 47245 42215 55447 22696 59776 14075 27391 13518 24642 48309 35234 26183 63202 16516 10289 51807 11470 53606 48445 63135 35871 30062 35234 79023 26745 56404 55415 39335 89131 61999 37335 19283 45896 47364 25097 19744 20914 46281 33539 69035 82870 50440 45131 13935 96176 16769 67216 43086 36137 41779 46791 46992 107400 64935 50250 49887 50626 28444 44900 45471 46527 46234 30568 64280 18769 26458 26377 43625 33504 20471 30969 21563 38745 8080 32069 62581 51509 24601 58161 42972 46232 29869 60978 21544 28851 34184 10217 68635 47831 45699 39134 47505
29870 41275 82279 50543 45428 42082 68143 84847 47245 0 82125 33162 49290 95463 43516 44326 46541 27617 44847 58921 48593 57521 38655 44007 86615 41132 47697 17174 61679 22604 37497 61121 73561 25174 28728 49506 81653 71112 30181 22983 55237 88247 57465 39792 55237 32263 9810 51289 43407 41008 87460 10221 41244 69374 54979 28601 78805 73754 39748 89058 42805 80663 92373 70081 52155 44907 46250 75749 24499 45828 13032 36804 92596 50527 40950 33845 37906 58508 34018 69085 41599 68820 45112 59159 56900 47840 47316 81756 75964 10317 21361 80715 48281 51552 63976 48975 90997 25180 39980 25486 57606
57202 60699 17144 42582 39636 53183 74032 20588 42215 82125 0 75832 58149 27900 53436 40737 50008 59223 60156 36525 61636 70239 55877 48376 59362 51549 92379 69908 98509 67117 52126 36127 78889 63225 93305 94188 25161 98897 98725 63035 45647 32172 48524 51080 45917 59453 81378 42762 86347 114389 51084 80228 52339 133817 30125 102127 56044 44712 56601 34761 60643 145042 40497 79559 54431 89399 43092 62073 65295 82621 73596 60103 81234 52838 56753 55664 82398 36525 52424 39648 43891 58848 48158 60378 71273 57929 38164 81756 25593 75875 64450 86869 38312 38183 56276 47091 91689 68215 84472 59999 48665
38507 40768 75117 62741 36196 54347 43354 87035 55447 33162 75832 0 66007 87398 55989 35094 58972 40260 20984 46787 65310 32732 51829 56334 99154 53458 72065 16426 84526 28941 30630 49034 48773 43340 53236 73874 83945 52411 51760 24128 67775 90528 39816 35839 68237 44987 37962 39070 22362 54612 99638 38597 52456 87519 51812 44595 91344 86081 28170 91935 20151 98808 73981 89964 27366 69275 38767 91507 13182 69242 20568 31619 109736 63970 38457 33466 62274 47941 41889 80225 38866 84898 57439 77270 32111 23051 38084 101639 61913 24135 40312 100598 42680 41038 80337 60849 110880 12377 64348 19370 39957
33087 39880 65583 17194 45280 23767 86881 55473 22696 49290 58149 66007 0 78767 14311 46382 9712 35108 61366 54225 4184 76258 16459 13980 43172 18096 37282 55389 40764 45136 41512 54225 92299 35054 51629 39091 52279 102188 57443 46600 12694 54701 66342 39448 12232 23148 44595 52530 79596 82802 44176 43445 23767 89919 35494 62890 35362 30728 52500 52295 59323 101077 83926 29368 67356 34302 47435 33923 56192 24876 51600 41219 49048 7431 39448 36843 27543 52495 32429 27614 38509 26609 18271 16157 75638 65455 43592 40146 61963 48969 39133 40002 39844 47842 22196 16001 50195 58391 28412 49786 66483
71775 74037 16665 62900 52153 70744 68221 45690 59776 95463 27900 87398 78767 0 72348 53254 69604 74422 69558 45860 82254 70462 74777 67972 84231 69653 111378 82425 119531 79634 64643 44609 69265 78424 108504 113187 50030 104739 113924 75552 69313 57041 51699 63597 69582 76349 96103 53560 95421 126905 75952 95427 69236 150066 43930 114688 80912 69581 66633 59630 70675 161356 24516 103225 62642 108398 55609 86853 77812 103643 86113 72620 106103 74840 69270 68181 101397 45860 67623 64306 56408 83506 66409 84899 74160 66140 50681 106414 27235 88392 79649 111527 50854 48981 80934 66687 116504 80732 103471 72516 51558
22978 29772 59164 12405 37403 11946 76772 53344 14075 43516 53436 55989 14311 72348 0 38505 6838 24999 51257 47023 16350 66149 6335 5869 47698 6095 42214 46606 52243 35515 31403 47023 82190 25987 52060 44024 50150 92079 57655 36979 17220 56653 57552 29339 17214 13739 42297 44653 69577 79140 48331 41148 11946 91683 29264 63047 39888 34669 42391 55781 49215 102908 77507 42848 57247 39234 39419 38905 46083 35636 43767 31110 57134 11368 29339 26734 32233 45028 22261 30664 29583 32296 8393 24668 65529 55346 35715 50760 55544 43195 29512 53577 30996 39964 27735 11744 61234 48373 34308 39677 57693
23235 25497 40070 32658 1101 32643 50534 51941 27391 44326 40737 35094 46382 53254 38505 0 37219 26256 25239 15830 47918 40131 35537 35587 70954 36644 68376 29171 78654 28598 15579 17655 55952 33212 61465 70186 48850 66060 64900 24516 42199 55434 24688 15322 42468 31777 45406 11210 48683 73651 66518 44941 30751 103025 16718 61434 63098 53097 18082 56841 23921 114314 53627 73935 26503 65397 8485 66829 24558 62995 32859 22497 85999 42455 20996 19413 58395 14193 22460 46840 12201 60926 34023 55755 39510 28439 2989 81555 33184 35138 34437 84664 8069 7237 56365 34302 92029 27478 60470 19262 24829
25961 32754 56421 8168 36118 14929 79755 49917 13518 46541 50008 58972 9712 69604 6838 37219 0 27982 54240 45063 13098 69132 9519 4342 42292 9078 42928 49589 50400 38498 34385 45063 85173 28970 55085 44737 46722 95062 60680 39962 11814 53225 57192 32322 11446 16764 45322 43368 72560 82165 43192 44173 14929 94708 26332 66072 34482 29529 45374 51097 52197 105933 74763 37265 59627 39948 38272 33322 49066 34481 46750 34093 51551 5785 32322 29717 32947 43333 25244 25525 29903 26713 8559 19085 68512 58329 34430 45177 52800 46220 32495 47994 31238 38679 22152 6839 55651 51356 35021 42660 57334
6750 18264 61238 31786 27357 23357 62310 61728 24642 27617 59223 40260 35108 74422 24999 26256 27982 0 36795 42075 34410 51688 20839 25344 68163 22468 48450 28929 60625 15727 16941 42378 67728 9065 39145 50259 58534 77617 43999 17191 36785 65127 44442 17831 37246 15228 26652 34472 53849 63241 68796 25502 21465 80707 32747 47587 60353 55090 27929 65938 34753 91997 76178 59487 42785 45470 26256 60517 30354 44804 26090 15340 78746 32980 17831 12273 38469 40438 10899 50421 20026 53908 26449 46280 51067 40884 29245 71127 56641 26088 9724 70121 27615 33482 49347 30044 80403 32644 40543 22621 44583
33774 36036 57277 55604 26340 49615 25515 73341 48309 44847 60156 20984 61366 69558 51257 25239 54240 36795 0 29543 60668 14892 47097 51602 93920 48726 78040 27674 88538 33709 24579 31194 30933 43778 66667 79849 72838 42008 67325 29627 62777 79779 21976 30036 63239 42374 49223 21794 29996 70675 90863 49223 47723 103926 41062 61002 85200 77441 12323 81185 2042 115215 56141 85745 9527 75250 30625 86775 23983 73592 31816 30829 105004 59238 32654 28733 68249 31154 37157 71184 32629 80166 52020 72538 14272 5211 27864 97385 44073 35383 42456 96379 32680 24470 75605 53711 106661 25226 70323 24004 22118
39054 41316 33133 40501 15830 41161 46795 50672 35234 58921 36525 46787 54225 45860 47023 15830 45063 42075 29543 0 57712 38434 46557 43431 77963 45112 81534 43766 91811 43562 29624 4968 52213 46904 76060 83343 52509 67204 79495 39481 50042 59519 19311 29490 50312 44935 60001 13592 55799 88246 73527 59536 39270 117620 23241 76029 70107 60106 25396 62108 29161 128909 40940 81779 22626 78554 20589 74672 38412 75585 47454 38316 93843 50298 35163 34074 71553 4968 36103 53849 24305 68769 41867 63598 39469 26124 14668 89398 20619 49733 48129 92507 17788 9013 64208 42146 99872 42073 73627 33857 19452
32389 39183 69070 20681 47918 23949 86183 58960 26183 48593 61636 65310 4184 82254 16350 47918 13098 34410 60668 57712 0 75561 16331 17309 46659 20506 36826 54692 42564 44438 40814 57712 91601 34356 50932 38636 55766 101490 56746 45902 16181 58188 68315 38750 15719 22451 43897 55401 78898 82105 47663 42747 23949 89222 38981 62192 38849 34214 51802 55782 58626 100379 87413 31390 66658 33847 47918 36623 55494 26459 50902 40522 52127 10918 38750 36146 26846 55982 31731 31101 39054 28991 20866 18697 74940 64757 47079 42169 65450 48272 38436 42024 43331 51329 24578 19488 52218 57694 28809 49088 68457
48667 50928 63179 70496 41233 64507 12297 85228 63202 57521 70239 32732 76258 70462 66149 40131 69132 51688 14892 38434 75561 0 61989 66494 108787 63618 92932 40347 103431 48601 39472 40086 17715 58670 80218 94742 86132 40384 79693 44520 77669 93073 26442 44928 78131 57266 62106 36686 35365 78136 104351 62517 62616 115212 54551 72749 100092 90930 27215 94674 16935 126501 52876 100637 18418 90143 45517 101667 36657 88484 44489 45722 119896 74130 47546 43626 83141 40474 52049 84673 47521 95058 66912 87430 7329 14103 42183 112277 50016 48056 57348 111271 46169 37223 90497 68603 121553 37900 85216 38896 26583
18817 25611 61593 16081 35537 9213 72611 55786 16516 38655 55877 51829 16459 74777 6335 35537 9519 20839 47097 46557 16331 61989 0 9546 50302 6931 38076 42446 48105 31354 27242 46557 78029 21214 47199 39886 52592 87918 52795 32818 19824 59095 54744 25179 19362 8879 37437 43021 65417 74280 51307 36287 9213 86823 31706 58186 42492 37763 38231 58223 45054 98048 79936 42525 53086 35097 35537 41053 41922 31498 39606 26950 59282 13516 25179 22574 28095 44561 18188 33759 25702 34444 10834 26816 61368 51185 35248 52780 57973 38334 25352 53159 30529 39048 29883 14513 62829 44213 30170 35516 54885
23322 30116 54789 6536 34486 12290 77116 48285 10289 44007 48376 56334 13980 67972 5869 35587 4342 25344 51602 43431 17309 66494 9546 0 44231 6439 46635 46951 54612 35859 31747 43431 82534 26332 52551 48445 45091 92423 58146 37323 11441 51593 55410 29684 11903 14518 42789 41736 69922 79632 44050 41639 12290 92175 24700 63538 36421 29747 42735 50722 49559 103399 73131 41533 57591 43656 36640 36799 46427 38724 44111 31455 55819 10053 29684 27079 36655 41701 22606 25078 27518 30644 5920 23353 65873 55690 32798 49445 51168 43686 29857 52262 28853 37047 26083 5875 59919 48718 38729 40021 55551
66142 72936 71473 45862 69852 55605 117352 43728 51807 86615 59362 99154 43172 84231 47698 70954 42292 68163 93920 77963 46659 108787 50302 44231 0 49920 69091 89771 60914 78679 74567 77963 122770 69151 87897 70142 40427 134742 95969 80143 33229 34808 90660 72408 33229 57338 85229 76836 112742 122240 10475 84079 55605 122328 54809 103316 11437 20571 85555 32401 92379 133485 95358 31398 93183 66994 72933 15103 89247 55513 86931 74275 23983 37861 72503 69899 66457 76233 65259 26816 69634 21332 49360 36016 108192 96681 67964 31518 76108 86294 72677 37241 65945 72147 29011 45637 35954 91537 62724 82841 90801
20447 27241 56469 12975 35543 9415 74241 51457 11470 41132 51549 53458 18096 69653 6095 36644 9078 22468 48726 45112 20506 63618 6931 6439 49920 0 43611 44075 53640 32984 28872 45112 79659 23456 49676 45421 48263 89548 55271 34448 17881 54766 55692 26808 18342 11643 39913 42793 67047 76756 50489 38763 9415 89299 26646 60663 42110 36186 39860 55116 46684 100524 74812 46313 54716 40632 36888 42400 43552 37033 41236 28579 60629 14863 26808 24203 33631 43167 19730 31517 27052 35791 5788 28162 62998 52815 33854 54254 52849 40811 26981 57041 29135 38104 31230 11407 64729 45842 35705 37146 55833
47560 57457 98194 51095 69478 45914 103554 90460 53606 47697 92379 72065 37282 111378 42214 68376 42928 48450 78040 81534 36826 92932 38076 46635 69091 43611 0 56019 21291 50350 59088 81534 108973 42220 27870 5453 87266 108443 35941 51645 47680 89620 85687 57024 47219 39985 41018 76592 82550 62971 76957 39868 45914 59062 68370 42720 68564 65647 68720 87214 75997 70219 115859 41714 84030 6542 68376 63605 62548 14460 51878 58795 66603 42418 57024 54419 11081 80692 50065 62534 60390 55545 47923 42062 92311 82128 70225 53389 94574 48311 44816 51175 66913 73736 52894 49766 62630 63644 16175 55424 85828
30730 34293 69241 53393 30273 44964 50970 81112 48445 17174 69908 16426 55389 82425 46606 29171 49589 28929 27674 43766 54692 40347 42446 46951 89771 44075 56019 0 68818 18600 24155 46826 56388 29887 39870 57829 78021 60420 40753 13788 58392 84605 42310 29364 58854 35206 21759 36134 30015 46223 90404 22170 43073 77010 45889 34005 81960 76697 24593 86012 25631 88299 77218 76180 34981 53230 32843 81848 7325 53535 4142 25057 98695 54587 31981 26990 46229 43353 34887 72028 32390 74919 48056 65258 39727 30666 32161 87854 61517 7709 26075 86814 36205 36397 70075 51919 97096 8006 48303 11611 42451
59735 67765 106347 57958 79755 55944 114053 95833 63135 61679 98509 84526 40764 119531 52243 78654 50400 60625 88538 91811 42564 103431 48105 54612 60914 53640 21291 68818 0 62811 69396 91811 119471 54491 44541 21298 92639 122460 52612 64107 53054 89626 96185 67333 52592 51033 55001 86870 95011 77090 71389 53851 55944 69264 76259 59391 61900 66657 79219 87219 86496 80421 124616 30925 94528 22826 78654 55524 75009 19406 65029 69104 52371 48196 67333 64728 26217 90619 60342 64810 70668 49675 57541 42315 102810 92627 80503 39157 102727 62293 57277 35456 76587 84014 51132 56766 47325 76105 24003 67885 96327
17980 27864 66450 42302 29700 33873 59224 72957 35871 22604 67117 28941 45136 79634 35515 28598 38498 15727 33709 43562 44438 48601 31354 35859 78679 32984 50350 18600 62811 0 21097 44721 64642 20101 39271 52160 69763 72544 42738 5760 47301 76357 42106 24370 47762 24115 23245 35931 42529 58229 79312 22779 31981 80938 40100 43509 70869 65606 24390 77168 31667 92227 77015 69092 40449 47561 32043 71033 19135 47528 19861 20853 89262 43496 26988 19416 40560 42780 22128 60937 27170 64424 36965 56796 47981 38548 31588 80767 59563 20083 15727 79726 33147 35824 59863 40827 90008 21325 42634 9706 42247
13920 16182 51459 37357 16680 28962 50094 62397 30062 37497 52126 30630 41512 64643 31403 15579 34385 16941 24579 29624 40814 39472 27242 31747 74567 28872 59088 24155 69396 21097 0 29730 55512 23923 52848 60897 59259 65401 57741 17015 43189 65843 32226 9127 43650 22520 38248 23692 44218 68595 75200 37782 27071 94515 27303 56378 66757 61494 15713 66654 22537 105804 65501 65891 30569 56108 17063 66921 20724 53737 27843 11963 85150 39384 11745 8318 49107 27986 17302 56457 12154 60312 32852 52683 38851 28668 17520 77530 44573 30081 25122 76525 18033 21031 55751 36262 86807 23014 51181 14318 32368
39357 41619 32327 40501 17655 41161 48446 50275 35234 61121 36127 49034 54225 44609 47023 17655 45063 42378 31194 4968 57712 40086 46557 43431 77963 45112 81534 46826 91811 44721 29730 0 53864 46904 76984 83343 52338 68856 80919 40639 50042 59348 20962 29596 50312 44935 62201 15204 58045 91306 73527 61735 39270 118440 23241 79089 70107 60106 28231 61937 31600 129729 39596 81779 24278 78554 20695 74672 42213 75585 50514 38620 93843 50298 35269 34180 71553 4968 36103 53849 24412 68769 41867 63598 41120 27776 16399 89398 19123 52792 48129 92507 17895 11189 64208 42146 99872 45133 73627 36917 21103
64707 66969 66498 84740 56436 80548 13533 95017 79023 73561 78889 48773 92299 69265 82190 55952 85173 67728 30933 52213 91601 17715 78029 82534 122770 79659 108973 56388 119471 64642 55512 53864 0 74711 96258 110782 97320 49351 95734 60560 93491 104330 37364 60969 93952 73307 78147 51449 50614 90527 118334 78558 78656 131309 68533 88790 114914 104912 43256 106919 32975 142598 49961 116678 32197 106183 61195 117708 52697 104525 60530 61762 135937 90171 63586 59666 99182 54253 68089 98656 63342 111099 82734 103471 21495 28305 56165 128317 54501 64097 73388 127312 60152 51205 106538 84425 137594 53940 101256 54936 37364
10936 22292 65240 32867 34313 24406 69293 65269 26745 25174 63225 43340 35054 78424 25987 33212 28970 9065 43778 46904 34356 58670 21214 26332 69151 23456 42220 29887 54491 20101 23923 46904 74711 0 34176 44030 62075 84413 39765 21565 37773 68669 51425 21860 38234 16086 23955 41428 56928 60798 69784 22806 23569 75739 36749 44891 61341 56078 34912 69564 41735 87028 81780 58944 49768 39241 33212 60892 33710 38671 27048 23631 79121 33355 21860 19255 32240 46062 14901 51409 25760 54283 27437 46655 58049 47866 35595 70584 60643 24853 14099 69579 32406 39106 49722 31032 79861 35723 34314 26863 51566
41016 52372 95320 59087 62566 50626 90840 94929 56404 28728 93305 53236 51629 108504 52060 61465 55085 39145 66667 76060 50932 80218 47199 52551 87897 49676 27870 39870 44541 39271 52848 76984 96258 34176 0 27870 91735 84762 8071 40143 61786 98328 75064 51940 61324 40807 20478 68889 60642 39682 93268 19425 49788 47522 66829 16929 84454 79819 57348 98478 64625 58811 109706 60520 72716 26116 61465 81398 47195 32384 35729 52154 85409 56523 51940 49086 26655 75647 44981 76706 55840 73406 53656 58943 79597 70537 64454 72195 90723 32161 33842 70403 62485 68691 69181 57519 81436 47633 32750 42664 75205
49369 59266 100003 52905 71287 47724 105364 92269 55415 49506 94188 73874 39091 113187 44024 70186 44737 50259 79849 83343 38636 94742 39886 48445 70142 45421 5453 57829 21298 52160 60897 83343 110782 44030 27870 0 89075 108443 35941 53455 49490 91430 87496 58834 49028 41795 42828 78402 83707 61755 78454 41678 47724 56961 70180 42720 70060 67456 70530 89024 77807 68119 117669 42765 85839 8351 70186 64656 64357 16270 53687 60605 67654 44227 58834 56229 12890 82502 51875 64343 62200 57041 49733 43872 94121 83938 72035 54440 96383 50120 46626 51916 68722 75546 54398 51576 63681 65454 17984 57234 87637
56512 63121 37273 39296 47749 50239 92463 10192 39335 81653 25161 83945 52279 50030 50150 48850 46722 58534 72838 52509 55766 86132 52592 45091 40427 48263 87266 78021 92639 69763 59259 52338 97320 62075 91735 89075 0 112986 97330 69727 39778 7011 66109 55869 40047 57141 80689 54181 96474 117277 31761 79539 50028 131506 33301 101624 38066 30108 66932 10248 71520 142731 61158 68365 70529 84286 51205 44301 73408 76751 80126 64459 62462 46968 60350 57839 77285 51117 51735 30743 50059 46147 44872 53289 86084 74027 46277 68186 44441 80124 63761 74208 44437 48910 47376 43805 74396 76328 79256 68112 66250
74596 76858 94939 96425 67162 90436 39244 112082 89131 71112 98897 52411 102188 104739 92079 66060 95062 77617 42008 67204 101490 40384 87918 92423 134742 89548 108443 60420 122460 72544 65401 68856 49351 84413 84762 108443 112986 0 83126 68153 103599 119927 58003 70858 104060 83196 75878 62616 38161 62068 131205 76765 88545 106014 81404 70293 126022 117783 53145 121527 42864 117303 85610 126567 47188 107858 71446 127597 57207 108516 59423 71651 145826 100060 73475 69555 100857 69245 77978 111526 73450 120988 92842 113359 34144 42873 68686 138206 81577 62337 82221 137201 73022 64076 116427 94533 147483 55002 102931 62839 58144
46252 57765 100740 64682 66002 56221 90316 100524 61999 30181 98725 51760 57443 113924 57655 64900 60680 43999 67325 79495 56746 79693 52795 58146 95969 55271 35941 40753 52612 42738 57741 80919 95734 39765 8071 35941 97330 83126 0 43117 67600 103923 78039 57333 67138 46402 20968 71863 59166 36857 99082 19960 55383 42013 72249 15452 90268 85633 60322 104292 65764 53302 112947 68591 72191 34187 66384 87212 48078 40455 36611 57047 93480 62337 57333 53979 34726 79082 50400 82520 61260 79581 59252 65165 79073 70012 67890 80266 94865 34421 39431 78474 67905 72126 75271 63114 89507 46157 38852 45638 78180
19444 26903 62368 43766 25618 35336 55142 72864 37335 22983 63035 24128 46600 75552 36979 24516 39962 17191 29627 39481 45902 44520 32818 37323 80143 34448 51645 13788 64107 5760 17015 40639 60560 21565 40143 53455 69727 68153 43117 0 48765 76311 38024 22224 49226 25579 23623 31849 37717 57201 80776 23158 33445 81934 38443 43888 72333 67070 20308 77122 27585 93223 72933 70556 36367 48856 28189 72497 14322 48823 17406 17847 90726 44960 24842 19694 41855 38698 23592 62401 25251 65888 38429 58259 43899 34466 27506 82231 55482 18668 17191 81190 29065 31742 61327 42291 91472 16512 43929 5624 38165
34764 41557 56129 12813 41098 23566 88073 42972 19283 55237 45647 67775 12694 69313 17220 42199 11814 36785 62777 50042 16181 77669 19824 11441 33229 17881 47680 58392 53054 47301 43189 50042 93491 37773 61786 49490 39778 103599 67600 48765 0 42565 62172 40831 462 25959 54018 48348 81363 90861 32980 52868 23566 100076 28868 73046 25254 18890 54177 40158 61000 111233 77746 34769 64695 44701 43252 25797 57869 37166 55553 42896 45177 7383 40926 38520 37700 48312 33881 15113 37298 19642 17321 16589 77049 65977 39409 41804 55249 54915 41298 45498 36352 43659 15081 12588 51894 60159 39670 51463 62313
63106 69714 44283 45799 54333 56741 99473 12466 45896 88247 32172 90528 54701 57041 56653 55434 53225 65127 79779 59519 58188 93073 59095 51593 34808 54766 89620 84605 89626 76357 65843 59348 104330 68669 98328 91430 7011 119927 103923 76311 42565 0 73120 62463 42834 63721 87282 61122 103415 123871 26142 86132 56621 138100 39885 108217 32447 25489 73516 6034 78461 149324 68168 62746 77470 86641 57789 38682 79992 76243 86720 71053 56843 49390 66944 64433 79640 58128 58328 29326 56653 40650 51375 51872 93025 80968 52861 62567 51451 86718 70354 68589 51020 55920 44797 50308 68777 82912 79779 74696 73261
41421 43683 42221 52631 25034 52616 32080 63807 47364 57465 48524 39816 66342 51699 57552 24688 57192 44442 21976 19311 68315 26442 54744 55410 90660 55692 85687 42310 96185 42106 32226 20962 37364 51425 75064 87496 66109 58003 78039 38024 62172 73120 0 34464 62441 50021 58545 18547 48220 86790 86224 58079 50724 116163 36424 74572 82804 72803 22584 75709 23262 127453 35261 92671 15060 82897 29793 86802 36956 81239 45998 39226 105973 62428 40137 36380 75896 21351 41601 66546 33510 80899 53997 75728 28064 18558 24056 101368 27665 48276 50853 103400 28042 19096 76338 54275 111417 40617 77970 32401 141
11856 17460 50413 32391 16424 26335 55551 59063 25097 39792 51080 35839 39448 63597 29339 15322 32322 17831 30036 29490 38750 44928 25179 29684 72408 26808 57024 29364 67333 24370 9127 29596 60969 21860 51940 58834 55869 70858 57333 22224 40831 62463 34464 0 41293 20456 39986 23538 49427 71864 71795 38836 24444 93502 25685 59647 64447 57492 21170 63274 27994 104791 65245 63827 36026 54044 15322 64857 25933 51674 32699 13241 83086 37320 6226 8746 47043 27853 14172 52057 7188 58248 30039 50620 44308 34125 17386 75466 44439 33331 23058 74461 16415 20897 53687 31765 84743 28223 49118 19527 34605
35225 42019 56398 13274 41367 24027 88534 43241 19744 55237 45917 68237 12232 69582 17214 42468 11446 37246 63239 50312 15719 78131 19362 11903 33229 18342 47219 58854 52592 47762 43650 50312 93952 38234 61324 49028 40047 104060 67138 49226 462 42834 62441 41293 0 26421 54018 48617 81825 90861 33249 52868 24027 99614 29137 72585 25419 19159 54638 40427 61462 110771 78016 34308 64964 44239 43521 25797 58330 36704 56014 43358 45177 6921 41388 38982 37238 48581 34343 15382 37759 19642 17782 16127 77510 66439 39679 41804 55518 54915 41760 45036 36621 43928 15081 13050 51894 60621 39209 51924 62583
13206 20889 63165 21054 32878 12820 67889 60335 20914 32263 59453 44987 23148 76349 13739 31777 16764 15228 42374 44935 22451 57266 8879 14518 57338 11643 39985 35206 51033 24115 22520 44935 73307 16086 40807 41795 57141 83196 46402 25579 25959 63721 50021 20456 26421 0 31044 39993 58575 67887 57971 29894 12820 80430 34266 51794 49528 44265 33508 63195 40332 91655 79811 47527 48364 37006 31777 48557 35357 35374 32367 22227 66786 21020 20456 17851 30005 44093 13466 39596 23791 41948 15623 34320 56646 46463 33626 59167 58568 31942 18112 58161 30356 37137 37387 19486 68443 37370 32079 29561 50162
28905 40419 82919 49324 46508 40863 72728 83883 46281 9810 81378 37962 44595 96103 42297 45406 45322 26652 49223 60001 43897 62106 37437 42789 85229 39913 41018 21759 55001 23245 38248 62201 78147 23955 20478 42828 80689 75878 20968 23623 54018 87282 58545 39986 54018 31044 0 52370 48173 38208 86074 1150 40026 61120 54902 23093 77419 72412 40829 88093 47181 72410 93453 63445 55016 38229 46891 74363 29084 39149 17617 37553 87363 49309 39986 34486 31228 59588 33054 67866 42240 66732 43894 53502 61485 52425 48396 75120 77044 14050 22002 74079 48922 52633 62422 47757 84361 29765 33302 26144 58686
31451 33713 40376 38806 11210 38791 46031 55259 33539 51289 42762 39070 52530 53560 44653 11210 43368 34472 21794 13592 55401 36686 43021 41736 76836 42793 76592 36134 86870 35931 23692 15204 51449 41428 68889 78402 54181 62616 71863 31849 48348 61122 18547 23538 48617 39993 52370 0 48914 80615 72400 51904 36900 109988 22600 68397 68980 58978 16408 62722 20477 121278 51176 80084 21862 73613 15969 72978 30780 71211 39822 30713 92148 48604 29212 27629 66611 11955 30676 52722 19685 67075 40172 61903 36066 24830 10231 87703 30856 42101 42653 90812 14218 5271 62513 40451 98178 34441 68686 26225 18688
52095 54357 84128 76329 49784 67935 42260 97551 69035 43407 86347 22362 79596 95421 69577 48683 72560 53849 29996 55799 78898 35365 65417 69922 112742 67047 82550 30015 95011 42529 44218 58045 50614 56928 60642 83707 96474 38161 59166 37717 81363 103415 48220 49427 81825 58575 48173 48914 0 48958 112524 49048 66044 88786 64698 47238 104932 99103 38604 104821 29163 100075 81091 102372 36378 79760 52355 105096 26770 79728 31573 45207 123325 77558 52045 47054 72759 56953 55477 93112 52454 98487 71027 90858 31869 32063 51500 114047 70924 34620 52737 113006 56268 50881 93925 74437 123288 25362 74833 32959 48361
65494 72818 113722 86167 74753 77706 80209 120472 82870 41008 114389 54612 82802 126905 79140 73651 82165 63241 70675 88246 82105 78136 74280 79632 122240 76756 62971 46223 77090 58229 68595 91306 90527 60798 39682 61755 117277 62068 36857 57201 90861 123871 86790 71864 90861 67887 38208 80615 48958 0 123085 39358 76869 52143 89932 24116 114430 109378 69074 124682 69842 63433 121699 98914 77057 64096 77324 111374 53490 71392 42081 68347 123466 86152 73022 69470 64032 87833 69643 104710 74890 104444 80737 91710 73674 72742 76641 110251 105998 43156 56986 107562 80645 80878 99600 84600 118922 50282 67052 55981 86931
66775 73569 63195 44094 65417 56174 112916 35062 50440 87460 51084 99638 44176 75952 48331 66518 43192 68796 90863 73527 47663 104351 51307 44050 10475 50489 76957 90404 71389 79312 75200 73527 118334 69784 93268 78454 31761 131205 99082 80776 32980 26142 86224 71795 33249 57971 86074 72400 112524 123085 0 84924 56174 130812 50373 104529 11670 14303 84600 23736 89545 141969 87080 41837 88747 74860 68873 18325 89101 63664 87564 74908 32510 38866 71896 70532 68717 71797 65892 21977 66257 22337 49929 39493 104302 92245 63529 41060 69797 87139 73310 47491 61509 67711 30016 44809 45418 92022 68015 83474 86365
27755 39269 82243 48174 46042 39713 73140 82733 45131 10221 80228 38597 43445 95427 41148 44941 44173 25502 49223 59536 42747 62517 36287 41639 84079 38763 39868 22170 53851 22779 37782 61735 78558 22806 19425 41678 79539 76765 19960 23158 52868 86132 58079 38836 52868 29894 1150 51904 49048 39358 84924 0 38876 60112 53752 22085 76269 71262 40363 86944 47181 71401 92988 62295 55016 37079 46425 73213 29495 38000 18028 37087 86213 48159 38836 34020 30078 59122 31904 66717 41774 65582 42744 52352 61897 52837 47930 73970 76368 14461 21536 72929 48456 52167 61272 46607 83211 30176 32152 25679 58220
19444 26238 56052 17300 29650 3754 73238 53222 13935 41244 52339 52456 23767 69236 11946 30751 14929 21465 47723 39270 23949 62616 9213 12290 55605 9415 45914 43073 55944 31981 27071 39270 78656 23569 49788 47724 50028 88545 55383 33445 23566 56621 50724 24444 24027 12820 40026 36900 66044 76869 56174 38876 0 89412 27153 60775 47795 41871 38857 57517 45681 100636 73417 50363 53207 42935 31804 48173 42549 39337 40233 27577 66413 20646 25805 23201 35934 37274 17295 37202 21907 41575 12908 33946 61995 51812 27961 60038 51454 40231 25979 60997 23242 32211 37013 17092 70180 44840 38008 36143 50866
82578 93934 136882 98710 104126 90249 123854 134700 96176 69374 133817 87519 89919 150066 91683 103025 94708 80707 103926 117620 89222 115212 86823 92175 122328 89299 59062 77010 69264 80938 94515 118440 131309 75739 47522 56961 131506 106014 42013 81934 100076 138100 116163 93502 99614 80430 61120 109988 88786 52143 130812 60112 89412 0 108391 47969 122419 118109 98447 138183 102365 17870 151072 94910 110308 61000 103131 116841 84335 69156 72868 93820 118419 94813 93502 90753 63547 117207 86543 114996 97402 110255 93280 96284 114582 105992 106014 105205 132285 72269 75404 101504 104048 110251 106523 97143 113373 82205 69996 84185 116305
30726 33553 30746 18971 15616 27737 63115 36495 16769 54979 30125 51812 35494 43930 29264 16718 26332 32747 41062 23241 38981 54551 31706 24700 54809 26646 68370 45889 76259 40100 27303 23241 68533 36749 66829 70180 33301 81404 72249 38443 28868 39885 36424 25685 29137 34266 54902 22600 64698 89932 50373 53752 27153 108391 0 75212 46953 36952 34799 40696 39745 119680 50422 62871 38947 65391 19072 52383 41276 60371 49577 34709 72387 31568 30839 30270 58390 21568 25948 30695 18497 47313 23269 44691 54502 42445 13728 69475 27295 51806 37974 73140 12481 17911 42752 23415 79565 44196 60464 35980 36565
49840 59666 101504 70074 62535 61613 83085 104818 67216 28601 102127 44595 62890 114688 63047 61434 66072 47587 61002 76029 62192 72749 58186 63538 103316 60663 42720 34005 59391 43509 56378 79089 88790 44891 16929 42720 101624 70293 15452 43888 73046 108217 74572 59647 72585 51794 23093 68397 47238 24116 104529 22085 60775 47969 75212 0 95714 91080 56856 109029 59441 59258 109481 76774 67384 43045 64937 92659 41330 48638 29863 56130 101663 67784 59871 54750 41279 75616 53989 87967 62504 85027 64643 70612 72129 63068 64423 88449 93780 30749 42266 86657 68428 68660 80717 68506 97690 39201 44299 43763 74714
58332 65126 68155 37398 61997 47795 109496 41367 43086 78805 56044 91344 35362 80912 39888 63098 34482 60353 85200 70107 38849 100092 42492 36421 11437 42110 68564 81960 61900 70869 66757 70107 114914 61341 84454 70060 38066 126022 90268 72333 25254 32447 82804 64447 25419 49528 77419 68980 104932 114430 11670 76269 47795 122419 46953 95714 0 13933 77745 30041 83883 133576 90904 33486 85327 66466 65077 9215 81437 55270 79121 66464 28200 30051 64543 62089 59902 68377 57449 18960 60914 13522 41550 30679 99472 88400 60109 34004 70649 78484 64867 39117 58089 64291 21201 37827 39053 83727 59201 75031 82945
53069 59863 56824 29791 51995 41871 99494 33474 36137 73754 44712 86081 30728 69581 34669 53097 29529 55090 77441 60106 34214 90930 37763 29747 20571 36186 65647 76697 66657 65606 61494 60106 104912 56078 79819 67456 30108 117783 85633 67070 18890 25489 72803 57492 19159 44265 72412 58978 99103 109378 14303 71262 41871 118109 36952 91080 13933 0 71178 23082 76124 129267 79732 42803 75326 62667 55076 19363 75680 52269 73858 61201 39740 25417 57593 56826 55666 58375 52186 8867 51954 19152 35626 27899 90881 78824 50107 43322 60187 73433 59604 48434 48088 54290 21577 30506 50300 78464 55805 69768 72944
24908 27170 54216 49074 19183 40749 37838 68125 41779 39748 56601 28170 52500 66633 42391 18082 45374 27929 12323 25396 51802 27215 38231 42735 85555 39860 68720 24593 79219 24390 15713 28231 43256 34912 57348 70530 66932 53145 60322 20308 54177 73516 22584 21170 54638 33508 40829 16408 38604 69074 84600 40363 38857 98447 34799 56856 77745 71178 0 74922 10281 109736 57492 76879 19756 65931 23468 77909 19239 64726 28281 21963 96138 50372 23788 19867 58930 25794 28291 64921 24196 71300 43841 63672 26595 17534 21071 88518 41978 30560 33590 87513 26151 19111 66739 47181 97795 22900 61004 14684 22725
63917 70526 46872 46778 55739 57637 102062 15703 46791 89058 34761 91935 52295 59630 55781 56841 51097 65938 81185 62108 55782 94674 58223 50722 32401 55116 87214 86012 87219 77168 66654 61937 106919 69564 98478 89024 10248 121527 104292 77122 40158 6034 75709 63274 40427 63195 88093 62722 104821 124682 23736 86944 57517 138183 40696 109029 30041 23082 74922 0 79868 149408 70758 60339 79070 84234 59195 36276 81399 73836 87531 71864 54437 46984 67755 65244 77233 60717 59140 26920 57464 38244 52355 49466 94625 82568 53851 60161 54041 87529 71166 66182 51832 58034 42391 51288 66371 84319 77373 76103 75850
31732 33994 58258 54286 25023 47572 27557 72598 46992 42805 60643 20151 59323 70675 49215 23921 52197 34753 2042 29161 58626 16935 45054 49559 92379 46684 75997 25631 86496 31667 22537 31600 32975 41735 64625 77807 71520 42864 65764 27585 61000 78461 23262 27994 61462 40332 47181 20477 29163 69842 89545 47181 45681 102365 39745 59441 83883 76124 10281 79868 0 113654 57427 83702 11569 73208 29307 84733 21941 71549 29773 28787 102962 57196 30611 26691 66207 29836 35114 69867 31020 78124 50664 70495 16314 7254 26547 95342 45346 33340 40413 94337 31363 23153 73563 52394 104619 23184 68281 21961 23403
93868 105224 148172 109935 115416 101474 135143 145925 107400 80663 145042 98808 101077 161356 102908 114314 105933 91997 115215 128909 100379 126501 98048 103399 133485 100524 70219 88299 80421 92227 105804 129729 142598 87028 58811 68119 142731 117303 53302 93223 111233 149324 127453 104791 110771 91655 72410 121278 100075 63433 141969 71401 100636 17870 119680 59258 133576 129267 109736 149408 113654 0 162361 106067 121597 72157 114420 127999 95624 80314 84157 105109 129644 105970 104791 102042 74704 128496 97832 126153 108691 121413 104505 107442 125871 117282 117304 116429 143574 83558 86693 112729 115337 121540 117680 108367 124598 93494 81153 95474 127594
73157 75419 26285 69393 53500 75309 49034 58516 64935 92373 40497 73981 83926 24516 77507 53627 74763 76178 56141 40940 87413 52876 79936 73131 95358 74812 115859 77218 124616 77015 65501 39596 49961 81780 109706 117669 61158 85610 112947 72933 77746 68168 35261 65245 78016 79811 93453 51176 81091 121699 87080 92988 73417 151072 50422 109481 90904 79732 57492 70758 57427 162361 0 110876 49225 112879 56469 96845 71864 108728 80906 72419 116095 79999 70918 69336 105878 40940 70979 74270 59831 93470 71567 92696 56574 52723 52028 116378 23330 83185 83005 121198 52969 47161 90236 71846 126468 75493 107953 67309 35120
57466 64259 90041 44469 72834 50363 111260 71666 50250 70081 79559 89964 29368 103225 42848 73935 37265 59487 85745 81779 31390 100637 42525 41533 31398 46313 41714 76180 30925 69092 65891 81779 116678 58944 60520 42765 68365 126567 68591 70556 34769 62746 92671 63827 34308 47527 63445 80084 102372 98914 41837 62295 50363 94910 62871 76774 33486 42803 76879 60339 83702 106067 110876 0 91735 39617 74218 28391 80334 28136 72390 65598 25360 31480 63827 61222 40446 80049 56837 42913 65468 24316 45825 20898 100017 89834 71146 12378 89516 69760 63090 12858 67512 75395 28842 43555 21619 82348 35993 74165 92813
39764 42026 50361 55154 26849 55098 26779 69625 49887 52155 54431 27366 67356 62642 57247 26503 59627 42785 9527 22626 66658 18418 53086 57591 93183 54716 84030 34981 94528 40449 30569 24278 32197 49768 72716 85839 70529 47188 72191 36367 64695 77470 15060 36026 64964 48364 55016 21862 36378 77057 88747 55016 53207 110308 38947 67384 85327 75326 19756 79070 11569 121597 49225 91735 0 81240 31608 88809 30859 79582 39123 37569 107979 64435 38643 34723 74239 24667 43146 69069 35325 82906 56520 77734 19453 6108 26579 103374 37157 42690 49195 102369 30565 21619 78344 56798 112651 32534 76313 30743 15201
