NAME : PARIS-100-2
COMMENT : OSM drive network, customers at real shops (shop=* POIs), depot (48.8566, 2.3522), seed 2
TYPE : VRPSPD
DIMENSION : 101
CAPACITY : 150
EDGE_WEIGHT_TYPE : EXPLICIT
EDGE_WEIGHT_FORMAT : FULL_MATRIX
EDGE_WEIGHT_SECTION
0 50742 62956 46147 53098 54348 28996 64096 35447 68761 56683 18035 60950 14111 28960 47603 59275 46305 27160 32288 11590 85341 52257 20158 68673 40064 11590 21101 11977 76537 5353 77717 46324 39967 19789 38408 83584 11856 48885 27584 21389 67646 26079 29567 34354 61042 49639 30917 30166 58300 46739 30917 24006 34167 31591 42541 77882 80623 40173 19255 29162 20879 8905 43368 27836 53739 45880 26225 44793 18424 54342 57532 42310 55864 55335 9252 46904 26128 28960 15039 53458 51655 17922 43690 40092 43747 24027 54033 50372 64471 14036 30193 23392 37824 28706 63917 56286 52508 50121 23357 37534
50742 0 25938 39328 40789 16026 28074 106246 45179 29991 70127 36588 102295 38566 70305 53828 47436 87717 42602 58392 56455 60790 94507 37202 101304 76534 54618 35763 57276 34333 49950 77359 88876 55142 65543 30558 79644 55266 90230 39961 66142 82333 67170 60496 66024 102454 90984 72497 73354 36657 52574 71962 68758 44394 23346 79011 110400 38419 70407 64502 57171 50531 54142 48707 22906 16308 87644 48684 40210 61612 15195 40984 81417 63556 60565 54498 88668 71212 70305 36656 63788 69675 63169 17666 15372 73706 31246 48744 92932 100003 59282 44164 30578 71962 70051 28567 9798 40216 12232 49664 79251
62956 25938 0 62156 63617 10232 46068 121557 67234 43770 58096 47156 109107 51500 78321 76657 70264 103766 50727 78981 68894 37555 101521 50746 121658 80692 68894 49307 69491 18458 62165 100187 95890 51913 77758 32241 102472 69317 97244 59356 78850 105161 73659 81084 86612 118503 96965 88378 83147 55402 44234 88378 81467 66449 33914 82014 105107 24615 90996 76716 77760 68885 66357 71535 37639 39136 103341 69206 63038 73458 12736 60612 84330 86214 83394 66713 104365 83427 78321 49590 86616 92013 75383 19660 23704 94294 44998 71572 103618 94669 71497 66219 41576 92034 78067 43040 22121 63044 16940 54991 94995
46147 39328 62156 0 13704 52257 30860 84856 17364 39202 90925 46145 98838 46104 70378 23214 15364 62724 57729 33930 41414 96509 87106 39386 72312 81482 39565 37947 53395 68919 46587 42142 82907 74209 51975 56076 45435 45791 86773 24571 46179 49535 67497 36034 40630 77461 87648 47504 64263 26455 76487 46969 47603 17447 44298 83959 118032 73005 43707 47643 32710 31204 49547 18093 38114 30910 62651 27203 2874 58476 51340 18552 83728 31650 27020 44703 63675 53083 70378 44195 31534 39061 47864 48172 44061 45704 39581 12963 76735 105889 43977 22033 40579 46969 70124 35371 43993 11008 47964 59912 54258
53098 40789 63617 13704 0 53718 37473 93510 27918 34525 97399 52758 108012 53056 77329 29446 9375 70834 64342 44179 51968 97997 97660 46338 77277 88433 50119 44899 60347 68444 53539 39694 92081 80682 62529 59947 41891 56150 95947 33792 56733 53207 74449 46283 48438 85571 96822 55615 74817 19430 81286 55080 58157 28001 48872 90911 124984 72530 50976 58197 42958 41758 56499 25884 44727 32320 70762 37757 13428 66793 52291 11361 90680 35829 30875 53428 71785 63637 77329 51146 37442 44981 58418 50322 46211 52024 46194 15088 87289 112841 54531 32587 47192 55080 77075 30420 44095 5317 49452 66863 62369
54348 16026 10232 52257 53718 0 37142 112949 58107 34873 64155 38548 103089 42892 71100 66757 60364 95158 44561 69889 60286 46523 95302 41819 112284 77284 60286 40380 60883 26048 53556 90287 89671 54875 69149 29451 92572 60709 91025 50264 70242 95262 67965 71992 77520 109895 91779 79770 75926 45547 48703 79770 72858 57322 25306 79762 110207 30860 81904 68108 68668 60277 57749 61635 28713 29229 94733 60113 53139 65218 5014 50757 82168 76484 73494 58105 95757 74818 71100 40982 76716 82604 66775 12519 15849 85202 36390 61673 96397 99768 62888 57092 32967 82942 70846 34143 12111 53145 6983 50402 86387
28996 28074 46068 30860 37473 37142 0 85007 27596 50228 63955 19175 82703 19791 50713 38086 43671 65206 30759 35881 33257 76190 74526 14616 79075 59574 30919 13177 36245 57366 28205 67222 68593 47239 43612 30667 72015 32834 70638 16256 44636 66088 47579 37984 43513 79943 71393 49986 52435 40078 49578 49451 47252 25975 18190 62051 95060 61452 47896 42571 34660 26827 32397 33851 11144 28868 65133 26106 30949 40693 36786 40869 63810 47358 45817 32753 66157 49443 50713 17882 47278 50489 41238 28464 24827 51195 13048 41293 72013 83360 37351 24610 13609 49451 50459 45773 34362 36883 32564 33518 56740
64096 106246 121557 84856 93510 112949 85007 0 69218 118819 102407 76636 50335 72712 55790 70179 93565 33236 82248 55167 55482 143638 40334 78410 56525 66021 57820 77112 57394 134916 66762 95870 45345 88069 57386 97009 109730 64046 46278 72810 47973 73152 60470 52936 48633 28520 51580 47221 44211 106743 95792 47221 50088 72528 90192 66955 89532 139002 52244 53096 58109 66044 66358 73974 86172 106597 24665 60970 81982 54518 112944 98957 61917 74498 75819 59055 22084 43173 55790 73640 71230 61840 51542 102291 98693 52181 82628 85159 31112 77231 51542 69584 81993 49341 57671 114291 112089 90159 108722 76689 37626
35447 45179 67234 17364 27918 58107 27596 69218 0 51882 85701 40196 85080 39255 57904 13889 29577 46542 52823 17217 28564 99788 73348 32342 60046 71408 26715 31044 42598 75133 36513 44933 69149 68985 38217 54265 51555 32941 73015 15116 32421 42991 57423 19321 24673 61279 73890 31322 50505 39250 73176 30787 32980 5213 41787 73885 109041 79219 29057 33884 15997 18353 37708 9653 34742 42325 46470 13444 14490 44942 57191 32765 73654 23161 21620 31852 47493 39325 57904 38227 24181 28386 34698 51764 47653 32355 34863 22409 62977 95815 30812 8796 37044 30787 57970 48051 50598 25221 53730 52464 38077
68761 29991 43770 39202 34525 34873 50228 118819 51882 0 96058 62730 124982 63347 92992 57872 40582 97412 69326 68087 69903 78539 116290 59739 105888 101628 67565 58300 76010 46717 69202 69086 110356 81866 81585 57283 71014 72599 112917 51041 78088 81855 90112 70191 75543 112149 113672 82192 94198 18094 79299 81657 80705 50358 50071 104105 136977 50803 79314 78959 66866 60966 72162 54070 49630 25977 97339 58695 40084 82457 31563 24630 105910 64255 59486 70088 98363 84992 92992 61437 66053 73593 77626 43121 42096 80362 57386 43736 108645 125129 73739 53015 56717 81657 92738 9732 23148 33952 33569 76389 88946
56683 70127 58096 90925 97399 64155 63955 102407 85701 96058 0 48842 65381 51642 56101 97307 103597 99884 33259 86553 65881 64430 67453 56805 122252 45222 65881 60555 55582 68923 53076 126443 68351 16717 68933 42495 131236 66148 61509 75477 71080 121225 48346 83832 87933 114621 59284 84496 62798 98177 20619 84496 73696 84421 53510 45222 55915 76780 93752 69722 83427 71012 60084 93071 56702 79187 98600 79349 91014 53799 67714 99580 48657 106138 105038 63543 99624 68552 56101 51108 104758 105234 70863 57914 57072 97326 56463 101358 83270 46816 68327 80448 52960 91402 53702 94506 74231 96809 65408 34636 91113
18035 36588 47156 46145 52758 38548 19175 76636 40196 62730 48842 0 69799 6899 37810 51585 58956 58844 15583 43906 24129 72043 62012 11151 81212 46671 24129 14833 24569 62340 17243 80721 56381 32126 32836 25110 85514 24396 57735 29755 33928 78914 34675 42049 46894 73582 58489 43456 40647 55363 37086 43456 36545 38916 15791 49148 82157 66426 52712 31795 41644 27248 21435 47349 15043 42419 58420 35251 46233 28905 40145 56154 50906 60857 59316 21791 59443 38505 37810 4989 59931 62022 30461 27890 24292 56287 11234 56169 60225 70457 26575 34943 9600 50363 37556 59206 42089 52168 35923 18460 50073
60950 102295 109107 98838 108012 103089 82703 50335 85080 124982 65381 69799 0 65876 37706 95821 111052 71249 63988 75924 63268 121716 17948 73038 99614 30549 63666 76142 51201 125138 57486 126758 22615 61358 63167 79355 134125 68434 12744 81906 56143 108425 39452 72993 75134 73174 16998 70174 38955 114521 69503 70174 58759 84903 82239 31483 43651 130536 80952 60587 74990 74175 64350 93001 79601 106977 66123 72052 95965 45375 105591 112859 26445 102263 102058 64902 64082 49594 36435 66804 99119 92434 59119 92621 90042 84527 75792 104574 36407 39954 59119 81720 75157 73157 38566 120138 107839 106696 101590 61274 68318
14111 38566 51500 46104 53056 42892 19791 72712 39255 63347 51642 6899 65876 0 33886 51411 59254 54921 19313 40846 20206 75982 58089 11669 77289 42747 20206 14773 20646 65022 13320 80661 52458 34926 28912 29049 85455 20472 53811 29696 30005 76262 30752 38125 42970 69658 54566 39533 36723 55980 41025 39533 32622 37974 20134 45225 78233 69108 48789 27871 37721 25306 17512 47176 15660 43036 54496 33643 46193 24982 42827 56540 46983 60683 59143 17868 55520 34582 33886 2688 58989 60080 26538 32234 28636 52363 11851 56110 56301 66534 22652 34001 11216 46440 33632 59823 44409 52466 38605 18315 46150
28960 70305 78321 70378 77329 71100 50713 55790 57904 92992 56101 37810 37706 33886 0 69631 83288 54970 35456 50294 35274 97047 28131 41048 81886 22266 35274 44152 19212 95151 25497 100494 22198 39384 35686 50537 106361 40041 25641 50362 30513 82796 8326 47363 49504 69751 26516 45626 14493 82531 47108 45626 33129 56944 50250 25561 64727 99237 55323 33184 49360 44563 32361 65825 47612 74987 52004 46422 68201 13385 73602 81763 23866 76634 76411 32936 53028 25046 5528 34815 73489 66805 31717 60631 58053 58897 43802 76811 34275 47490 31717 52971 43167 51095 5528 88148 75850 76684 69600 29898 47474
47603 53828 76657 23214 29446 66757 38086 70179 13889 57872 97307 51585 95821 51411 69631 0 27403 46670 64048 22893 40296 110101 83913 44499 54071 83238 38447 43201 54755 83783 48669 36400 79890 80590 49944 64755 45158 44673 83756 27273 39865 32185 69253 28105 22897 61407 84631 33924 61246 43131 83666 33389 39150 16096 52277 85715 121198 87869 25435 45612 25448 30510 49865 7700 45232 50143 47431 25575 20340 56670 65840 34894 85484 13712 12948 43584 48455 50066 69631 49616 13640 19840 45716 61887 57776 26483 45353 18885 73718 107645 42539 20953 47534 33389 69801 53953 59248 24320 62464 64621 37293
59275 47436 70264 15364 9375 60364 43671 93565 29577 40582 103597 58956 111052 59254 83288 27403 0 70167 70540 44234 53627 104643 99320 52536 73633 94610 51779 51097 66523 75091 59715 34602 95120 86880 64189 66594 36799 58005 98987 37720 58392 48746 80625 46337 46395 84905 99862 55670 76476 24975 87932 55134 59816 29660 55518 97087 131182 79177 48933 59856 43013 43417 62675 24412 50925 38967 70817 39416 15087 70914 58937 18008 96856 32941 26519 56916 71840 65297 83288 57344 34781 42321 60077 56969 52858 49950 52392 11660 88949 119017 56191 34247 53390 55134 83034 37067 50741 7894 56098 73061 60790
46305 87717 103766 62724 70834 95158 65206 33236 46542 97412 99884 58844 71249 54921 54970 46670 70167 0 68345 32492 36620 126151 54934 60618 35452 73067 38958 59320 49624 117125 50725 69929 54441 83167 43371 79218 83715 45184 59516 51403 30192 47328 58960 30331 25123 18456 60884 24897 43406 84519 89792 24897 29477 50926 72401 74404 107145 121211 26323 39038 35433 47182 48567 50465 68380 85189 15416 40393 59850 47743 95152 76282 69574 49603 49897 41264 12259 36913 54970 55849 45309 35919 38808 84500 80902 26259 64837 61650 45460 92793 37705 47983 64202 26185 56161 92884 93137 67085 90930 67269 14117
27160 42602 50727 57729 64342 44561 30759 82248 52823 69326 33259 15583 63988 19313 35456 64048 70540 68345 0 54270 33630 66687 56201 23546 90713 37674 33630 27296 30039 67019 25452 93184 50570 16542 42337 20774 97977 33897 51923 42218 43429 89686 28339 51550 56394 83082 52678 52957 40283 66948 23400 52957 46046 51543 23531 40152 71657 72439 62213 41296 51145 38383 30561 59812 24733 51426 67921 46719 57818 30593 46158 67739 42456 73128 71779 31292 68944 43975 35456 17859 72128 73156 39962 33735 30305 65788 23204 68162 60754 61176 36076 47570 19701 59864 33695 67081 48102 63752 41937 7062 59574
32288 58392 78981 33930 44179 69889 35881 55167 17217 68087 86553 43906 75924 40846 50294 22893 44234 32492 54270 0 23822 108073 64192 37172 46691 64757 23822 35874 39214 88347 36682 54902 59993 69836 31801 62550 63786 30048 63859 22078 19782 40239 50033 6491 8762 47229 64734 17272 41349 55817 75993 16737 19066 21602 50073 68051 105190 92432 13389 27468 7337 20110 34550 24304 43027 55865 32419 11068 31057 37333 69447 49332 66357 29336 29130 28466 33443 30169 50294 41774 26515 23694 27387 61948 57393 16687 43148 37060 53821 89981 25963 18659 44484 16737 50464 63559 63812 40829 65477 53226 23401
11590 56455 68894 41414 51968 60286 33257 55482 28564 69903 65881 24129 63268 20206 35274 40296 53627 36620 33630 23822 0 91436 52129 24604 58988 49313 2338 25362 19115 82250 16010 70833 47337 49164 14020 44503 76700 8564 51204 23945 12775 57961 34588 19949 24669 51357 52079 21232 28733 59442 55352 21232 15391 27283 37529 52607 88394 86336 30488 10641 20697 12847 13851 36485 33549 56412 36195 17759 38540 22857 60055 56815 50913 47398 47075 5138 37219 17513 35274 21134 44992 41970 9308 49628 46030 34062 29847 47150 41758 74537 5421 23310 29271 28138 35020 65059 61999 49271 55834 32554 27849
85341 60790 37555 96509 97997 46523 76190 143638 99788 78539 64430 72043 121716 75982 97047 110101 104643 126151 66687 108073 91436 0 117196 77523 148519 94261 91436 76894 90965 35476 84550 134539 111565 64834 100143 50643 136851 91702 112444 88449 101235 137855 89334 107722 113655 140888 110534 110763 101873 90542 56845 110763 103852 98167 61182 94936 115276 33397 118851 99101 106609 94827 88742 105549 66803 74052 125726 98298 97391 92183 49026 96099 97899 119373 117408 89098 126750 104901 97047 74318 119309 122681 97768 51151 55195 122150 71633 105952 122344 105926 93882 96802 68211 117670 94690 77809 57396 97424 51792 70666 117380
52257 94507 101521 87106 97660 95302 74526 40334 73348 116290 67453 62012 17948 58089 28131 83913 99320 54934 56201 64192 52129 117196 0 64861 83299 25687 53668 67965 42509 118157 49699 114850 5968 56496 53169 71568 122393 58435 5944 71734 44411 94993 31664 61261 63402 63441 11517 57031 29378 105764 64641 57031 47027 73171 74452 26621 54429 123439 68426 49533 63258 64177 55658 81269 71814 99189 49889 60320 84233 36152 97804 102508 21583 90355 90150 54903 47848 37358 26860 59017 87211 79908 47980 84833 82255 71095 68004 92842 18895 40912 47980 69988 67369 59151 30338 111445 100052 94964 93802 53486 52690
20158 37202 50746 39386 46338 41819 14616 78410 32342 59739 56805 11151 73038 11669 41048 44499 52536 60618 23546 37172 24604 77523 64861 0 81768 49909 24322 8055 26692 63658 19366 73943 58928 40089 34959 31128 78737 26237 60973 22978 36052 71060 37913 38564 44497 75355 61727 44877 42770 49284 45049 44342 38668 31062 20216 52386 85395 67744 49187 33918 35951 22841 23558 40263 14297 40588 60194 27396 39475 31028 41463 49822 54144 53771 52230 23914 61217 40628 41048 9760 52077 55288 32585 32315 28717 52485 10194 49392 62348 73695 28698 27088 11309 50742 40794 54895 43046 45748 37242 25477 51633
68673 101304 121658 72312 77277 112284 79075 56525 60046 105888 122252 81212 99614 77289 81886 54071 73633 35452 90713 46691 58988 148519 83299 81768 0 96839 61326 80470 72742 131258 73093 63712 82806 105535 66489 101586 77497 67552 87881 66674 53310 40498 82732 45603 39108 31377 89250 42866 70322 90962 112160 42331 52595 63986 92750 98176 135488 135344 33578 62156 50705 64707 70935 57866 86220 97637 42844 55665 70417 70861 111842 82725 95559 47730 47922 63632 39541 62329 81886 78217 44429 36520 61176 104625 100070 30563 85520 65016 73825 119662 60823 62440 86570 42331 82160 101784 106723 71974 107956 89637 38579
40064 76534 80692 81482 88433 77284 59574 66021 71408 101628 45222 46671 30549 42747 22266 83238 94610 73067 37674 64757 49313 94261 25687 49909 96839 0 49313 53013 33251 96786 35064 113678 24578 32258 49818 51168 119135 51145 19743 62987 44975 97258 17593 61826 63967 87848 17519 60529 32590 92930 40403 60529 47592 70127 57428 3294 42461 104296 69785 47647 63823 56571 43465 79329 56473 83430 69568 60885 80128 27424 79786 92834 4884 90764 90018 46975 70468 41293 22266 43676 87952 81267 46179 66648 64237 73360 52663 89790 44582 25224 46179 66154 52028 66030 19137 98104 82034 87843 75785 36643 64950
11590 54618 68894 39565 50119 60286 30919 57820 26715 67565 65881 24129 63666 20206 35274 38447 51779 38958 33630 23822 2338 91436 53668 24322 61326 49313 0 23024 19115 82250 16010 68985 47735 49164 14020 44503 74851 6226 51602 22097 15113 59788 34588 21101 27007 53695 52477 23570 30913 57104 55352 23570 17729 25434 37529 52607 88394 86336 32826 12979 20697 10509 13851 34636 33351 54074 38533 16833 36691 22857 60055 54966 50913 45549 45227 5138 39557 19851 35274 21134 43144 43243 11646 49628 46030 36237 29847 45301 44096 74537 7759 21461 29271 30476 35020 62721 60462 47422 55834 32554 30187
21101 35763 49307 37947 44899 40380 13177 77112 31044 58300 60555 14833 76142 14773 44152 43201 51097 59320 27296 35874 25362 76894 67965 8055 80470 53013 23024 0 28350 62220 20310 72504 62032 43838 35717 31371 77298 24939 64077 21539 36741 69762 41017 37266 43199 74058 64831 43579 45874 47845 48798 43044 39357 29764 18894 55490 88499 66306 47889 34676 34653 21543 24502 38966 12858 39149 58896 26099 38036 34132 40025 48383 57248 52473 50932 24858 59919 41548 44152 12864 50779 53990 33343 30993 27395 51187 8755 47953 65452 76799 29456 25791 10936 49444 43898 53456 41607 44309 35803 28581 50335
11977 57276 69491 53395 60347 60883 36245 57394 42598 76010 55582 24569 51201 20646 19212 54755 66523 49624 30039 39214 19115 90965 42509 26692 72742 33251 19115 28350 0 83072 9724 84868 36576 38865 19789 44455 90735 23058 39136 34735 19432 71715 18526 36215 38423 64361 39891 34986 19736 65548 46170 34986 22049 41318 38125 36017 72159 87158 44242 20942 36314 28405 15378 50519 34371 60988 48168 33376 52041 7562 60877 64781 34851 63015 62486 16777 49191 17419 19212 21574 60609 55724 19595 50225 46627 47817 30561 61184 40208 57947 19595 37344 29926 41893 18957 71166 62821 59757 56655 25053 40853
76537 34333 18458 68919 68444 26048 57366 134916 75133 46717 68923 62340 125138 65022 95151 83783 75091 117125 67019 88347 82250 35476 118157 63658 131258 96786 82250 62220 83072 0 75746 105014 112526 67359 91339 48877 107299 82899 113843 69915 92431 111956 90295 90450 95978 131862 113058 101383 99150 58720 59681 100848 95048 74348 49098 97460 119326 7857 100362 90298 87126 80486 79938 78661 50552 44240 116700 78638 69801 87408 24047 64570 100424 92431 89441 80294 117724 97008 95151 63112 93742 99630 88964 36585 40323 103660 58453 76399 118728 109976 85078 74118 56329 101916 94896 45987 27728 67871 29485 71627 108140
5353 49950 62165 46587 53539 53556 28205 66762 36513 69202 53076 17243 57486 13320 25497 48669 59715 50725 25452 36682 16010 84550 49699 19366 73093 35064 16010 20310 9724 75746 0 78783 44068 36360 22731 37617 84240 16277 45421 28092 25809 72066 22616 33961 38774 65463 46176 35337 27913 58740 43568 35337 28426 35232 30799 37541 72529 79832 44593 23676 33556 21676 8754 44434 27045 52948 50301 30012 45233 16171 53551 57973 38847 57353 56401 13672 51324 26868 25497 14248 55421 56075 22342 42898 39300 48168 23235 54896 48384 59368 18456 31259 22600 42244 25242 64358 55495 52948 49329 19749 41954
77717 77359 100187 42142 39694 90287 67222 95870 44933 69086 126443 80721 126758 80661 100494 36400 34602 69929 93184 54902 70833 134539 114850 73943 63712 113678 68985 72504 84868 105014 78783 0 110827 109726 81297 93061 15707 75211 114694 56791 71800 31269 99693 59770 53150 72209 115569 63343 92183 54672 112802 62808 71084 46866 80978 116155 151311 109100 48145 76964 56808 60623 79978 37503 74368 68978 76850 56157 40276 88022 88860 48019 115924 32290 27132 74122 75651 81003 100494 78751 32290 39841 76159 86203 82092 45555 74489 31515 104656 138085 73397 51453 76670 62808 100240 67078 80689 37276 85995 94469 66711
46324 88876 95890 82907 92081 89671 68593 45345 69149 110356 68351 56381 22615 52458 22198 79890 95120 54441 50570 59993 47337 111565 5968 58928 82806 24578 47735 62032 36576 112526 44068 110827 0 53860 47236 65937 118193 52502 10550 67281 40211 91133 26391 57062 59202 68452 11919 54242 23445 99831 61584 54242 42828 68971 68821 25512 57632 117808 64403 44656 59059 58244 49725 77070 66183 93559 50110 56121 80033 30219 92173 96928 20474 86332 86127 48970 51010 34085 20927 53386 83188 75885 43188 79203 76624 67234 62373 88643 23697 43117 43188 65789 61739 57226 24405 105512 94421 90764 88171 47855 50764
39967 55142 51913 74209 80682 54875 47239 88069 68985 81866 16717 32126 61358 34926 39384 80590 86880 83167 16542 69836 49164 64834 56496 40089 105535 32258 49164 43838 38865 67359 36360 109726 53860 0 52216 27712 114520 49431 50552 58761 54363 104508 31629 67115 71216 97905 48327 67779 46082 81461 10633 67779 56980 67704 36794 32691 57922 75216 77035 53006 66711 54296 43368 76355 39986 64033 81884 62632 74297 37082 57377 82863 35692 89422 88321 46826 82907 51836 39384 34391 88042 88517 54147 43204 42270 80610 39747 84642 66553 47484 51610 63731 36243 74686 36985 79621 60642 80092 53375 17920 74396
19789 65543 77758 51975 62529 69149 43612 57386 38217 81585 68933 32836 63167 28912 35686 49944 64189 43371 42337 31801 14020 100143 53169 34959 66489 49818 14020 35717 19789 91339 22731 81297 47236 52216 0 53210 87261 20246 51102 36061 14935 65461 35094 28650 32170 58108 51977 28733 28632 71121 58841 28733 17552 38039 46392 53112 88899 95425 37988 11150 30345 24529 22558 46138 42638 68094 42946 27407 49101 22725 69144 67376 51418 57046 56724 15256 43969 17412 35686 29841 54641 49470 11045 58491 54893 41563 38828 57711 42891 75042 12317 34857 38193 35639 35525 76741 71088 59832 64922 40072 34599
38408 30558 32241 56076 59947 29451 30667 97009 54265 57283 42495 25110 79355 29049 50537 64755 66594 79218 20774 62550 44503 50643 71568 31128 101586 51168 44503 31371 44455 48877 37617 93061 65937 27712 53210 0 97429 44770 67290 42926 54302 92757 43706 61327 67259 93955 67808 63830 55363 60417 24304 63830 56919 52644 17778 53645 83798 56333 72456 52169 60214 47909 41809 60520 22083 39482 78794 52775 56470 45673 31953 61883 56051 74027 72486 42165 79817 58391 50537 27386 73947 77158 50835 17780 16865 75754 26111 66181 75834 73360 46949 51279 22234 70737 49062 55038 35578 59374 27951 25038 70447
83584 79644 102472 45435 41891 92572 72015 109730 51555 71014 131236 85514 134125 85455 106361 45158 36799 83715 97977 63786 76700 136851 122393 78737 77497 119135 74851 77298 90735 107299 84240 15707 118193 114520 87261 97429 0 81078 122060 62658 80259 44724 105150 67902 64315 86116 122935 75342 99549 56416 117595 74807 79737 52733 85346 121613 156769 111385 61930 82929 64940 66490 85845 43945 79161 71175 88849 62489 43569 93987 91145 50216 121381 44231 37653 79989 87651 88369 106361 83545 45840 53627 83150 89177 85066 59341 79283 34809 112022 143543 79263 57320 81463 74807 106107 69275 82949 40102 88307 99262 78711
11856 55266 69317 45791 56150 60709 32834 64046 32941 72599 66148 24396 68434 20472 40041 44673 58005 45184 33897 30048 8564 91702 58435 26237 67552 51145 6226 24939 23058 82899 16277 75211 52502 49431 20246 44770 81078 0 56369 27131 21339 66014 37160 27328 33233 59921 57244 29796 36672 62138 55619 29796 23956 31661 37952 53622 88805 86985 39052 19205 26923 16735 19210 40862 33999 57577 44759 23059 42918 29049 60704 60584 53391 51775 51453 11081 45783 26078 40041 21401 49370 49469 17872 50051 46453 42463 30388 51527 50322 75552 13986 27687 29753 36703 39787 67755 61110 53453 56482 32821 36413
48885 90230 97244 86773 95947 91025 70638 46278 73015 112917 61509 57735 12744 53811 25641 83756 98987 59516 51923 63859 51204 112444 5944 60973 87881 19743 51602 64077 39136 113843 45421 114694 10550 50552 51102 67290 122060 56369 0 69841 44078 96361 27387 60928 63069 69385 5573 58109 26890 102456 58697 58109 46694 72838 70174 20677 48485 119125 68888 48522 62925 62111 52285 80937 67536 94912 55184 59987 83900 33310 93527 100795 15639 90199 89993 52837 53793 37529 24370 54739 87054 80370 47054 80556 77977 72462 63727 92509 24839 34968 47054 69655 63092 61093 26501 108073 95774 94631 89525 49209 56253
27584 39961 59356 24571 33792 50264 16256 72810 15116 51041 75477 29755 81906 29696 50362 27273 37720 51403 42218 22078 23945 88449 71734 22978 66674 62987 22097 21539 34735 69915 28092 56791 67281 58761 36061 42926 62658 27131 69841 0 31761 54970 49002 24181 29710 66140 70596 36183 48349 40589 61836 35648 34378 13836 30448 65464 100621 74001 34093 31728 20857 13735 29846 23037 23402 38502 51330 12369 23583 38401 49822 38226 65233 36545 35004 27234 52354 38412 50362 27786 35987 39221 30395 42324 37768 37392 23524 33107 62318 87394 26509 9862 25704 35648 50108 46196 45381 31095 45852 43503 42937
21389 66142 78850 46179 56733 70242 44636 47973 32421 78088 71080 33928 56143 30005 30513 39865 58392 30192 43429 19782 12775 101235 44411 36052 53310 44975 15113 36741 19432 92431 25809 71800 40211 54363 14935 54302 80259 21339 44078 31761 0 52283 30251 16850 18991 44929 44953 15554 21567 67041 61668 15554 3173 32243 47485 48270 85408 96517 24810 10602 21400 25622 23651 40305 43730 65549 29767 19393 43305 17551 70236 61580 46576 46308 46102 16348 30791 10387 30513 30933 43163 36292 9049 59584 55986 28385 39921 51915 34040 70200 9049 29061 39286 22461 30682 73244 71985 54036 66014 40318 21421
67646 82333 105161 49535 53207 95262 66088 73152 42991 81855 121225 78914 108425 76262 82796 32185 48746 47328 89686 40239 57961 137855 94993 71060 40498 97258 59788 69762 71715 111956 72066 31269 91133 104508 65461 92757 44724 66014 96361 54970 52283 0 82534 42193 33292 48090 97236 42896 73850 66929 110611 42361 51568 45441 80279 100553 137691 116042 27473 61129 45631 55414 69907 36668 73233 77906 55476 49140 47669 69834 94345 58691 98859 24577 23835 62605 53994 62670 82796 76945 23503 23348 60149 90839 86728 23898 73355 41128 84959 122483 59796 48886 75535 42361 82965 77751 87631 47903 90969 88610 46265
26079 67170 73659 67497 74449 67965 47579 60470 57423 90112 48346 34675 39452 30752 8326 69253 80625 58960 28339 50033 34588 89334 31664 37913 82732 17593 34588 41017 18526 90295 22616 99693 26391 31629 35094 43706 105150 37160 27387 49002 30251 82534 0 47102 49242 73740 28141 45805 18483 79650 39353 45805 32868 56142 47115 20888 60054 96102 55061 32923 49099 42586 29480 65344 44477 71852 55994 46161 66143 12700 70467 78883 19194 76372 76033 32250 57017 27072 8326 31680 73228 66543 31455 57496 54918 58636 40667 75806 38954 42818 31455 52169 40032 51922 7291 85268 72715 73859 66465 25624 50843
29567 60496 81084 36034 46283 71992 37984 52936 19321 70191 83832 42049 72993 38125 47363 28105 46337 30331 51550 6491 19949 107722 61261 38564 45603 61826 21101 37266 36215 90450 33961 59770 57062 67115 28650 61327 67902 27328 60928 24181 16850 42193 47102 0 8901 45069 61803 14871 38418 57920 73272 14336 16135 23705 51752 65120 102259 94536 14720 24317 8212 22214 31829 26407 45130 57968 30188 12610 33160 34402 71550 51435 63426 34547 34342 24594 31212 27238 47363 39053 31727 26202 23517 63851 59496 18295 44493 39163 50890 87050 21874 20762 44444 14577 47533 65663 65915 42932 67580 50505 21628
34354 66024 86612 40630 48438 77520 43513 48633 24673 75543 87933 46894 75134 42970 49504 22897 46395 25123 56394 8762 24669 113655 63402 44497 39108 63967 27007 43199 38423 95978 38774 53150 59202 71216 32170 67259 64315 33233 63069 29710 18991 33292 49242 8901 0 39861 63944 11840 40559 62123 77841 11305 18276 29058 57684 67261 104400 100064 5819 27837 14816 27742 36616 26692 50658 63496 25885 18700 37757 36542 77079 53886 65567 27895 29135 29313 26908 29379 49504 43898 26184 17301 26857 69580 65025 9393 50426 37878 53031 89191 26504 26290 50377 11305 49673 71191 71444 43312 73109 55318 15746
61042 102454 118503 77461 85571 109895 79943 28520 61279 112149 114621 73582 73174 69658 69751 61407 84905 18456 83082 47229 51357 140888 63441 75355 31377 87848 53695 74058 64361 131862 65463 72209 68452 97905 58108 93955 86116 59921 69385 66140 44929 48090 73740 45069 39861 0 74687 39635 58186 99256 104529 39635 44214 65663 87138 89184 112900 135948 40853 53775 50170 61919 63304 65202 83117 99927 25692 55130 74587 62480 109889 91019 84354 60046 60237 56001 22389 51693 69751 70586 56999 48300 53545 99237 95639 40789 79574 76387 53626 101492 52442 62720 78939 40922 70941 107621 107874 81822 105668 82006 28854
49639 90984 96965 87648 96822 91779 71393 51580 73890 113672 59284 58489 16998 54566 26516 84631 99862 60884 52678 64734 52079 110534 11517 61727 89250 17519 52477 64831 39891 113058 46176 115569 11919 48327 51977 67808 122935 57244 5573 70596 44953 97236 28141 61803 63944 74687 0 59042 27909 103210 56472 59042 47569 73713 70929 18452 48117 118631 69762 49397 63800 62986 53040 81811 68291 95666 56553 60862 84775 34065 94281 101670 13414 91074 90868 53615 57453 38462 25245 55494 87929 81244 47929 81310 78732 73337 64481 93384 30141 33900 47929 70530 63846 62461 27256 108828 96529 95506 90279 49963 57622
30917 72497 88378 47504 55615 79770 49986 47221 31322 82192 84496 43456 70174 39533 45626 33924 55670 24897 52957 17272 21232 110763 57031 44877 42866 60529 23570 43579 34986 101383 35337 63343 54242 67779 28733 63830 75342 29796 58109 36183 15554 42896 45805 14871 11840 39635 59042 0 34671 69300 74404 8621 14839 35707 57013 63304 100911 105469 16167 24400 20213 31440 33179 37280 52639 69970 24473 24653 44630 33105 79764 61062 60688 38243 40162 25876 25496 25941 45626 40461 36837 27649 23420 69112 65514 18998 49449 48495 47018 84791 23067 32764 48814 11840 45882 77664 77917 52264 75542 51881 15912
30166 73354 83147 64263 74817 75926 52435 44211 50505 94198 62798 40647 38955 36723 14493 61246 76476 43406 40283 41349 28733 101873 29378 42770 70322 32590 30913 45874 19736 99150 27913 92183 23445 46082 28632 55363 99549 36672 26890 48349 21567 73850 18483 38418 40559 58186 27909 34671 0 83737 53805 34671 24184 50327 54203 35334 69778 103235 46377 26052 40415 41422 33566 58426 50448 77824 40440 37477 61389 14061 76955 79664 30504 67688 67483 32148 41463 14091 14493 37651 64544 57859 24584 65457 62704 49952 46639 69999 22695 54450 24584 47145 46004 40140 15684 89354 78899 72120 72733 34724 35909
58300 36657 55402 26455 19430 45547 40078 106743 39250 18094 98177 55363 114521 55980 82531 43131 24975 84519 66948 55817 59442 90542 105764 49284 90962 92930 57104 47845 65548 58720 58740 54672 99831 81461 71121 60417 56416 62138 102456 40589 67041 66929 79650 57920 62123 99256 103210 69300 83737 0 81756 68765 69490 38715 49598 95407 128563 62806 64661 68505 54596 50514 61701 39569 46671 30891 84447 48065 26512 71995 43462 9023 95881 49514 44560 59627 85470 73945 82531 54070 51127 58667 67174 49998 46484 65709 48799 28810 97598 116716 63288 42522 49797 68765 82277 16365 34847 19026 43857 69706 76054
46739 52574 44234 76487 81286 48703 49578 95792 73176 79299 20619 37086 69503 41025 47108 83666 87932 89792 23400 75993 55352 56845 64641 45049 112160 40403 55352 48798 46170 59681 43568 112802 61584 10633 58841 24304 117595 55619 58697 61836 61668 110611 39353 73272 77841 104529 56472 74404 53805 81756 0 74404 64284 71555 37670 40938 65923 67538 83660 59630 72867 59885 50139 79430 40994 61498 88508 68222 76636 44387 52043 83222 43837 92938 91397 53014 89532 59140 47108 39362 92783 93811 61015 39795 38881 87234 44271 86592 74277 55485 57798 68717 39139 81311 44709 77054 57594 80713 48788 25128 81021
30917 71962 88378 46969 55080 79770 49451 47221 30787 81657 84496 43456 70174 39533 45626 33389 55134 24897 52957 16737 21232 110763 57031 44342 42331 60529 23570 43044 34986 100848 35337 62808 54242 67779 28733 63830 74807 29796 58109 35648 15554 42361 45805 14336 11305 39635 59042 8621 34671 68765 74404 0 14839 35172 57013 63304 100911 104934 15632 24400 19678 30905 33179 36745 52104 69435 24473 24118 44095 33105 79764 60527 60688 37708 39626 25876 25496 25941 45626 40461 36302 27114 23420 69112 65514 18463 49449 47960 47018 84791 23067 32228 48814 11305 45882 77129 77382 51729 75542 51881 15912
24006 68758 81467 47603 58157 72858 47252 50088 32980 80705 73696 36545 58759 32622 33129 39150 59816 29477 46046 19066 15391 103852 47027 38668 52595 47592 17729 39357 22049 95048 28426 71084 42828 56980 17552 56919 79737 23956 46694 34378 3173 51568 32868 16135 18276 44214 47569 14839 24184 69490 64284 14839 0 34860 50101 50886 88025 99134 24095 13219 21800 28238 26267 40066 46347 68166 29052 22009 44729 20168 72853 63004 49192 45592 45387 18965 30076 13004 33129 33550 42448 35577 11665 62201 58602 27669 42537 52822 36656 72816 11665 31677 41902 21745 33299 75861 74602 55460 68631 42934 20706
34167 44394 66449 17447 28001 57322 25975 72528 5213 50358 84421 38916 84903 37974 56944 16096 29660 50926 51543 21602 27283 98167 73171 31062 63986 70127 25434 29764 41318 74348 35232 46866 68971 67704 38039 52644 52733 31661 72838 13836 32243 45441 56142 23705 29058 65663 73713 35707 50327 38715 71555 35172 34860 0 40166 72605 107761 78434 33441 33707 20381 17073 36428 11861 33121 40800 50854 13267 14573 44765 56406 32848 72373 25368 23828 30572 51877 39148 56944 36947 26631 30835 33733 50327 46216 36641 33242 23183 62800 94535 29846 7903 35423 35172 56690 46527 49813 25304 52945 51184 42461
31591 23346 33914 44298 48872 25306 18190 90192 41787 50071 53510 15791 82239 20134 50250 52277 55518 72401 23531 50073 37529 61182 74452 20216 92750 57428 37529 18894 38125 49098 30799 80978 68821 36794 46392 17778 85346 37952 70174 30448 47485 80279 47115 51752 57684 87138 70929 57013 54203 49598 37670 57013 50101 40166 0 59905 91984 53184 62088 45351 48852 37519 34991 48042 8375 32171 71976 40297 44387 42461 26903 51064 62072 61549 60009 35347 72999 52061 50250 18225 61469 64681 44018 14648 11050 65386 13633 54731 73781 80930 40131 38802 10210 63126 49995 47826 28847 48299 22681 30034 63629
42541 79011 82014 83959 90911 79762 62051 66955 73885 104105 45222 49148 31483 45225 25561 85715 97087 74404 40152 68051 52607 94936 26621 52386 98176 3294 52607 55490 36017 97460 37541 116155 25512 32691 53112 53645 121613 53622 20677 65464 48270 100553 20888 65120 67261 89184 18452 63304 35334 95407 40938 63304 50886 72605 59905 0 42461 105318 73080 50941 67117 59048 45942 81806 58950 85907 70502 64179 82605 30719 82264 95311 5817 93241 92495 50269 71402 44037 25561 46153 91246 84562 49474 69125 66715 76654 55140 92268 45516 25224 49474 68631 54505 67366 22431 100581 84512 90321 78262 39120 66287
77882 110400 105107 118032 124984 110207 95060 89532 109041 136977 55915 82157 43651 78233 64727 121198 131182 107145 71657 105190 88394 115276 54429 85395 135488 42461 88394 88499 72159 119326 72529 151311 57632 57922 88899 83798 156769 88805 48485 100621 85408 137691 60054 102259 104400 112900 48117 100911 69778 128563 65923 100911 88025 107761 91984 42461 0 127184 110218 88080 104256 94204 81282 116963 91958 118631 102813 101318 117762 68604 112709 128468 42515 129775 128929 86056 101647 80331 64677 79161 127844 121700 86612 99290 98026 113793 88149 127424 73324 22649 86612 103788 87514 104972 61598 133453 115900 124394 109199 71243 101075
80623 38419 24615 73005 72530 30860 61452 139002 79219 50803 76780 66426 130536 69108 99237 87869 79177 121211 72439 92432 86336 33397 123439 67744 135344 104296 86336 66306 87158 7857 79832 109100 117808 75216 95425 56333 111385 86985 119125 74001 96517 116042 96102 94536 100064 135948 118631 105469 103235 62806 67538 104934 99134 78434 53184 105318 127184 0 104447 94383 91212 84571 84024 82747 54638 48326 120786 82724 73887 91494 28133 68656 107933 96517 93527 84380 121810 101094 99237 67198 97828 103715 93050 42135 44408 107746 62539 80485 122813 117833 89164 78204 60415 106002 98982 50073 31813 71957 33571 78539 112226
40173 70407 90996 43707 50976 81904 47896 52244 29057 79314 93752 52712 80952 48789 55323 25435 48933 26323 62213 13389 30488 118851 68426 49187 33578 69785 32826 47889 44242 100362 44593 48145 64403 77035 37988 72456 61930 39052 68888 34093 24810 27473 55061 14720 5819 40853 69762 16167 46377 64661 83660 15632 24095 33441 62088 73080 110218 104447 0 33656 19352 32125 42434 29230 55042 67880 29674 23083 40833 42361 81462 56424 71386 25777 26443 35132 30160 35197 55323 49717 21483 11963 32676 73963 69408 3575 55163 40416 58229 95009 32322 30674 55573 15632 55492 75159 75827 45850 77492 61137 19535
19255 64502 76716 47643 58197 68108 42571 53096 33884 78959 69722 31795 60587 27871 33184 45612 59856 39038 41296 27468 10641 99101 49533 33918 62156 47647 12979 34676 20942 90298 23676 76964 44656 53006 11150 52169 82929 19205 48522 31728 10602 61129 32923 24317 27837 53775 49397 24400 26052 68505 59630 24400 13219 33707 45351 50941 88080 94383 33656 0 26013 23488 21517 41806 41596 66420 38613 23075 44769 20223 68103 63044 49247 52714 52391 14214 39637 14832 33184 28799 50308 45138 6712 57450 53852 37231 37787 53379 39162 72871 7984 30524 37152 31307 33354 74115 70047 55500 63881 40220 30267
29162 57171 77760 32710 42958 68668 34660 58109 15997 66866 83427 41644 74990 37721 49360 25448 43013 35433 51145 7337 20697 106609 63258 35951 50705 63823 20697 34653 36314 87126 33556 56808 59059 66711 30345 60214 64940 26923 62925 20857 21400 45631 49099 8212 14816 50170 63800 20213 40415 54596 72867 19678 21800 20381 48852 67117 104256 91212 19352 26013 0 18890 31424 23083 41806 54644 35361 9848 29836 36399 68226 48111 65423 31891 31685 25341 36384 29235 49360 38649 29167 28107 24885 60727 56172 22650 41927 35839 52887 89047 22940 17438 43263 19678 49530 62339 62591 39608 64256 50100 26967
20879 50531 68885 31204 41758 60277 26827 66044 18353 60966 71012 27248 74175 25306 44563 30510 43417 47182 38383 20110 12847 94827 64177 22841 64707 56571 10509 21543 28405 80486 21676 60623 58244 54296 24529 47909 66490 16735 62111 13735 25622 55414 42586 22214 27742 61919 62986 31440 41422 50514 59885 30905 28238 17073 37519 59048 94204 84571 32125 23488 18890 0 23141 26275 31869 48427 46757 10335 28330 32603 60046 46605 58817 38837 38241 15647 47780 30360 44563 25207 36431 39129 22155 49619 46021 35424 30144 36940 54605 80978 18268 13100 30152 33680 44309 56122 55951 39061 55824 37685 38197
8905 54142 66357 49547 56499 57749 32397 66358 37708 72162 60084 21435 64350 17512 32361 49865 62675 48567 30561 34550 13851 88742 55658 23558 70935 43465 13851 24502 15378 79938 8754 79978 49725 43368 22558 41809 85845 19210 52285 29846 23651 69907 29480 31829 36616 63304 53040 33179 33566 61701 50139 33179 26267 36428 34991 45942 81282 84024 42434 21517 31424 23141 0 45630 31237 57140 48142 28486 47685 21825 57743 60933 45711 58125 57596 11513 49165 28389 32361 18440 55720 53916 20184 47091 43493 46009 27427 56295 52634 67872 16297 32455 26792 40085 32106 67318 59687 55909 53521 26757 39795
43368 48707 71535 18093 25884 61635 33851 73974 9653 54070 93071 47349 93001 47176 65825 7700 24412 50465 59812 24304 36485 105549 81269 40263 57866 79329 34636 38966 50519 78661 44434 37503 77070 76355 46138 60520 43945 40862 80937 23037 40305 36668 65344 26407 26692 65202 81811 37280 58426 39569 79430 36745 40066 11861 48042 81806 116963 82747 29230 41806 23083 26275 45630 0 40996 45021 51226 21366 15219 52864 60719 31331 81575 17428 14900 39774 52250 47246 65825 45380 18122 23635 42620 57212 53101 30278 41118 15895 70898 103736 38733 16717 43298 36745 65892 50151 54127 21330 57342 60385 41088
27836 22906 37639 38114 44727 28713 11144 86172 34742 49630 56702 15043 79601 15660 47612 45232 50925 68380 24733 43027 33549 66803 71814 14297 86220 56473 33351 12858 34371 50552 27045 74368 66183 39986 42638 22083 79161 33999 67536 23402 43730 73233 44477 45130 50658 83117 68291 52639 50448 46671 40994 52104 46347 33121 8375 58950 91958 54638 55042 41596 41806 31869 31237 40996 0 31066 67956 33251 38202 38707 28357 47921 60708 54504 52963 31593 68979 48307 47612 13750 54423 57635 40263 20015 16051 58340 8340 48547 70026 80259 36377 31756 8242 56596 47357 47086 28749 44137 24135 29386 59395
