NAME : PARIS-100-1
COMMENT : OSM drive network, customers at real shops (shop=* POIs), depot (48.8566, 2.3522), seed 1
TYPE : VRPSPD
DIMENSION : 101
CAPACITY : 150
EDGE_WEIGHT_TYPE : EXPLICIT
EDGE_WEIGHT_FORMAT : FULL_MATRIX
EDGE_WEIGHT_SECTION
0 41166 31463 46244 36005 46305 68343 45716 38408 32142 56155 28341 61599 32822 13395 54721 33774 68656 25563 54190 92183 53098 23543 22213 37863 28996 33949 19647 58305 51381 11856 63370 16777 28022 11590 76838 44991 48400 34486 70768 58853 69445 39357 17922 62629 24274 80870 51375 46840 17075 45609 41851 8877 47831 44253 64383 44963 55224 56167 69452 66513 37982 66565 52376 6750 16507 17581 63137 39943 12273 51987 40710 78382 33703 25961 23993 21680 39273 34828 44135 34327 30445 18662 28970 25602 26994 50575 52447 16729 55516 45946 39653 77702 46959 57708 45902 61323 53210 45296 39054 27620
41166 0 67133 81914 13980 21013 65334 81387 74079 45376 91826 30124 53808 33221 49065 79226 11627 104326 60808 46084 127853 70298 59213 32186 16068 62258 20421 23770 56263 41119 37427 89970 35932 62462 31480 103439 55959 79935 27999 102245 94523 105030 41937 30134 53933 59945 51707 26462 19949 52444 36112 13814 40390 81764 59253 39091 68655 90260 89178 75917 83658 71269 102235 31589 43191 52177 53252 85456 53754 35738 87657 55370 114052 37927 61631 27214 57350 74355 42388 30921 66964 29978 38819 18480 48567 21936 55063 85571 38819 50200 76630 70337 58471 45026 89741 76585 96907 88880 42420 37589 27562
31463 67133 0 23336 61973 72273 88013 22616 14180 38414 31937 49218 69319 47842 27540 50938 59742 43651 23404 73956 67153 52019 16661 48181 63831 18436 59917 45615 63225 66898 37824 57290 43520 12953 37401 70758 47968 28247 58265 47668 34913 46345 50354 43890 71667 10854 106838 77343 72808 24754 60247 67819 32903 26122 44589 90351 42906 32123 34414 71173 65434 24590 43465 78344 33484 17321 20085 59355 41701 38257 27769 55549 54936 45118 6664 49961 11231 19809 53415 67406 23098 53696 42576 54938 41271 52962 54519 30289 36467 61980 36699 32078 100983 66629 35999 38326 38222 30109 64966 51619 53588
46244 81914 23336 0 76754 87054 89719 7103 14549 59800 20611 57019 90706 69229 43658 66622 74523 36021 26607 77704 57513 69732 27074 62961 78612 39823 71846 60396 84612 88285 52605 50115 57012 34340 52338 61577 68709 40657 75235 27512 37248 26190 71740 58671 93053 32241 117623 86149 84148 34960 81634 80567 47712 38505 65104 105132 38600 11968 44696 91120 83147 19547 27241 93125 48265 34185 39141 75039 62215 53038 18751 56988 39058 66504 28050 64742 31660 35312 57064 84883 23079 61496 59353 67863 44920 67743 75459 39895 53970 83367 24867 27039 107454 68300 46718 29545 18067 10925 68713 73006 68369
36005 13980 61973 76754 0 28129 68422 76227 68919 44662 86665 27118 58312 36015 43905 78622 17817 99166 55071 50443 122693 71136 54053 29411 23184 59252 21009 17301 60767 45623 33338 84232 29513 58278 27391 97701 56797 77094 31965 96813 89363 99598 43976 23665 58437 54785 59374 32607 26094 46978 40616 19959 35230 77847 59217 46207 62917 84829 86071 79163 84497 65531 97075 38705 37759 47017 48091 86294 52985 29541 82497 52684 108892 40721 56471 28361 52190 69783 39381 35698 61227 27045 34729 16030 43711 24457 58155 82464 34729 54704 70893 64600 63759 47659 86634 70848 91475 83720 45389 42093 30425
46305 21013 72273 87054 28129 0 79362 86526 79218 48130 96965 45694 47548 35433 54205 80941 12531 109466 69475 58922 132993 70834 64353 36907 15771 65206 38383 31934 51212 35736 42567 104107 47946 66242 36620 117576 56296 82883 28348 111261 99663 110255 42474 38808 47673 65084 42078 33093 33231 60988 35815 29765 45530 84870 62007 19087 82792 96033 92126 73361 83473 80028 107375 19557 49326 57317 58391 86228 56508 43360 92797 73111 119192 40139 66771 32353 62489 78135 57958 24819 77333 45622 43958 33735 63331 25716 53967 88519 43155 45149 89147 82854 60637 62380 92689 89102 102132 94020 60382 37728 31341
68343 65334 88013 89719 68422 79362 0 90080 86546 89598 103045 46005 113144 85355 77009 118334 73909 118551 68948 25794 140044 115450 76720 74347 78350 90096 48512 61838 113118 101043 74712 66803 61738 87448 70706 79543 102969 107558 82720 99013 114362 108396 94155 66557 113401 83432 66984 49006 49127 66248 94526 59721 72318 106989 104153 83434 54026 90926 115325 127562 129278 72968 109772 92023 66090 75665 77854 126751 97922 68128 100709 38758 121588 87268 85014 74039 80838 98431 35777 91378 73589 41435 78044 55545 51478 75211 107646 111529 77463 108615 71517 68810 48381 22213 116866 68208 100286 93233 24329 91095 79346
45716 81387 22616 7103 76227 86526 90080 0 11021 59080 21440 57380 89986 68509 43131 64873 73995 36850 26968 78064 58342 67983 26546 62434 78084 39103 72207 59868 83892 87565 52077 52660 57373 33620 51811 64122 66957 38393 74707 29301 37245 27978 71020 58143 92333 31521 117984 86510 84509 35320 80914 80928 47185 36268 63578 104604 40161 13756 43660 89255 81398 19908 28070 92598 47738 33657 38614 73290 60690 52510 18476 57349 39887 65784 27330 64214 31133 33563 57425 84356 23440 61857 58825 68224 45281 67215 75185 38860 53442 82647 27412 27400 107815 68661 45682 32090 19855 12714 69074 72286 67842
38408 74079 14180 14549 68919 79218 86546 11021 0 50645 20522 51125 81470 60073 35823 56838 66688 35915 21595 72692 59144 59947 19535 55126 70776 30667 65953 52561 75376 79129 44770 52611 50466 25184 44503 65950 59170 30358 67400 36073 33331 34750 62585 50835 83817 23085 111728 80256 78255 29066 72478 74673 39877 28232 55564 97296 39114 20528 36525 81336 73362 15803 31867 85290 40430 26349 30948 65255 52676 45202 16093 53816 43684 57349 18895 56907 22853 25527 52053 77048 18067 55603 51518 61883 39909 59908 65920 31919 46134 74211 27912 25527 102443 65127 38109 32416 26627 18514 63702 63850 60534
32142 45376 38414 59800 44662 48130 89598 59080 50645 0 64325 48236 33847 16328 29727 35149 36625 70709 51366 73408 95284 28014 44180 19763 33907 23976 43635 27760 26589 32575 23964 89173 39668 29382 25259 102641 14153 37673 26909 83807 60424 81639 13780 31709 36195 30384 83047 61061 56526 42878 27674 51419 30088 39659 15337 66208 71773 68262 46916 38747 41746 60531 76617 50411 34789 34324 29038 42415 9106 32987 59896 68749 86543 11599 32299 26252 32324 33180 59372 35893 58341 48163 23110 38656 53457 25507 18830 43308 19169 26686 71660 65367 87388 68777 47478 71615 74274 65701 66507 18100 26539
56155 91826 31937 20611 86665 96965 103045 21440 20522 64325 0 69360 94628 73754 53570 63333 84434 23609 39927 91024 46086 68816 37867 72873 88523 44348 84093 70307 88534 92810 62516 58618 68213 38865 62250 70080 70299 36042 82780 30372 23901 26320 76265 68582 96975 36766 129474 98094 96093 47398 86159 92511 57624 32700 66445 115043 50403 14827 34101 90532 82231 32383 18478 103036 58176 43173 45937 65986 63805 62949 8745 70792 29622 71029 32575 74653 37396 35640 70384 92517 35970 73837 67091 79630 58240 77654 79077 33667 62320 87892 36669 39588 120774 81737 38396 41208 18955 12025 81819 77531 78280
28341 30124 49218 57019 27118 45694 46005 57380 51125 48236 69360 0 71782 43993 37007 78333 35383 84206 32692 30925 106762 75060 38670 32985 40750 50610 15764 20476 71756 59681 33331 60188 20744 48654 29344 73656 61607 68764 41358 76623 75568 79408 52792 25194 72038 44638 61540 30475 29138 27453 53164 27480 31325 68194 62791 63773 38873 64639 76531 86200 88888 43152 78859 56271 26088 36871 38368 86749 56559 26747 65192 27416 90676 45906 46220 32676 42043 59637 14559 50989 38848 5453 36682 14241 20652 33849 66284 72735 36082 67252 46887 40594 52975 25184 78071 46842 71285 64144 22914 49733 37984
61599 53808 69319 90706 58312 47548 113144 89986 81470 33847 94628 71782 0 36747 61983 50043 45326 98367 82854 96005 123804 39798 75075 46921 38001 54881 67181 51306 9701 12689 53686 120207 67318 60288 53133 133676 30855 65330 33797 114218 88770 111941 29852 55640 3275 61289 84653 75046 69870 74367 31704 63734 60823 67317 37820 56027 101470 98674 73069 31465 45512 91362 106468 33770 64620 65812 61294 55229 34771 60861 90198 94540 116257 33029 63205 47930 63230 63016 84046 30943 88839 71709 52568 62202 82837 37933 18699 70966 48627 12797 102300 96394 103212 92323 69937 102642 104576 96003 90053 29532 46869
32822 33221 47842 69229 36015 35433 85355 68509 60073 16328 73754 43993 36747 0 34275 49596 24470 82652 54100 69166 106428 41119 47252 16251 21209 33404 39392 23517 32855 26529 23257 91907 37848 38811 24356 105375 26379 51081 13984 93235 72401 91067 13959 28441 37778 39812 70350 55796 49282 45612 18475 43147 32046 53068 29623 53511 74374 77690 60324 49146 54480 64054 86045 38205 35842 39929 34695 55826 24123 32084 69324 66750 96538 7755 41728 15236 40294 46589 56256 22962 61531 43920 21912 34413 55525 12810 28781 56717 18073 28601 74483 68190 83145 64534 60887 74439 83702 75129 62264 10757 15523
13395 49065 27540 43658 43905 54205 77009 43131 35823 29727 53570 37007 61983 34275 0 48361 41674 64733 27814 62856 88260 48360 20958 30113 45763 21198 41849 27547 55890 58111 18395 65621 25452 21490 17841 79089 42576 42055 42386 68183 54930 66860 38571 25822 64331 20127 88770 59275 54740 19326 47062 49751 13343 41985 40592 72283 48162 52638 50621 66411 61775 37760 63980 60276 15416 13635 12167 56777 37063 20189 49397 48313 75796 33335 21979 31893 17698 33828 43494 51528 35237 39111 25706 36870 32852 34894 48160 46602 18292 54644 48198 41905 85602 55625 51858 48153 58737 50624 53962 39837 35520
54721 79226 50938 66622 78622 80941 118334 64873 56838 35149 63333 78333 50043 49596 48361 0 70476 57965 66988 104117 82411 16121 58030 53723 66717 37427 77595 61720 42537 53714 54077 102780 66593 42014 55862 116249 31469 30629 59550 87422 48804 82887 45165 63595 52419 43015 115858 95021 90487 59949 56738 85380 52041 32100 23294 99019 88396 71877 34234 37032 21375 69676 71906 77549 56742 49537 47671 9309 27889 61329 61307 89996 77443 44369 44931 60212 45584 31311 84820 67150 68588 80437 56091 72617 74535 59358 35972 34456 50941 46767 81785 77464 121348 96950 28406 83816 77055 69207 95288 48426 60499
33774 11627 59742 74523 17817 12531 73909 73995 66688 36625 84434 35383 45326 24470 41674 70476 0 96935 56945 53823 120462 60736 51822 24376 7586 53507 28972 19403 47781 32637 30036 91996 35415 53711 24089 105464 46397 71184 20163 98730 87132 97725 32376 26277 45450 52554 48281 34201 27688 48457 27630 21553 32999 73013 50502 30609 70680 83503 80427 67435 74097 67498 94844 23107 36795 44786 45860 76130 45003 30829 80266 62178 106661 29176 54240 19823 49959 65604 47646 22439 64803 35310 31428 23447 51412 13185 46581 76820 30625 41718 76616 70323 65228 53601 80990 76571 89602 81489 50996 29543 18811
68656 104326 43651 36021 99166 109466 118551 36850 35915 70709 23609 84206 98367 82652 64733 57965 96935 0 55222 106319 27558 68801 52419 84664 99714 52336 97110 82808 91109 98056 75017 71192 80713 49387 74594 82654 71669 35292 93233 41361 12389 31322 83343 81083 100714 47289 144030 112939 110001 61716 94963 105012 70096 31950 67531 127544 65813 29397 28637 90517 78196 48246 18874 115472 70677 54336 57100 57953 66098 75450 26613 86655 19772 79927 43482 87154 48303 38469 85679 102216 51694 88683 79592 92131 73535 90155 81653 28623 73483 91991 52079 54998 136069 97600 32777 56618 27032 27435 97328 86429 89196
25563 60808 23404 26607 55071 69475 68948 26968 21595 51366 39927 32692 82854 54100 27814 66988 56945 55222 0 54892 77753 67962 8959 45383 61033 34379 47520 40782 77528 74525 35027 39303 33766 29981 34760 52772 63605 46020 57657 48397 50839 49053 59537 39839 85202 27072 93296 61823 59822 8487 66887 58164 28094 43896 60532 87553 24843 34283 52188 86776 81377 13069 48447 75547 26452 20122 24927 75405 57428 35087 35758 36681 60264 54772 23142 47164 23092 37583 34252 67305 8764 37170 41806 44655 22109 50165 69190 48063 38117 75515 20384 14091 84643 47564 53772 20339 40930 33788 45902 59979 50791
54190 46084 73956 77704 50443 58922 25794 78064 72692 73408 91024 30925 96005 69166 62856 104117 53823 106319 54892 0 128850 99947 62664 58158 58264 76040 29774 45649 96752 83316 59209 63613 47456 73392 55109 75923 86780 93502 66530 93386 100306 98767 77965 50959 96129 69376 55901 27932 27188 52191 78160 39660 58165 92932 87964 69793 44692 83875 101269 111373 113775 63168 99544 71251 51937 61609 63798 112208 81732 52625 86855 29424 111361 71079 70958 57849 66781 84375 21720 73114 59533 26355 62447 37551 39529 59022 91457 97472 61960 92249 62182 59476 38647 12641 102809 60077 90644 83503 13202 74729 63157
92183 127853 67153 57513 122693 132993 140044 58342 59144 95284 46086 106762 123804 106428 88260 82411 120462 27558 77753 128850 0 93504 75693 108440 123489 76339 120637 106335 116298 123853 98544 91261 104240 73043 98121 102723 97813 61602 117008 56411 39652 43760 108682 104610 126180 70945 166877 135496 133495 85218 118833 128539 93623 58261 93676 151071 87305 50889 54782 115220 101898 70209 33148 139064 94204 77863 80627 81656 92243 98977 48644 108405 22093 103703 67009 110681 71830 62859 108211 125992 73796 111240 103119 115658 96067 113682 107797 55886 97010 118136 73572 76490 158601 119349 58665 78111 43310 48928 119646 110205 112972
53098 70298 52019 69732 71136 70834 115450 67983 59947 28014 68816 75060 39798 41119 48360 16121 60736 68801 67962 99947 93504 0 59004 46994 56611 38401 70866 54991 32292 43506 50672 105559 64128 42988 51968 119028 22230 35096 49443 90573 59395 87458 35936 58418 42174 43989 105751 88292 83632 60582 46530 77497 50418 37969 15577 88912 89764 75028 42769 24395 17840 72785 78446 67341 55119 50511 47671 21139 20307 58865 65888 89079 87294 35242 45905 53178 46558 34420 83197 56942 71698 75395 50342 65888 73787 50881 25764 41591 46401 36560 84894 80369 114619 94629 37563 86617 80931 72358 92359 38218 53465
23543 59213 16661 27074 54053 64353 76720 26546 19535 44180 37867 38670 75075 47252 20958 58030 51822 52419 8959 62664 75693 59004 0 40260 55911 25421 50685 37695 69410 69371 29904 46780 35335 21075 29638 60249 54953 38529 52534 51180 45195 50276 52689 35970 77422 18113 98001 67801 63879 13283 60039 58890 25011 36404 51573 82431 32320 35651 44697 78157 72419 16802 47395 70424 25564 11484 16440 66446 48685 30337 33699 44158 59212 47788 14504 42041 14133 30092 42024 62182 14279 43148 36652 46186 29880 45042 60704 40572 31269 67736 27861 21568 90709 55336 46281 27816 42153 34040 53673 53131 45668
22213 32186 48181 62961 29411 36907 74347 62434 55126 19763 72873 32985 46921 16251 30113 53723 24376 84664 45383 58158 108440 46994 40260 0 26136 35560 28384 12509 44317 36703 17728 82529 26840 40889 12528 95998 33134 53504 18929 87486 74413 86163 24320 16397 47952 40678 71472 45810 41275 36895 28560 36168 21437 55491 34318 54985 63786 71941 62747 57727 60727 55936 83283 42090 25234 33225 34299 61395 28086 20256 68704 55742 95099 17433 42394 12369 38397 49012 45248 29736 53241 32912 17841 23405 44517 16232 37811 59140 17175 40478 65767 59474 72137 53526 63310 65722 78040 69927 51256 22484 12656
37863 16068 63831 78612 23184 15771 78350 78084 70776 33907 88523 40750 38001 21209 45763 66717 7586 99714 61033 58264 123489 56611 55911 26136 0 50982 33438 24242 40455 25311 34125 96498 40254 56389 28178 109967 40785 68660 12837 102819 89462 101813 28250 30366 38125 56642 51521 38642 32129 52546 20305 25994 37088 70646 47784 33849 75519 87592 77903 60109 67962 71587 98933 18787 40884 48875 49949 72005 42284 35668 84355 66030 110750 25916 58329 23413 54047 64167 53013 15386 68891 40677 32891 28791 56251 13179 39256 74295 33825 34392 80705 74412 68469 58043 78465 80660 93690 85578 55437 22217 22011
28996 62258 18436 39823 59252 65206 90096 39103 30667 23976 44348 50610 54881 33404 21198 37427 53507 52336 34379 76040 76339 38401 25421 35560 50982 0 57265 42894 48787 52460 31472 72116 40868 9405 33257 85584 34350 25198 43985 63829 41965 61662 35916 41238 57228 10406 100123 74691 70156 27633 45809 65167 28944 25128 30970 83284 56815 48285 33763 57554 51816 40553 56639 67023 31017 16928 17013 45843 28082 35605 39918 60581 66748 30680 12322 42243 12975 16971 56581 52968 38364 52714 35139 52286 44759 42583 40081 29744 28336 47542 52831 46925 99343 68712 35000 53173 54297 45724 67049 37181 42530
33949 20421 59917 71846 21009 38383 48512 72207 65953 43635 84093 15764 67181 39392 41849 77595 28972 97110 47520 29774 120637 70866 50685 28384 33438 57265 0 15875 67155 55080 31282 75952 25991 56291 25335 89421 57006 75668 36757 91451 87307 94236 48192 21186 67437 52728 52318 20488 18487 41916 48563 16305 33174 76285 58190 56461 54637 79466 84621 81599 84599 57980 93687 48959 35703 44961 46035 85267 51958 26997 79925 39948 105504 41305 54414 28075 50133 67727 25980 45809 53676 14712 32673 7777 35613 29248 61683 80901 32673 62651 62651 56358 43753 28205 85208 62607 86113 78972 25599 45132 33383
19647 23770 45615 60396 17301 31934 61838 59868 52561 27760 70307 20476 51306 23517 27547 61720 19403 82808 40782 45649 106335 54991 37695 12509 24242 42894 15875 0 51280 39205 16980 72592 16644 41920 11033 86061 41131 60736 20882 82847 73005 83598 32316 7307 51562 38427 63776 33301 28766 32294 32688 23659 18872 61489 42315 50012 51277 69376 69713 65724 68724 53201 80717 38755 22668 30659 31733 69392 36083 13182 66139 43234 92534 25430 40113 12200 35832 53425 32740 30513 48935 20403 18371 10896 32009 13373 45808 66106 18371 46776 58601 52308 59628 41017 70276 58556 75475 67362 38747 29257 17508
58305 56263 63225 84612 60767 51212 113118 83892 75376 26589 88534 71756 9701 32855 55890 42537 47781 91109 77528 96752 116298 32292 69410 44317 40455 48787 67155 51280 0 15759 49396 115335 64915 54194 50691 128803 23349 57863 34024 108125 81512 105848 25284 55576 12976 55195 89645 77833 72324 69040 29035 66189 56250 60059 30314 64645 97935 92580 65563 28043 40363 85342 100197 40419 60952 59718 55200 47723 27512 58419 84104 94279 109046 28461 57111 45730 57136 55758 84020 33574 83153 71683 48153 62176 79619 39275 11193 63708 44211 11544 96884 90978 107620 92297 62431 97226 98483 89910 90027 25116 46017
51381 41119 66898 88285 45623 35736 101043 87565 79129 32575 92810 59681 12689 26529 58111 53714 32637 98056 74525 83316 123853 43506 69371 36703 25311 52460 55080 39205 15759 0 43468 109990 55216 57867 42915 123458 30818 65019 21696 112291 88459 110123 25855 45329 12814 58868 74169 62357 57180 66037 21486 51045 50605 67005 39096 50288 90482 96746 74262 41165 52796 85046 104676 24977 54402 60960 57422 58901 34459 50631 88380 82438 114465 27953 60784 35829 60809 62705 71944 18318 82351 59608 46362 50101 71213 25831 21738 70654 42514 10171 94196 87903 92144 80222 73266 94151 102758 94185 77952 23835 34768
11856 37427 37824 52605 33338 42567 74712 52077 44770 23964 62516 33331 53686 23257 18395 54077 30036 75017 35027 59209 98544 50672 29904 17728 34125 31472 31282 16980 49396 43468 0 72834 22724 31765 5947 86302 36812 52057 28663 77129 65214 75807 29596 15255 54717 30541 77131 48707 44173 26539 36044 39183 11081 52260 37996 60645 55375 61585 60889 61405 64405 45580 72926 48638 17831 22868 22581 62494 31764 13241 58348 51791 84743 24439 32322 20255 28041 44103 43815 38564 42885 34801 9695 26303 36525 23034 42397 56870 6912 45755 55410 49118 75034 53892 62126 55366 67684 59571 51622 29490 23882
63370 89970 57290 50115 84232 104107 66803 52660 52611 89173 58618 60188 120207 91907 65621 102780 91996 71192 39303 63613 91261 105559 46780 82529 96498 72116 75952 72592 115335 109990 72834 0 64539 67072 72567 16378 101648 79840 93122 45963 77757 55790 97343 75538 121238 64871 111790 87784 87041 46996 104500 87325 65901 77714 98268 122185 23481 46029 86007 124853 118974 38169 59916 111012 63119 58264 62913 111197 95380 71146 59683 45857 71733 92579 60233 82629 60913 71469 56822 102770 41177 65403 79613 73817 46411 85630 107340 81881 75923 113322 28734 31506 94613 54838 87591 23753 49906 48710 56954 97786 87937
16777 35932 43520 57012 29513 47946 61738 57373 50466 39668 68213 20744 67318 37848 25452 66593 35415 80713 33766 47456 104240 64128 35335 26840 40254 40868 25991 16644 64915 55216 22724 64539 0 39894 19115 78008 52516 60457 36893 77467 70910 80252 45115 16825 67574 36332 73892 43417 38882 25435 48417 33893 16777 59888 53314 66024 43766 65482 68224 77109 77448 44226 78623 54767 16388 28564 29639 75010 47468 16777 64044 36394 90439 39761 38018 28212 33737 51331 28223 46525 39922 22624 26187 21012 24622 29385 57920 64505 24255 61274 49587 43294 68127 40354 69765 49543 72129 64988 38691 44812 31839
28022 62462 12953 34340 58278 66242 87448 33620 25184 29382 38865 48654 60288 38811 21490 42014 53711 49387 29981 73392 73043 42988 21075 40889 56389 9405 56291 41920 54194 57867 31765 67072 39894 0 33550 80541 38937 25837 49392 58346 39016 56178 41322 40264 62635 4923 100806 73717 69182 23955 51216 64193 29237 25268 35558 84320 52688 42801 33903 62142 56403 35070 51156 71424 30044 13251 15614 50431 32669 34631 34435 57933 61941 36087 6839 45030 8970 16710 53933 58375 32881 51181 34963 51312 42111 45567 45488 29885 28629 52949 47348 41860 97810 66064 35145 48108 48813 40240 64402 42588 47937
11590 31480 37401 52338 27391 36620 70706 51811 44503 25259 62250 29344 53133 24356 17841 55862 24089 74594 34760 55109 98121 51968 29638 12528 28178 33257 25335 11033 50691 42915 5947 72567 19115 33550 0 86036 38108 53840 24801 76863 64791 75540 30892 9308 54164 29987 71185 42761 38226 26273 36325 33237 10814 53544 39291 54698 54747 61318 61873 62701 65701 45313 72660 42691 14611 22602 22028 64279 33060 9633 58081 49313 84476 25538 31840 14308 27558 44986 40206 34450 42618 29271 10196 20356 36114 17309 43692 58154 8697 47051 55144 48851 69088 49885 63414 55099 67417 59304 47615 30588 17935
76838 103439 70758 61577 97701 117576 79543 64122 65950 102641 70080 73656 133676 105375 79089 116249 105464 82654 52772 75923 102723 119028 60249 95998 109967 85584 89421 86061 128803 123458 86302 16378 78008 80541 86036 0 115116 93179 106590 56009 89219 66291 110812 89007 134707 78340 124231 100094 99351 60465 117969 100794 79370 91054 111737 135654 36950 57492 99230 138321 132443 51638 71379 124480 76587 71733 76382 124665 108849 84615 71145 59156 83195 106048 73702 96097 74382 84938 70290 116239 54646 78872 93082 87285 59879 99098 120809 95157 89392 126791 41062 44975 106924 67148 100931 35251 61369 60172 69264 111254 101405
44991 55959 47968 68709 56797 56296 102969 66957 59170 14153 70299 61607 30855 26379 42576 31469 46397 71669 63605 86780 97813 22230 54953 33134 40785 34350 57006 41131 23349 30818 36812 101648 52516 38937 38108 115116 0 38632 33715 89890 62072 87613 19548 44557 33232 39938 91412 74432 69772 55461 31977 63636 42936 40618 12094 74374 84356 74345 47875 30567 35128 70085 81006 53795 47638 45427 41886 37024 7906 45836 65870 81597 89855 20501 41854 38438 42507 36318 72743 41027 67896 61534 36482 52027 66305 36141 14415 44267 32540 24753 82363 76457 100759 82149 46541 82705 80248 71675 79879 22231 38725
48400 79935 28247 40657 77094 82883 107558 38393 30358 37673 36042 68764 65330 51081 42055 30629 71184 35292 46020 93502 61602 35096 38529 53504 68660 25198 75668 60736 57863 65019 52057 79840 60457 25837 53840 93179 38632 0 61662 60591 25595 55065 50306 60459 67678 24126 117800 93094 88559 43759 63392 83452 49615 3905 33608 100961 65523 45276 11105 56812 48511 43873 44819 84418 50421 33361 36125 37967 33061 55194 34452 77625 53476 47789 25525 60187 28172 9985 74043 70646 45685 71291 55081 70689 62221 60260 48616 8337 48921 58954 55982 52756 117920 86174 12313 59983 48920 42605 84511 54291 60474
34486 27999 58265 75235 31965 28348 82720 74707 67400 26909 82780 41358 33797 13984 42386 59550 20163 93233 57657 66530 117008 49443 52534 18929 12837 43985 36757 20882 34024 21696 28663 93122 36893 49392 24801 106590 33715 61662 0 99442 82981 98437 21083 26989 34054 50393 64098 50574 44060 49169 13235 37925 33711 63649 40616 46426 72159 84215 70905 53039 60892 68210 94635 29833 37507 45498 45029 64838 35117 32308 78612 64115 105779 18748 52157 17357 49196 57170 53621 14031 65515 41285 28776 31778 52890 8275 32186 67298 28110 28384 77328 71035 79724 61899 71468 77283 90314 82201 59629 15147 16296
70768 102245 47668 27512 96813 111261 99013 29301 36073 83807 30372 76623 114218 93235 68183 87422 98730 41361 48397 93386 56411 90573 51180 87486 102819 63829 91451 82847 108125 112291 77129 45963 77467 58346 76863 56009 89890 60591 99442 0 48716 14385 95747 83195 116566 56247 137227 105754 103753 56884 105640 102095 72237 58296 86285 129339 49229 20054 59493 111961 103988 38901 23388 117332 72053 58709 63666 91379 83396 77467 31436 70671 35079 90511 52057 88949 56184 56153 76669 109091 43097 81101 83877 88586 64525 91950 98668 59263 78494 107373 33682 39906 125664 81412 63788 36690 16733 19377 83528 97012 92893
58853 94523 34913 37248 89363 99663 114362 37245 33331 60424 23901 75568 88770 72401 54930 48804 87132 12389 50839 100306 39652 59395 45195 74413 89462 41965 87307 73005 81512 88459 65214 77757 70910 39016 64791 89219 62072 25595 82981 48716 0 38678 73058 71280 91118 36918 134228 104302 100198 52144 84806 95209 60293 22253 57934 117741 69466 33966 18930 81111 69034 46846 27697 105503 60874 44534 47298 48792 56501 65647 25673 82997 31866 69676 33679 77351 38500 28098 80847 91965 48659 80046 69789 82328 68720 80352 72056 18830 63680 82394 55808 56570 127607 92978 23225 60347 34388 31164 91316 76178 78945
69445 105030 46345 26190 99598 110255 108396 27978 34750 81639 26320 79408 111941 91067 66860 82887 97725 31322 49053 98767 43760 87458 50276 86163 101813 61662 94236 83598 105848 110123 75807 55790 80252 56178 75540 66291 87613 55065 98437 14385 38678 0 93579 81872 114289 54080 140012 108539 106538 57467 103473 104880 70914 52458 84008 128334 55982 19034 53359 109174 100873 39243 13039 116327 71467 57387 62343 83901 81119 76239 28879 77081 22428 88343 49889 87944 54710 53876 79454 108085 43439 83886 82555 91372 67310 90945 96391 53128 77171 105206 41827 45167 129844 88026 57654 46042 8123 17171 89288 94844 91571
39357 41937 50354 71740 43976 42474 94155 71020 62585 13780 76265 52792 29852 13959 38571 45165 32376 83343 59537 77965 108682 35936 52689 24320 28250 35916 48192 32316 25284 25855 29596 97343 45115 41322 30892 110812 19548 50306 21083 95747 73058 93579 0 36613 31747 42324 77391 63859 57998 51049 20059 51863 38200 52293 25920 60552 79885 80202 59549 41605 48334 69472 88557 44144 42378 43168 37882 51293 20665 38620 71836 74690 99049 8521 44239 26146 43481 46487 64615 30060 66968 52720 28353 43213 61569 21877 21151 55942 24412 21598 79920 73627 91944 73334 60093 79876 86214 77641 71064 9678 26433
17922 30134 43890 58671 23665 38808 66557 58143 50835 31709 68582 25194 55640 28441 25822 63595 26277 81083 39839 50959 104610 58418 35970 16397 30366 41238 21186 7307 55576 45329 15255 75538 16825 40264 9308 89007 44557 60459 26989 83195 71280 81872 36613 0 56671 36701 69086 38612 34077 31351 38796 29087 17147 60258 45741 56886 54223 67650 68594 69150 72150 51645 78992 44879 20943 28934 30008 71593 39509 11034 64414 46179 90809 29726 38388 16496 34106 51700 36104 36638 48603 25121 16646 16207 34954 19497 49827 64874 16646 51072 60126 53833 64938 45736 69999 60081 73749 65637 43466 33553 21804
62629 53933 71667 93053 58437 47673 113401 92333 83817 36195 96975 72038 3275 37778 64331 52419 45450 100714 85202 96129 126180 42174 77422 47952 38125 57228 67437 51562 12976 12814 54717 121238 67574 62635 54164 134707 33232 67678 34054 116566 91118 114289 31747 56671 0 63637 84633 75170 69994 76714 32735 63859 61854 69664 40196 55072 102501 101021 75445 33813 47881 93709 108815 33894 65650 68159 63641 57605 37118 61892 92546 94796 118604 34923 65552 48186 65577 65364 84302 31132 91186 71965 54661 62458 83571 38189 21075 73313 50720 13828 104647 98742 103336 92580 72313 104990 106924 98351 90310 31426 47126
24274 59945 10854 32241 54785 65084 83432 31521 23085 30384 36766 44638 61289 39812 20127 43015 52554 47289 27072 69376 70945 43989 18113 40678 56642 10406 52728 38427 55195 58868 30541 64871 36332 4923 29987 78340 39938 24126 50393 56247 36918 54080 42324 36701 63637 0 99649 70154 65619 19940 52217 60630 25489 23556 36559 83162 49122 40703 32192 63143 57404 32971 49057 71156 26296 9235 11999 51432 33671 31068 32336 53918 59842 37088 4740 42773 4047 14999 49918 59376 30782 47166 34752 47749 38095 45356 46489 28173 28418 53950 45154 39666 93795 62048 33433 45914 46715 38142 60386 43589 46400
80870 51707 106838 117623 59374 42078 66984 117984 111728 83047 129474 61540 84653 70350 88770 115858 48281 144030 93296 55901 166877 105751 98001 71472 51521 100123 52318 63776 89645 74169 77131 111790 73892 100806 71185 124231 91412 117800 64098 137227 134228 140012 77391 69086 84633 99649 0 33596 39170 88058 71566 49723 80094 119787 96924 37867 96552 125243 127043 111322 119112 103756 139463 58885 82660 91882 92956 121146 91425 74861 125306 81284 151280 75056 101335 66918 97054 112700 71515 63252 99452 60353 78523 56491 81973 60281 90517 123436 77720 83582 108428 102135 43131 64501 127606 108383 131889 124748 64424 73478 65906
51375 26462 77343 86149 32607 33093 49006 86510 80256 61061 98094 30475 75046 55796 59275 95021 34201 112939 61823 27932 135496 88292 67801 45810 38642 74691 20488 33301 77833 62357 48707 87784 43417 73717 42761 100094 74432 93094 50574 105754 104302 108539 63859 38612 75170 70154 33596 0 6903 56584 58687 20301 50599 93711 75616 42541 68489 93769 102047 98471 102025 72283 107990 49576 51828 62387 63461 102693 69384 44423 93925 52218 119807 58629 71840 45501 67559 85153 40449 51440 67979 29287 50099 25538 50907 44511 77638 98327 50099 71770 77362 71069 35076 36438 102634 77317 100416 93275 36361 60004 49914
46840 19949 72808 84148 26094 33231 49127 84509 78255 56526 96093 29138 69870 49282 54740 90487 27688 110001 59822 27188 133495 83632 63879 41275 32129 70156 18487 28766 72324 57180 44173 87041 38882 69182 38226 99351 69772 88559 44060 103753 100198 106538 57998 34077 69994 65619 39170 6903 0 54583 52173 15031 46065 89176 71081 46003 67104 91768 97512 91958 97365 70282 105989 45560 48594 57852 58926 98033 64849 39888 91924 51475 117806 52116 67306 39866 63025 80618 39124 46982 65978 27962 45564 21481 49570 37997 71125 93793 45564 66261 75644 69351 39449 35694 98099 75599 98415 91274 35618 53491 43400
17075 52444 24754 34960 46978 60988 66248 35320 29066 42878 47398 27453 74367 45612 19326 59949 48457 61716 8487 52191 85218 60582 13283 36895 52546 27633 41916 32294 69040 66037 26539 46996 25435 23955 26273 60465 55461 43759 49169 56884 52144 57467 51049 31351 76714 19940 88058 56584 54583 0 58399 50121 19607 42526 52813 79066 29884 42697 50818 78632 73997 21556 56800 67059 17965 12172 16619 68366 49285 26600 43229 36733 68617 46284 20253 38676 17345 34790 32733 58817 17252 31931 33318 37417 20911 41677 61046 47143 29629 67028 28871 22578 79492 44864 52403 28827 49344 42203 43201 51491 42303
45609 36112 60247 81634 40616 35815 94526 80914 72478 27674 86159 53164 31704 18475 47062 56738 27630 94963 66887 78160 118833 46530 60039 28560 20305 45809 48563 32688 29035 21486 36044 104500 48417 51216 36325 117969 31977 63392 13235 105640 84806 103473 20059 38796 32735 52217 71566 58687 52173 58399 0 46038 44833 65379 40129 53893 83965 90096 72635 49939 57792 76841 98450 36293 48630 52716 47510 61924 34629 43831 81729 75922 108943 18679 54133 26988 53109 58994 65428 21009 74318 53091 33664 43584 64697 19402 29085 69028 30860 23365 87270 80978 88513 73705 72355 87226 96107 87534 71435 13721 27275
41851 13814 67819 80567 19959 29765 59721 80928 74673 51419 92511 27480 63734 43147 49751 85380 21553 105012 58164 39660 128539 77497 58890 36168 25994 65167 16305 23659 66189 51045 39183 87325 33893 64193 33237 100794 63636 83452 37925 102095 95209 104880 51863 29087 63859 60630 49723 20301 15031 50121 46038 0 41075 84186 65695 47843 66010 90110 92429 85822 91229 68624 102407 41515 43605 52863 53937 91898 59743 34899 88343 52124 114224 45980 62316 33731 58035 75629 39305 40847 64320 27092 40575 16492 45972 31862 64989 88803 40575 60126 73985 67693 51656 40539 92992 73941 96757 89052 37933 47356 37265
8877 40390 32903 47712 35230 45530 72318 47185 39877 30088 57624 31325 60823 32046 13343 52041 32999 70096 28094 58165 93623 50418 25011 21437 37088 28944 33174 18872 56250 50605 11081 65901 16777 29237 10814 79370 42936 49615 33711 72237 60293 70914 38200 17147 61854 25489 80094 50599 46065 19607 44833 41075 0 49045 41573 63608 48443 56692 57382 66772 63833 40513 68034 51601 10899 17975 17530 60457 37424 11513 53455 44858 79850 32928 27341 23218 23060 40488 38804 43359 36859 33429 17887 28195 29593 26219 48521 53662 15954 54179 48478 42185 76926 50934 58922 48433 62791 54678 49272 38278 26845
47831 81764 26122 38505 77847 84870 106989 36268 28232 39659 32700 68194 67317 53068 41985 32100 73013 31950 43896 92932 58261 37969 36404 55491 70646 25128 76285 61489 60059 67005 52260 77714 59888 25268 53544 91054 40618 3905 63649 58296 22253 52458 52293 60258 69664 23556 119787 93711 89176 42526 65379 84186 49045 0 36481 102948 63398 42981 8669 59685 50896 41748 41477 86405 49852 32791 35555 37979 35047 54625 31110 76040 50134 49776 24291 62174 27448 9915 73474 72632 43560 70722 55458 71306 61390 62247 50602 5180 49124 60940 53856 50631 117351 85605 9877 57858 46626 40311 83942 56277 62461
44253 59253 44589 65104 59217 62007 104153 63578 55564 15337 66445 62791 37820 29623 40592 23294 50502 67531 60532 87964 93676 15577 51573 34318 47784 30970 58190 42315 30314 39096 37996 98268 53314 35558 39291 111737 12094 33608 40616 86285 57934 84008 25920 45741 40196 36559 96924 75616 71081 52813 40129 65695 41573 36481 0 80085 81996 70740 42643 29793 29310 66706 76958 61330 46274 42779 39902 29523 7915 47019 62016 80234 85806 24396 38475 40807 39128 32269 73844 49178 64516 62718 37666 53211 64942 39384 22693 40130 33724 33031 78984 73078 101943 83332 38089 79326 76642 68069 81062 30615 41094
64383 39091 90351 105132 46207 19087 83434 104604 97296 66208 115043 63773 56027 53511 72283 99019 30609 127544 87553 69793 151071 88912 82431 54985 33849 83284 56461 50012 64645 50288 60645 122185 66024 84320 54698 135654 74374 100961 46426 129339 117741 128334 60552 56886 55072 83162 37867 42541 46003 79066 53893 47843 63608 102948 80085 0 100870 114112 110204 82559 97799 98107 125453 32948 67404 75395 76469 104307 74586 61438 110875 91189 137270 58217 84849 50431 80568 96213 76036 43170 95412 63700 62036 51814 81410 43794 70980 106597 61233 59413 107225 100932 62893 78299 110767 107180 120211 112098 77283 55806 49420
44963 68655 42906 38600 62917 82792 54026 40161 39114 71773 50403 38873 101470 74374 48162 88396 70680 65813 24843 44692 87305 89764 32320 63786 75519 56815 54637 51277 97935 90482 55375 23481 43766 52688 54747 36950 84356 65523 72159 49229 69466 55982 79885 54223 102501 49122 96552 68489 67104 29884 83965 66010 48443 63398 81996 100870 0 39719 71690 107527 103179 24672 57033 90033 43355 41355 45801 96813 78179 52409 51468 22794 68850 75121 45850 63478 45642 57085 34014 81791 27123 44088 60886 52502 23603 64651 89941 67565 58465 95864 17490 18133 79298 32718 73275 15385 47859 40717 34834 79382 68786
55224 90260 32123 11968 84829 96033 90926 13756 20528 68262 14827 64639 98674 77690 52638 71877 83503 29397 34283 83875 50889 75028 35651 71941 87592 48285 79466 69376 92580 96746 61585 46029 65482 42801 61318 57492 74345 45276 84215 20054 33966 19034 80202 67650 101021 40703 125243 93769 91768 42697 90096 90110 56692 42981 70740 114112 39719 0 44588 96417 88443 24474 20617 102105 57245 43165 48121 76474 67852 62017 15892 60957 32434 74966 36512 73722 40639 40608 64684 93863 28669 69116 68333 76602 52540 76723 83124 44154 62950 91829 25612 28934 114086 71902 48883 28620 10911 3833 74018 81467 77349
56167 89178 34414 44696 86071 92126 115325 43660 36525 46916 34101 76531 73069 60324 50621 34234 80427 28637 52188 101269 54782 42769 44697 62747 77903 33763 84621 69713 65563 74262 60889 86007 68224 33903 61873 99230 47875 11105 70905 59493 18930 53359 59549 68594 75445 32192 127043 102047 97512 50818 72635 92429 57382 8669 42643 110204 71690 44588 0 64485 54295 50040 42378 93661 58188 41427 44191 36424 42304 62961 33014 84333 48114 57032 32583 69430 35740 18551 81810 79889 51852 79058 64058 79642 69683 69503 57859 8911 57752 68197 62149 58923 125687 93941 8058 66150 47823 41786 92278 63534 69717
69452 75917 71173 91120 79163 73361 127562 89255 81336 38747 90532 86200 31465 49146 66411 37032 67435 90517 86776 111373 115220 24395 78157 57727 60109 57554 81599 65724 28043 41165 61405 124853 77109 62142 62701 138321 30567 56812 53039 111961 81111 109174 41605 69150 33813 63143 111322 98471 91958 78632 49939 85822 66772 59685 29793 82559 107527 96417 64485 0 24099 92722 100162 63696 71473 68598 65721 39974 32558 70429 87276 105433 109010 43268 65059 61204 65712 56136 97336 58743 91101 86127 61075 76620 90141 58140 25207 63307 57133 34794 105355 99662 125352 106742 59279 105910 102319 93746 104472 43887 61492
66513 83658 65434 83147 84497 83473 129278 81398 73362 41746 82231 88888 45512 54480 61775 21375 74097 78196 81377 113775 101898 17840 72419 60727 67962 51816 84599 68724 40363 52796 64405 118974 77448 56403 65701 132443 35128 48511 60892 103988 69034 100873 48334 72150 47881 57404 119112 102025 97365 73997 57792 91229 63833 50896 29310 97799 103179 88443 54295 24099 0 86200 91810 76549 68534 63926 61086 22387 34040 72185 79303 102494 97222 48602 59320 66539 59973 47835 96612 68204 85113 89127 64075 79620 87202 64241 35709 54518 60133 46425 98309 93784 128352 108457 49090 100032 94346 85773 106187 50616 66826
37982 71269 24590 19547 65531 80028 72968 19908 15803 60531 32383 43152 91362 64054 37760 69676 67498 48246 13069 63168 70209 72785 16802 55936 71587 40553 57980 53201 85342 85046 45580 38169 44226 35070 45313 51638 70085 43873 68210 38901 46846 39243 69472 51645 93709 32971 103756 72283 70282 21556 76841 68624 40513 41748 66706 98107 24672 24474 50040 92722 86200 0 40295 86100 39521 28286 33243 78093 63818 46012 29966 39470 52111 64236 28388 57717 30230 38365 43170 77858 7183 47630 52328 55116 31027 60718 76636 45434 48071 84023 15013 11086 93557 51660 51625 18825 31120 23979 53776 69933 61344
66565 102235 43465 27241 97075 107375 109772 28070 31867 76617 18478 78859 106468 86045 63980 71906 94844 18874 48447 99544 33148 78446 47395 83283 98933 56639 93687 80717 100197 104676 72926 59916 78623 51156 72660 71379 81006 44819 94635 23388 27697 13039 88557 78992 108815 49057 139463 107990 105989 56800 98450 102407 68034 41477 76958 125453 57033 20617 42378 100162 91810 40295 0 113446 68586 54506 57792 72920 75186 73359 21037 78133 11817 83321 44867 85063 49688 45269 78905 104372 44490 83337 78946 89703 66761 88064 90741 42148 74175 99759 43300 46218 129295 89077 46673 47839 11360 18656 90340 89822 88690
52376 31589 78344 93125 38705 19557 92023 92598 85290 50411 103036 56271 33770 38205 60276 77549 23107 115472 75547 71251 139064 67341 70424 42090 18787 67023 48959 38755 40419 24977 48638 111012 54767 71424 42691 124480 53795 84418 29833 117332 105503 116327 44144 44879 33894 71156 58885 49576 45560 67059 36293 41515 51601 86405 61330 32948 90033 102105 93661 63696 76549 86100 113446 0 55397 63388 64463 82736 55831 50181 98868 80543 125263 42911 72842 38425 68561 80208 68534 23854 83405 56198 49886 44312 70764 30175 46614 90054 48338 35047 95218 88925 77444 73564 93381 95173 108204 100091 70958 39213 36524
6750 43191 33484 48265 37759 49326 66090 47738 40430 34789 58176 26088 64620 35842 15416 56742 36795 70677 26452 51937 94204 55119 25564 25234 40884 31017 35703 22668 60952 54402 17831 63119 16388 30044 14611 76587 47638 50421 37507 72053 60874 71467 42378 20943 65650 26296 82660 51828 48594 17965 48630 43605 10899 49852 46274 67404 43355 57245 58188 71473 68534 39521 68586 55397 0 18528 19602 65159 42125 12273 54008 38457 80403 36724 27982 27014 23701 41294 32575 47156 35217 28192 21683 30724 23731 30015 53222 54469 19750 58537 46836 40543 75714 44706 59729 46791 63344 55231 43043 42075 30641
