NAME : SHANGHAI-100-1
COMMENT : OSM drive network, customers at real shops (shop=* POIs), depot (31.2304, 121.4737), seed 1
TYPE : VRPSPD
DIMENSION : 101
CAPACITY : 150
EDGE_WEIGHT_TYPE : EXPLICIT
EDGE_WEIGHT_FORMAT : FULL_MATRIX
EDGE_WEIGHT_SECTION
0 31578 33232 22347 62012 34851 25467 45744 63684 34775 64073 22347 58234 34895 13518 18588 40765 50061 40841 17681 15483 28144 36533 25301 40602 24313 52257 19895 86444 20570 45591 50061 29230 34968 14445 30632 17110 36042 57207 30625 33232 67379 32042 24104 24053 55298 19697 17817 65684 400 22559 22941 24423 91950 34367 10351 72113 10392 12370 18634 34775 40462 50521 41872 54228 12233 50751 28140 13897 67139 36533 42084 16416 27055 23092 76024 56686 56252 46218 16994 43409 42175 86872 8301 18202 41455 59342 67635 6647 21556 20259 51418 15550 63047 6376 48061 24160 33058 40671 32833 36644
31578 0 29231 42582 37245 45531 6654 70576 39676 9446 36597 40073 31185 27245 27270 29320 22004 24500 66375 48373 26016 29883 22004 46758 17755 13505 31619 50614 82684 42384 22743 24500 58958 14943 42627 17999 42507 14178 82757 23703 32501 97652 10944 23293 7622 84946 24056 25734 40917 31665 44566 26575 12921 113529 4943 25596 100953 21798 41724 49352 61302 26963 23045 20342 44171 23531 26171 51791 44934 92724 22004 17575 46168 43941 9029 48548 29210 30526 24023 47612 73536 14370 83723 24002 43748 19324 32167 44788 26236 26575 11862 24244 27349 35571 37641 77291 46141 7729 66204 16492 13796
33232 29231 0 18448 65016 17910 22759 60002 67447 24398 45477 17604 52527 6693 31375 35220 7915 49874 61399 49415 18784 11687 13232 19831 46985 17593 60801 51656 104303 18448 51974 49874 61256 16992 43669 41547 39225 18557 73579 43030 7871 99113 23352 37814 26535 87180 33724 33521 68546 33319 19032 37337 28993 85932 34174 29650 103952 22840 44957 50394 66651 7613 37818 49573 66694 21586 53942 37154 46815 83546 12860 15014 49004 18076 21594 56301 43475 23727 53254 48654 75143 34320 105024 25044 41587 12860 30935 74018 27278 35929 19164 29259 21563 49835 39295 80087 20477 24398 61399 14857 43026
22347 42582 18448 0 79032 14387 36111 45198 81235 39299 62995 3013 69007 22779 32862 38471 26119 64839 46595 36788 18189 15477 29711 6224 58306 29589 70984 39029 108390 3013 63295 64839 48629 33471 31042 49565 25483 35036 58775 49969 18448 86487 36799 43447 38658 74554 39041 37161 82562 22347 3483 42308 40647 72873 47526 29695 91325 22579 34317 37767 56465 25817 54793 60357 74574 20739 67958 21719 34819 68742 29339 31493 38079 7246 33735 74505 60696 40345 64222 36027 62516 49284 108818 21818 27238 29339 49139 85339 20630 40900 31160 46777 18497 67057 28239 67460 5083 39299 46595 31336 54348
62012 37245 65016 79032 0 81981 43899 106249 2431 42398 36253 76522 28646 63030 52539 50823 58255 18842 101844 72508 62190 66332 58255 82934 24407 50750 24639 71594 76193 78058 19384 18400 76569 50060 76057 35926 77976 48495 118226 38169 68286 113598 47393 44161 42615 98525 45460 47340 12002 62012 80426 44190 41597 149705 32301 52748 112126 57267 60748 70555 73729 61924 32418 29456 40756 59000 11260 87464 68512 128193 58255 51891 66848 80390 46274 44425 32475 53494 24174 73189 89279 30696 79705 59470 79217 53641 43046 27307 61705 45517 49107 41009 63522 33093 67231 90722 82001 42398 101673 52941 25368
34851 45531 17910 14387 81981 0 39060 57587 84412 41510 62356 15640 69406 24215 38112 44185 25826 66986 58984 49303 22398 18632 31142 10269 62732 32539 75428 51544 114447 14940 67721 66986 61144 34617 43557 54778 37907 36182 71164 55182 17910 99002 39749 48661 42572 87069 44254 42374 85512 34551 12732 47521 44885 70675 50475 35343 103840 27464 46189 50283 68135 23794 54697 64800 79787 25623 70908 32248 47219 81131 30365 32519 49951 9449 36685 71733 60354 33941 68666 48542 75031 51432 115168 27466 39626 30365 47815 89765 29700 46113 34110 46139 23945 66715 40527 79975 11280 41510 58984 32767 58774
25467 6654 22759 36111 43899 39060 0 64104 46330 9308 38605 33602 36431 20773 22235 24669 17788 31153 59721 41719 19362 23411 16472 40287 24408 6851 38225 43960 87641 35913 29397 31153 53278 10728 35973 19887 35854 10728 76103 25032 26030 91418 6728 21025 6151 79345 19472 21136 47571 25555 38095 22224 9030 107058 11597 20560 96161 15144 36412 42699 56950 20726 25054 26996 46997 16877 32825 45319 39051 86070 16472 16617 40487 37470 2376 50556 31219 30785 30677 40958 67447 16708 88520 17348 37094 17788 33875 51442 19582 22224 5208 25951 20695 37580 31531 72108 39670 7591 59550 10021 20450
45744 70576 60002 45198 106249 57587 64104 0 108313 70262 97261 45198 97895 61777 58815 63104 67646 92697 4961 46168 46027 54475 64245 47566 85337 57671 97364 48409 128205 43026 90325 92697 57594 66380 39884 75739 36565 67945 13805 75922 60002 58589 64881 69177 65689 62671 64770 62890 109780 45426 45015 67375 67678 64758 75347 55649 72534 49480 51844 47147 66678 67344 86518 86979 98111 47819 95101 33668 44199 23772 64245 70491 49032 49319 61729 111029 92486 83652 91252 45407 47409 78173 126313 47276 35596 68337 90046 112370 45042 66629 59154 82456 46335 98847 43399 61859 46424 68545 5073 65668 81378
63684 39676 67447 81235 2431 84412 46330 108313 0 44829 38684 78720 31077 65461 53888 51874 60686 21273 103516 73564 63862 68763 60686 84997 25126 53181 22542 72312 75354 80121 18671 20831 74673 52491 77729 37276 79649 50926 119898 37622 70718 111500 49824 45216 45035 96427 46515 48396 14433 63684 82489 44908 43269 151768 34733 54420 110041 58939 61466 71273 71631 64355 34849 27748 38659 60672 13692 89528 69567 129865 60686 54323 67567 82821 48706 46857 34906 55925 23461 74244 87181 33127 78210 61143 80889 56072 45477 26614 63377 46235 51538 43440 65194 35524 68286 88624 84064 44829 103345 55373 27173
34775 9446 24398 39299 42398 41510 9308 70262 44829 0 33165 36790 31425 22412 31543 33977 17905 27257 68376 51027 26214 26600 18575 42737 26447 16159 41065 53268 92130 39299 31435 27257 62586 9379 45281 25937 45000 7814 82645 31082 27669 100726 9500 30333 13588 88653 28780 30444 45928 34863 40875 31532 18338 109507 13231 29869 105469 24452 45720 52007 66259 22130 19618 29788 53047 26142 31324 51476 48359 92612 17905 11211 49795 39919 11684 45120 25783 21477 33469 50266 76755 11702 93169 26656 46402 12960 25261 53480 28890 31532 14517 17338 27542 32144 40839 81416 42450 1717 68205 13063 22512
64073 36597 45477 62995 36253 62356 38605 97261 38684 33165 0 60486 16946 48081 60840 62080 38600 20620 98184 80324 55953 52771 41654 65258 41377 45456 54212 82565 107025 62995 44142 20620 91201 37167 74578 48837 74459 35602 110838 54285 53298 129895 38055 55040 42359 117177 56338 58219 33959 64160 64265 58634 47324 130353 32547 59166 133137 53749 73955 81304 93415 41895 13552 50702 70330 55483 28515 78404 77656 120805 38600 36616 78411 63309 40981 15290 9437 31603 48592 79564 105779 24346 109881 55953 75700 38365 16514 58285 58187 58750 43814 18433 57350 8065 70136 109521 65840 33165 98013 41421 38825
22347 40073 17604 3013 76522 15640 33602 45198 78720 36790 60486 0 66498 20270 30347 36168 25276 62330 46595 36788 15674 12967 27202 7739 55791 27080 68469 39029 106121 3013 60780 62330 48629 30962 31042 47050 25483 32527 58775 47454 17604 86487 34290 40932 36143 74554 36526 34646 80053 22347 4997 39793 38132 74387 45016 27180 91325 20064 34317 37767 56465 24974 52283 57842 72059 18224 65449 21719 34819 68742 26830 28984 38079 9492 31226 73417 58187 41282 61707 36027 62516 46775 106549 18920 27238 26830 48296 82824 19159 38385 28651 44268 15982 64548 28239 67460 6597 36790 46595 28827 51833
58234 31185 52527 69007 28646 69406 36431 97895 31077 31425 16946 66498 0 51968 51713 51145 45497 12182 96010 72452 53847 56307 46167 72293 30442 43282 43277 73467 96090 69007 33207 11740 80618 39087 71833 37902 72285 37522 110279 43350 57225 119672 38263 44104 36555 106242 45403 47284 29046 58234 70431 47699 38894 137403 26241 50689 122202 51575 63019 72326 82480 48945 15218 39767 59395 53308 17580 79110 68455 120246 45497 40918 68399 69475 38807 28897 11955 38844 37657 73132 95556 19802 98946 53779 73525 42668 24459 47349 56013 47815 41640 23784 55175 15920 64210 98586 72006 31425 95839 42771 27890
34895 27245 6693 22779 63030 24215 20773 61777 65461 22412 48081 20270 51968 0 32449 34988 11246 47889 63174 51078 20492 15940 11246 26136 44999 17362 58815 53319 103610 22779 49988 47889 62920 15006 45332 39561 40933 16571 75354 41044 14564 100777 21366 36840 24549 88844 33492 33289 66560 34983 24763 37106 27008 92238 32188 30775 105615 24503 46288 52058 67371 11246 37600 47587 64708 23250 51956 40339 48479 85321 11246 18344 50363 24137 20620 59632 43503 27458 51268 50317 76807 32334 104489 26707 43296 16191 34266 72032 28941 35698 18933 30530 23226 49864 40959 81750 26338 22412 63174 12871 41041
13518 27270 31375 32862 52539 38112 22235 58815 53888 31543 60840 30347 51713 32449 0 8266 38002 42606 53913 23699 16851 26287 33748 36554 30807 21080 40679 25913 78857 31678 35795 42606 34028 31736 27563 19054 30032 32809 70295 19048 31375 72987 28810 12702 19649 59652 8296 6415 56241 13518 34046 11891 19790 103368 29963 3166 76468 11905 16430 24572 37190 38002 47289 30295 44063 13638 41308 40892 19702 80256 33748 38852 20864 34658 19859 72791 53454 53020 34641 24379 48871 38943 79577 12249 31273 38693 56110 57840 14421 10483 17026 48186 17071 59815 18155 52182 35621 29826 53742 29601 27200
18588 29320 35220 38471 50823 44185 24669 63104 51874 33977 62080 36168 51145 34988 8266 0 40437 41902 58202 25312 22617 31394 36183 42375 28792 23620 38325 23410 73636 37499 33781 41902 30078 34170 31799 17205 34546 35244 74567 16599 36481 69132 31244 10148 21698 55702 5742 5742 54787 18588 39655 7046 21840 109046 32012 9757 72518 17694 12480 22371 33195 40437 49723 27940 39783 19427 39854 45926 21316 84499 36183 41287 18664 40479 22294 74031 55888 55455 32287 25993 45016 41377 74357 18071 35562 41127 58544 55825 20242 6451 19566 50620 23144 61054 20035 48232 41255 32260 58031 32035 25863
40765 22004 7915 26119 58255 25826 17788 67646 60686 17905 38600 25276 45497 11246 38002 40437 0 43246 69043 56948 26361 19358 9196 27746 39758 20976 53574 59188 103294 26119 44747 43246 68789 9196 51202 35237 46802 10761 81223 40382 15786 106646 16246 36793 22068 94713 35239 36903 61786 40852 26704 38144 25871 93848 26947 36328 111485 30373 52158 57927 72871 5882 30942 42346 62347 29119 47182 44826 54348 91190 4944 7098 56233 25748 19063 51532 36598 20474 46027 56187 82676 27692 104333 32576 49165 4944 26946 66791 34811 38144 20976 22383 29096 42959 46828 87620 28279 17905 69043 11314 35800
50061 24500 49874 64839 18842 66986 31153 92697 21273 27257 20620 62330 12182 47889 42606 41902 43246 0 89701 63209 48820 52139 43917 68213 21199 38004 34034 64224 86847 64505 23964 442 71375 34919 64106 28659 65833 33354 105080 34107 53145 110429 33236 34861 29870 96999 36160 38041 19581 50061 66352 38456 29651 134984 19556 41583 112959 45123 53776 63083 73237 46783 17277 30524 50151 46857 8337 73912 59212 115047 43246 36750 59156 65396 33529 32572 16802 38352 28414 63889 86313 15555 89703 47327 67074 38500 27904 38106 49561 38572 36362 25867 50148 19595 56037 89343 67927 27257 89530 38603 18647
40841 66375 61399 46595 101844 58984 59721 4961 103516 68376 98184 46595 96010 63174 53913 58202 69043 89701 0 41265 47424 55871 65642 48963 80434 57268 92461 43506 123383 44423 85423 89701 52772 67401 35519 70836 35981 68474 16532 71020 61399 57744 64475 64274 60786 57887 59868 57987 105516 40523 46412 62472 62775 68216 71100 50746 69872 44577 46942 42245 61856 68741 84632 82076 93209 46418 90583 35064 39296 26499 65642 71887 44130 50716 57345 110135 90798 85049 86350 40504 42626 76287 121529 42373 35278 69733 91442 107468 40139 61727 54513 83853 47550 97158 38497 57076 47821 66659 171 65266 76476
17681 48373 49415 36788 72508 49303 41719 46168 73564 51027 80324 36788 72452 51078 23699 25312 56948 63209 41265 0 31666 44166 52716 39624 50482 40565 59469 2434 89784 34893 55470 63209 12402 51220 8062 38517 15879 52293 57648 38289 49415 50640 48294 31455 41317 38469 27048 25168 76210 17681 36882 29379 41688 101638 51631 24321 55285 26575 13849 3634 26093 56645 66773 49088 59474 28416 61277 24326 3996 67615 52716 58336 8617 41377 39343 92275 72938 72504 53435 961 26669 58427 89848 24371 13774 57638 75594 77215 22137 28907 36511 67670 30571 79299 11440 31233 38482 49310 41095 49085 47170
15483 26016 18784 18189 62190 22398 19362 46027 63862 26214 55953 15674 53847 20492 16851 22617 26361 48820 47424 31666 0 13190 22938 22681 40780 13535 53458 33907 92919 17809 45769 48820 43507 23667 25920 32405 20767 24744 59604 33092 18784 81365 20745 26746 21132 69432 22340 20459 65862 15570 20173 25953 23121 89495 30913 14477 86203 5091 27209 32645 48903 26059 42470 42831 57414 3250 50929 27183 29067 69571 22938 29206 31255 19985 16987 67973 48635 42368 46696 30905 57394 34125 93640 7295 23130 27052 48738 67813 9529 24546 14154 41148 2904 54996 21546 62338 21748 24497 47424 21532 36822
28144 29883 11687 15477 66332 18632 23411 54475 68763 26600 52771 12967 56307 15940 26287 31394 19358 52139 55871 44166 13190 0 19755 19848 47637 16890 61088 46407 101696 15477 52626 52139 56007 21890 38420 41182 33631 23455 68052 41868 11687 93864 24100 35523 26981 81931 31116 29236 69863 28231 17460 34730 29295 86508 34826 24563 98703 17752 39870 45145 61564 19056 42093 50225 66191 16101 55259 33037 41728 78018 19755 24654 43916 17273 21036 65196 47996 35365 53906 43405 69894 36585 102417 19956 35994 22500 42378 74670 22190 33322 18461 37966 15969 54357 34207 74838 19035 26600 55871 21874 43678
36533 22004 13232 29711 58255 31142 16472 64245 60686 18575 41654 27202 46167 11246 33748 36183 9196 43917 65642 52716 22938 19755 0 33063 39758 16722 53574 54956 99308 29711 44747 43917 64557 9196 46969 35237 43401 10761 77822 36742 21103 102414 16246 32539 20247 90481 30985 32649 61786 36620 31695 33890 22706 99164 26947 32074 107252 26140 47926 53695 68617 11198 33536 42346 60407 25004 47182 45388 50116 87789 6944 11165 52000 31064 16319 54586 39455 24725 46027 51955 78444 28362 100187 28344 45764 9196 30334 66791 30578 33890 16722 25436 25695 45816 42596 83388 33270 18575 65642 8569 35800
25301 46758 19831 6224 82934 10269 40287 47566 84997 42737 65258 7739 72293 26136 36554 42375 27746 68213 48963 39624 22681 19848 33063 0 62068 33766 74746 41865 111345 5110 67056 68213 51465 36823 33838 53327 27885 38388 61143 53661 19831 89322 40976 47140 42420 77389 42734 40853 86465 25301 2902 46000 44409 66814 51702 33388 94161 26318 37158 40603 59420 26696 57599 64118 78336 24477 71785 22110 37655 71110 32690 34844 40920 3828 37912 74635 63256 36842 67984 38863 65352 52659 111772 24654 29605 32690 50716 89101 23584 44593 35337 49040 22989 69616 31075 70296 1276 42737 48963 34688 58109
40602 17755 46985 58306 24407 62732 24408 85337 25126 26447 41377 55791 30442 44999 30807 28792 39758 21199 80434 50482 40780 47637 39758 62068 0 31259 20134 49231 74008 57192 7032 21199 55037 32698 54647 14194 56567 31767 96817 16741 50256 94091 28698 22135 22342 80162 23434 25314 29210 40602 59560 21826 20188 128882 13302 31339 95696 35857 38384 48191 55974 44718 30653 12545 35496 37591 14632 66566 46486 106784 39758 35164 44485 60102 26784 53328 36233 38990 10454 51163 69846 21426 75047 38061 57808 36913 40462 29077 40295 23154 29617 32538 42113 40351 45204 72507 61135 24896 80264 34247 4092
24313 13505 17593 29589 50750 32539 6851 57671 53181 16159 45456 27080 43282 17362 21080 23620 20976 38004 57268 40565 13535 16890 16722 33766 31259 0 44870 42805 88815 29421 36248 38004 52123 14709 34818 25030 33380 15787 71248 26249 20718 90263 11787 20292 10182 78191 18738 20403 54422 24400 31573 22254 12477 100536 18448 19406 95006 13989 35258 41544 56058 20976 31905 33847 50177 14172 39676 38828 37896 81215 16722 21830 39332 30948 4475 57407 38070 36628 37528 39804 66293 23559 89606 16193 35623 21666 40106 58292 18427 22254 4475 32182 14863 44431 30376 70954 33148 14442 57098 12574 27301
52257 31619 60801 70984 24639 75428 38225 97364 22542 41065 54212 68469 43277 58815 40679 38325 53574 34034 92461 59469 53458 61088 53574 74746 20134 44870 0 57052 54802 69869 17131 34034 56046 46514 65942 25410 68581 45797 108844 21875 64072 92873 42514 31668 35088 76623 32967 34847 32987 52257 72238 31346 32934 141559 29727 42081 89092 48535 46387 56013 51523 58534 45662 11277 16289 50268 25869 79244 55473 118811 53574 49194 52488 72780 40395 65411 49068 55734 10945 60150 68555 38170 55841 50739 69822 50943 57112 20693 52969 32686 43228 49282 54790 52906 54192 68407 73813 39348 92290 48063 20517
19895 50614 51656 39029 71594 51544 43960 48409 72312 53268 82565 39029 73467 53319 25913 23410 59188 64224 43506 2434 33907 46407 54956 41865 49231 42805 57052 0 87350 37134 54219 64224 9968 53461 10496 39528 18313 54534 59889 36151 51656 48852 50535 32470 43274 36036 28064 27214 75557 19895 39123 27404 43645 103879 53588 26536 52851 28816 12085 1681 23659 58886 69013 47038 57053 30657 60625 26759 6211 69855 54956 60577 6184 43618 41584 94516 75179 74745 51385 3395 24736 60668 87414 26612 16208 59879 77834 75373 24378 28774 38751 69911 32812 81539 13654 28799 40723 51551 43335 51326 48185
86444 82684 104303 108390 76193 114447 87641 128205 75354 92130 107025 106121 96090 103610 78857 73636 103294 86847 123383 89784 92919 101696 99308 111345 74008 88815 54802 87350 0 106614 70817 86847 79826 96233 97846 75772 102072 96233 138379 67574 106784 91027 92234 75305 84372 74791 73807 74828 85800 86444 108603 67292 82654 177993 83537 80258 75379 87996 78604 86429 64298 103562 98605 62342 50929 89730 78681 113663 88141 148346 99308 100259 84327 110921 87172 118223 101880 109608 65470 90744 82310 92044 10989 88621 102233 102008 110055 52174 90793 73092 87172 103156 93406 105719 87094 71028 110203 90413 123383 95161 74391
20570 42384 18448 3013 78058 14940 35913 43026 80121 39299 62995 3013 69007 22779 31678 37499 26119 64505 44423 34893 17809 15477 29711 5110 57192 29421 69869 37134 106614 0 62180 64505 46734 33471 29147 48450 23346 35036 56603 48785 18448 84592 36631 42264 37544 72658 37857 35977 81588 20570 2368 41124 39532 71759 47155 28511 89430 21442 32427 35872 54689 25817 54793 59242 73459 19601 66909 19085 32924 66570 29339 31493 36189 6863 33537 74505 60696 41286 63107 34132 60621 49284 107042 19777 25065 29339 49139 84225 18853 39716 30962 46777 18117 67057 26344 65565 3968 39299 44423 31336 53233
45591 22743 51974 63295 19384 67721 29397 90325 18671 31435 44142 60780 33207 49988 35795 33781 44747 23964 85423 55470 45769 52626 44747 67056 7032 36248 17131 54219 70817 62180 0 23964 60025 37686 59636 19182 61555 36756 101805 19529 55244 97766 33687 27123 27330 82675 28422 30303 26543 45591 64548 26815 25176 133870 18291 36327 97125 40846 43373 53180 57403 49706 33417 11468 33144 42579 16862 71555 51474 111772 44747 40152 49474 65091 31772 56093 38997 43978 6186 56151 73447 25764 72695 43050 62796 41902 44351 22222 45284 28142 34605 37527 47101 43116 50193 74459 66123 29884 85252 39235 9080
50061 24500 49874 64839 18400 66986 31153 92697 20831 27257 20620 62330 11740 47889 42606 41902 43246 442 89701 63209 48820 52139 43917 68213 21199 38004 34034 64224 86847 64505 23964 0 71375 34919 64106 28659 65833 33354 105080 34107 53145 110429 33236 34861 29870 96999 36160 38041 19139 50061 66352 38456 29651 134984 19556 41583 112959 45123 53776 63083 73237 46783 17277 30524 50151 46857 8337 73912 59212 115047 43246 36750 59156 65396 33529 32572 16802 38352 28414 63889 86313 15555 89703 47327 67074 38500 27904 38106 49561 38572 36362 25867 50148 19595 56037 89343 67927 27257 89530 38603 18647
29230 58958 61256 48629 76569 61144 53278 57594 74673 62586 91201 48629 80618 62920 34028 30078 68789 71375 52772 12402 43507 56007 64557 51465 55037 52123 56046 9968 79826 46734 60025 71375 0 62779 20464 46233 27946 63852 67092 40748 61256 39934 59853 40226 51609 26301 35820 34970 81363 29230 48723 33211 51701 113814 61924 34895 43117 38416 20511 11026 16135 68487 78331 50411 55730 40257 66431 36728 15674 77024 64557 69895 14808 53219 50902 103152 84496 84063 54874 13363 15615 69986 79406 36213 26005 69480 87152 74587 33978 36136 48069 79229 42412 90176 22908 18831 50323 60869 52772 60643 54590
34968 14943 16992 33471 50060 34617 10728 66380 52491 9379 37167 30962 39087 15006 31736 34170 9196 34919 67401 51220 23667 21890 9196 36823 32698 14709 46514 53461 96233 33471 37686 34919 62779 0 45474 28176 43512 1565 79957 33321 23693 100919 9185 30526 15007 88846 28972 30637 53591 35055 35455 31878 18811 102613 19886 30061 105662 24645 45913 52199 66604 14155 26797 35285 55286 24305 38987 47523 48552 89924 9196 8569 49988 34824 12003 51597 32962 23157 38966 50459 76948 19364 97272 26849 45756 8753 27540 59731 29083 31878 14709 19617 24995 39323 41031 81609 37030 9379 67230 4253 28739
14445 42627 43669 31042 76057 43557 35973 39884 77729 45281 74578 31042 71833 45332 27563 31799 51202 64106 35519 8062 25920 38420 46969 33838 54647 34818 65942 10496 97846 29147 59636 64106 20464 45474 0 44677 9881 46547 51902 44670 43669 56733 42548 37878 37038 45857 33472 31591 79729 14419 31136 35915 38119 94703 47352 24397 62256 20829 20384 11696 34155 50899 61027 55561 66651 22670 64796 16796 11891 61869 46969 52590 16622 35591 33597 86529 67192 66758 59908 7101 32762 52681 97910 18625 6819 51892 69848 81680 16391 35331 30764 61924 24825 73553 11939 39295 32696 43564 35348 43339 50689
30632 17999 41547 49565 35926 54778 19887 75739 37276 25937 48837 47050 37902 39561 19054 17205 35237 28659 70836 38517 32405 41182 35237 53327 14194 25030 25410 39528 75772 48450 19182 28659 46233 28176 44677 0 46956 28176 87219 9718 44166 85288 24177 10170 16750 71595 11469 13349 39889 30632 50819 13023 14597 120140 19572 20456 87129 27482 29132 38387 47407 39514 37943 14376 32566 29215 24957 57664 34521 97186 35237 34066 34460 51361 22058 60788 43693 46155 18538 39198 61171 28716 76811 29117 48197 35237 47627 41227 31345 13273 23388 39704 33737 47811 33240 63940 52394 24220 70666 29725 12280
17110 42507 39225 25483 77976 37907 35854 36565 79649 45000 74459 25483 72285 40933 30032 34546 46802 65833 35981 15879 20767 33631 43401 27885 56567 33380 68581 18313 102072 23346 61555 65833 27946 43512 9881 46956 0 44589 50142 47140 39225 65451 40590 40618 36919 53870 36212 34331 81649 16792 25335 39120 38908 90073 47233 26866 70642 20710 23590 18252 39126 46500 60907 58196 69857 20883 66716 17305 16325 60109 43401 49647 21158 29639 33478 86410 67072 62809 62483 14966 41480 52562 102469 18506 8957 47493 69202 83600 16272 38071 30645 61612 21075 73433 15415 46777 26744 43283 35811 41377 52608
36042 14178 18557 35036 48495 36182 10728 67945 50926 7814 35602 32527 37522 16571 32809 35244 10761 33354 68474 52293 24744 23455 10761 38388 31767 15787 45797 54534 96233 35036 36756 33354 63852 1565 46547 28176 44589 0 81522 33321 25258 101992 9500 31600 15007 89920 30046 31710 52026 36129 37020 32951 19758 104178 18980 31135 106735 25718 46987 53273 67678 15720 25232 34521 55286 25382 37422 49088 49625 91489 10761 7004 51061 36390 12950 50032 31397 21802 38201 51533 78022 17799 97272 27922 46829 8753 25975 58800 30156 32951 15783 18051 26072 37758 42105 82683 38595 7814 68303 5819 27832
57207 82757 73579 58775 118226 71164 76103 13805 119898 82645 110838 58775 110279 75354 70295 74567 81223 105080 16532 57648 59604 68052 77822 61143 96817 71248 108844 59889 138379 56603 101805 105080 67092 79957 51902 87219 50142 81522 0 87402 73579 60065 78458 80640 77169 70859 76233 74353 121898 56889 58592 78855 79157 64711 87483 67129 77736 60960 63324 58627 76853 80921 98902 98459 109591 61396 106966 47259 55679 17806 77822 84068 60512 62896 73728 124404 105067 97229 102732 56887 56859 90556 135763 58756 49173 81914 103623 123850 56522 78092 70895 96033 59912 111428 54879 71309 60001 80928 16702 79245 92858
30625 23703 43030 49969 38169 55182 25032 75922 37622 31082 54285 47454 43350 41044 19048 16599 40382 34107 71020 38289 33092 41868 36742 53661 16741 26249 21875 36151 67574 48785 19529 34107 40748 33321 44670 9718 47140 33321 87402 0 45510 78236 29322 9942 21805 64074 11240 13121 42972 30625 51153 9620 19741 120475 25020 20450 79059 28169 25304 35111 39336 40996 43391 11490 25329 29902 28394 57999 34292 97364 36742 39211 31405 51765 24606 66236 49141 51603 15837 38970 53918 34164 68613 29357 48380 40382 53075 40036 31528 10960 24606 45152 34141 53259 33011 55869 52728 29365 70849 32594 16634
33232 32501 7871 18448 68286 17910 26030 60002 70718 27669 53298 17604 57225 14564 31375 36481 15786 53145 61399 49415 18784 11687 21103 19831 50256 20718 64072 51656 106784 18448 55244 53145 61256 23693 43669 44166 39225 25258 73579 45510 0 99113 26623 40294 29805 87180 36204 34324 71817 33319 19032 39818 32119 85932 37444 29650 103952 22840 44957 50394 66651 14736 42857 52843 69175 21586 57213 37154 46815 83546 20731 22885 49004 18076 24864 62675 48760 27613 56524 48654 75143 37590 107504 25044 41587 20731 38757 77289 27278 38410 22289 37081 21563 55121 39295 80087 20477 27669 61399 22728 46297
67379 97652 99113 86487 113598 99002 91418 58589 111500 100726 129895 86487 119672 100777 72987 69132 106646 110429 57744 50640 81365 93864 102414 89322 94091 90263 92873 48852 91027 84592 97766 110429 39934 100919 56733 85288 65451 101992 60065 78236 99113 0 97993 79280 90329 25582 74874 74024 120418 67379 86581 72265 90700 117761 100643 73615 23434 76274 59395 49910 49102 106344 116471 87291 92558 78115 105485 70983 54394 69972 102414 108035 53692 91076 89042 141846 122636 122203 91754 50640 28439 108126 86669 74070 62005 107337 125292 105481 71836 75190 86209 117369 80270 128870 61219 31837 88181 99009 57914 98784 93644
32042 10944 23352 36799 47393 39749 6728 64881 49824 9500 38055 34290 38263 21366 28810 31244 16246 33236 64475 48294 20745 24100 16246 40976 28698 11787 42514 50535 92234 36631 33687 33236 59853 9185 42548 24177 40590 9500 78458 29322 26623 97993 0 27600 11008 85920 26047 27711 50924 32130 38783 28952 15759 107746 15887 27136 102736 21719 42987 49274 63679 21205 26886 31286 51287 21382 36320 46038 45626 88425 16246 12897 47062 38158 8951 51823 33051 27485 34967 47533 74022 18541 93273 23923 42830 13081 31173 55731 26157 28952 11784 23250 22073 39412 38106 78683 40358 8913 64304 10613 24740
24104 23293 37814 43447 44161 48661 21025 69177 45216 30333 55040 40932 44104 36840 12702 10148 36793 34861 64274 31455 26746 35523 32539 47140 22135 20292 31668 32470 75305 42264 27123 34861 40226 30526 37878 10170 40618 31600 80640 9942 40294 79280 27600 0 17988 65850 4406 6287 47863 24104 44632 8622 17988 113953 25524 14104 82666 21823 22628 31329 42933 36793 44107 21283 35079 23557 32930 51478 27458 90572 32539 37643 27402 45244 18650 66991 49895 51559 25629 32135 55164 34919 76090 22835 41634 37483 53082 49168 25007 8739 18650 45159 27620 54014 26177 58380 46207 28616 64103 28391 18823
24053 7622 26535 38658 42615 42572 6151 65689 45035 13588 42359 36143 36555 24549 19649 21698 22068 29870 60786 41317 21132 26981 20247 42420 22342 10182 35088 43274 84372 37544 27330 29870 51609 15007 37038 16750 36919 15007 77169 21805 29805 90329 11008 17988 0 77325 16434 18112 46288 24053 39912 18954 5349 109233 10314 17974 93331 16209 34102 42133 53680 24501 28807 24460 43861 17943 31542 46918 37321 87136 20247 20897 38555 40454 5946 54310 34973 35065 28326 40646 66213 20133 85251 18413 38159 22068 37783 49375 20647 18954 8540 29859 22465 41333 30028 69669 41487 11871 60615 13796 18383
55298 84946 87180 74554 98525 87069 79345 62671 96427 88653 117177 74554 106242 88844 59652 55702 94713 96999 57887 38469 69432 81931 90481 77389 80162 78191 76623 36036 74791 72658 82675 96999 26301 88846 45857 71595 53870 89920 70859 64074 87180 25582 85920 65850 77325 0 61444 60594 106414 55298 74648 58834 77325 123266 87639 60796 20369 64341 46578 37093 28483 94411 104399 72218 74198 66182 91793 60107 41742 80771 90481 95963 40876 79143 76970 129128 110564 110131 76681 39415 15743 96053 70432 62137 51129 95404 113220 82421 59903 61760 74137 105296 68337 116151 48975 8216 76248 86936 57887 86711 79952
19697 24056 33724 39041 45460 44254 19472 64770 46515 28780 56338 36526 45403 33492 8296 5742 35239 36160 59868 27048 22340 31116 30985 42734 23434 18738 32967 28064 73807 37857 28422 36160 35820 28972 33472 11469 36212 30046 76233 11240 36204 74874 26047 4406 16434 61444 0 1881 49162 19697 40225 7241 16434 109547 26749 9698 78259 17417 18221 26923 38582 35239 44525 22582 36351 19150 34229 47071 23052 86165 30985 36089 22996 40837 17096 68289 50661 50257 26928 27729 50758 36172 74592 18429 37228 35929 53346 50467 20600 6451 17096 45423 23214 55313 21771 53973 41800 27063 59697 26837 20122
17817 25734 33521 37161 47340 42374 21136 62890 48396 30444 58219 34646 47284 33289 6415 5742 36903 38041 57987 25168 20459 29236 32649 40853 25314 20403 34847 27214 74828 35977 30303 38041 34970 30637 31591 13349 34331 31710 74353 13121 34324 74024 27711 6287 18112 60594 1881 0 51042 17817 38345 7859 18112 107667 28426 7817 77409 15536 17371 26041 38107 36903 46189 24462 38231 17270 36110 45191 21171 84285 32649 37753 22146 38957 18760 70170 52339 51921 28809 25849 49908 37844 75549 16548 35347 37594 55010 52347 18720 6451 17867 47087 21333 57193 19890 53123 39920 28727 57816 28502 22002
65684 40917 68546 82562 12002 85512 47571 109780 14433 45928 33959 80053 29046 66560 56241 54787 61786 19581 105516 76210 65862 69863 61786 86465 29210 54422 32987 75557 85800 81588 26543 19139 81363 53591 79729 39889 81649 52026 121898 42972 71817 120418 50924 47863 46288 106414 49162 51042 0 65684 83956 48153 45269 153235 35974 56420 120487 60939 64711 74518 81359 65455 34515 36615 49105 62672 14933 90995 72214 131865 61786 55422 70812 83921 49946 37896 30205 57024 31332 76891 96301 34226 88656 63143 82889 57172 44174 37059 65377 49480 52779 43106 67194 27800 70920 98415 85531 45928 105345 56472 29040
400 31665 33319 22347 62012 34551 25555 45426 63684 34863 64160 22347 58234 34983 13518 18588 40852 50061 40523 17681 15570 28231 36620 25301 40602 24400 52257 19895 86444 20570 45591 50061 29230 35055 14419 30632 16792 36129 56889 30625 33319 67379 32130 24104 24053 55298 19697 17817 65684 0 22559 22941 24423 91950 34367 10351 72113 10480 12370 18634 34775 40550 50608 41872 54228 12320 50751 27740 13897 66821 36620 42172 16416 27055 23179 76111 56773 56340 46218 16994 43409 42263 86872 8701 17884 41543 59429 67635 6647 21556 20346 51506 15250 63134 6376 48061 24160 33146 40353 32920 36644
22559 44566 19032 3483 80426 12732 38095 45015 82489 40875 64265 4997 70431 24763 34046 39655 26704 66352 46412 36882 20173 17460 31695 2902 59560 31573 72238 39123 108603 2368 64548 66352 48723 35455 31136 50819 25335 37020 58592 51153 19032 86581 38783 44632 39912 74648 40225 38345 83956 22559 0 43492 41900 69551 49509 30879 91419 23810 34416 37861 56678 26401 56063 61610 75827 21969 69277 20869 34913 68559 31323 33476 38178 4655 35719 75090 61967 39077 65475 36121 62610 50797 109031 22145 27054 31323 49724 86593 20842 42084 33144 48048 20481 68327 28333 67554 1760 40875 46412 33320 55601
22941 26575 37337 42308 44190 47521 22224 67375 44908 31532 58634 39793 47699 37106 11891 7046 38144 38456 62472 29379 25953 34730 33890 46000 21826 22254 31346 27404 67292 41124 26815 38456 33211 31878 35915 13023 39120 32951 78855 9620 39818 72265 28952 8622 18954 58834 7241 7859 48153 22941 43492 0 18954 112814 29170 13293 75110 21030 16558 26365 35388 38144 47031 20961 32956 22764 33220 50297 25383 88821 33890 38841 22659 44104 20612 70585 53129 53009 25308 30060 48148 38513 68013 21695 39832 38835 56098 48860 23867 6526 20612 48175 26480 57608 24101 51364 45067 29815 62301 29743 21379
24423 12921 28993 40647 41597 44885 9030 67678 43269 18338 47324 38132 38894 27008 19790 21840 25871 29651 62775 41688 23121 29295 22706 44409 20188 12477 32934 43645 82654 39532 25176 29651 51701 18811 38119 14597 38908 19758 79157 19741 32119 90700 15759 17988 5349 77325 16434 18112 45269 24423 41900 18954 0 111222 15158 18116 93331 18198 34102 42504 53680 26960 33974 22306 41707 19931 30337 48907 37692 89124 22706 25648 38920 42443 8825 59275 40139 39816 26172 41017 66584 25256 83693 20402 40148 25871 42905 47221 22636 18954 10834 34982 24453 46298 30399 69669 43475 16622 62604 16676 16229
91950 113529 85932 72873 149705 70675 107058 64758 151768 109507 130353 74387 137403 92238 103368 109046 93848 134984 68216 101638 89495 86508 99164 66814 128882 100536 141559 103879 177993 71759 133870 134984 113814 102613 94703 120140 90073 104178 64711 120475 85932 117761 107746 113953 109233 123266 109547 107667 153235 91950 69551 112814 111222 0 118472 100201 133826 93132 103807 103079 122932 91791 122694 130932 145149 91291 138556 77907 100130 66903 98362 100516 104964 70642 104682 139730 128351 101245 134797 100791 108004 119429 178421 91467 90933 98362 115811 155915 90233 111406 102107 114135 89803 134711 97724 122454 67925 109507 68216 100790 124923
34367 4943 34174 47526 32301 50475 11597 75347 34733 13231 32547 45016 26241 32188 29963 32012 26947 19556 71100 51631 30913 34826 26947 51702 13302 18448 29727 53588 83537 47155 18291 19556 61924 19886 47352 19572 47233 18980 87483 25020 37444 100643 15887 25524 10314 87639 26749 28426 35974 34367 49509 29170 15158 118472 0 28288 103645 26523 44417 52447 63951 31499 18996 21437 45024 28257 21228 56562 47635 97450 26947 22376 48869 48884 13973 44498 25161 26646 21244 50960 76527 10277 84576 28727 48473 24126 28118 40336 30961 29268 16806 20194 32246 31522 40343 79983 51084 11656 70930 21435 9344
10351 25596 29650 29695 52748 35343 20560 55649 54420 29869 59166 27180 50689 30775 3166 9757 36328 41583 50746 24321 14477 24563 32074 33388 31339 19406 42081 26536 80258 28511 36327 41583 34895 30061 24397 20456 26866 31135 67129 20450 29650 73615 27136 14104 17974 60796 9698 7817 56420 10351 30879 13293 18116 100201 28288 0 77612 9386 17555 25194 38479 36328 45614 31696 45465 11227 41488 37725 20324 77090 32074 37178 21629 31491 18185 71117 51779 51346 36043 24053 49498 37269 80979 9083 28107 37018 54435 58372 11254 11885 15352 46512 14698 58140 16327 53326 32454 28152 50576 27926 27380
72113 100953 103952 91325 112126 103840 96161 72534 110041 105469 133137 91325 122202 105615 76468 72518 111485 112959 69872 55285 86203 98703 107252 94161 95696 95006 89092 52851 75379 89430 97125 112959 43117 105662 62256 87129 70642 106735 77736 79059 103952 23434 102736 82666 93331 20369 78259 77409 120487 72113 91419 75110 93331 133826 103645 77612 0 81112 63394 53909 44058 111182 121215 87145 82352 82953 107327 76506 58557 87643 107252 112778 57691 95914 93785 145088 127380 126946 91607 55814 31287 112869 71020 78908 67529 112175 130035 90576 76674 78331 90952 122112 85108 132111 65791 26261 93019 103752 70043 103527 95486
10392 21798 22840 22579 57267 27464 15144 49480 58939 24452 53749 20064 51575 24503 11905 17694 30373 45123 44577 26575 5091 17752 26140 26318 35857 13989 48535 28816 87996 21442 40846 45123 38416 24645 20829 27482 20710 25718 60960 28169 22840 76274 21719 21823 16209 64341 17417 15536 60939 10480 23810 21030 18198 93132 26523 9386 81112 0 22118 27555 43812 30070 40198 37908 52491 1841 46006 30817 23976 70927 26140 31761 26164 24376 12768 65700 46363 45929 41773 25814 52303 31852 88717 2204 21950 31063 49019 62890 4438 19623 9935 41095 6423 52724 16455 57247 25385 22735 44406 22510 31899
12370 41724 44957 34317 60748 46189 36412 51844 61466 45720 73955 34317 63019 46288 16430 12480 52158 53776 46942 13849 27209 39870 47926 37158 38384 35258 46387 12085 78604 32427 43373 53776 20511 45913 20384 29132 23590 46987 63324 25304 44957 59395 42987 22628 34102 46578 18221 17371 64711 12370 34416 16558 34102 103807 44417 17555 63394 22118 0 10945 26379 51855 61466 36192 46388 23959 49778 35345 9852 73291 47926 53030 6900 38911 34037 85906 67631 67198 40538 14529 35279 53121 79032 20671 24302 52848 70287 64612 18617 18931 31204 62363 26888 72929 8571 39250 36016 44003 46771 43778 37397
18634 49352 50394 37767 70555 50283 42699 47147 71273 52007 81304 37767 72326 52058 24572 22371 57927 63083 42245 3634 32645 45145 53695 40603 48191 41544 56013 1681 86429 35872 53180 63083 11026 52199 11696 38387 18252 53273 58627 35111 50394 49910 49274 31329 42133 37093 26923 26041 74518 18634 37861 26365 42504 103079 52447 25194 53909 27555 10945 0 22739 57625 67752 45999 56013 29396 59585 27815 4870 68594 53695 59316 5043 42357 40323 93255 73917 73484 50345 4595 25794 59407 86494 25351 16147 58618 76573 74334 23117 27633 37490 68650 31551 80278 12343 29857 39462 50290 42074 50064 47045
34775 61302 66651 56465 73729 68135 56950 66678 71631 66259 93415 56465 82480 67371 37190 33195 72871 73237 61856 26093 48903 61564 68617 59420 55974 56058 51523 23659 64298 54689 57403 73237 16135 66604 34155 47407 39126 67678 76853 39336 66651 49102 63679 42933 53680 28483 38582 38107 81359 34775 56678 35388 53680 122932 63951 38479 44058 43812 26379 22739 0 72871 81758 47422 50746 45653 67605 50376 24665 86820 68617 73568 24151 61173 54836 105366 87855 87736 51885 27054 22903 73294 64165 43076 38707 73561 90825 66096 41022 38582 52004 82902 48918 92389 31377 20278 58278 64542 61856 64469 55764
40462 26963 7613 25817 61924 23794 20726 67344 64355 22130 41895 24974 48945 11246 38002 40437 5882 46783 68741 56645 26059 19056 11198 26696 44718 20976 58534 58886 103562 25817 49706 46783 68487 14155 50899 39514 46500 15720 80921 40996 14736 106344 21205 36793 24501 94411 35239 36903 65455 40550 26401 38144 26960 91791 31499 36328 111182 30070 51855 57625 72871 0 34236 47305 64660 28817 50851 44523 54046 90888 9904 12058 55930 25445 20572 52719 39892 18248 50986 55884 82374 31228 104441 32274 48863 9904 27353 71751 34508 38144 20976 25677 28793 46253 46526 87317 27343 22130 68741 12823 40759
50521 23045 37818 54793 32418 54697 25054 86518 34849 19618 13552 52283 15218 37600 47289 49723 30942 17277 84632 66773 42470 42093 33536 57599 30653 31905 45662 69013 98605 54793 33417 17277 78331 26797 61027 37943 60907 25232 98902 43391 42857 116471 26886 44107 28807 104399 44525 46189 34515 50608 56063 47031 33974 122694 18996 45614 121215 40198 61466 67752 81758 34236 0 39808 61430 41931 21344 67726 64105 108869 30942 26704 65541 55107 27429 25503 6165 24135 37698 66012 92501 10794 100981 42401 62148 28454 12574 50270 44636 47031 30262 8853 43798 12526 56584 97162 57638 19618 84462 30481 27931
41872 20342 49573 60357 29456 64800 26996 86979 27748 29788 50702 57842 39767 47587 30295 27940 42346 30524 82076 49088 42831 50225 42346 64118 12545 33847 11277 47038 62342 59242 11468 30524 50411 35285 55561 14376 58196 34521 98459 11490 52843 87291 31286 21283 24460 72218 22582 24462 36615 41872 61610 20961 22306 130932 21437 31696 87145 37908 36192 45999 47422 47305 39808 0 23829 39641 24409 68617 45092 108426 42346 37917 42293 62153 29372 62653 45557 48020 6539 49769 62973 30581 63381 40111 59437 39667 49492 28772 42346 22302 32205 41569 44163 49676 43811 64416 63185 28071 81906 36834 12928
54228 44171 66694 74574 40756 79787 46997 98111 38659 53047 70330 72059 59395 64708 44063 39783 62347 50151 93209 59474 57414 66191 60407 78336 35496 50177 16289 57053 50929 73459 33144 50151 55730 55286 66651 32566 69857 55286 109591 25329 69175 92558 51287 35079 43861 74198 36351 38231 49105 54228 75827 32956 41707 145149 45024 45465 82352 52491 46388 56013 50746 64660 61430 23829 0 54224 41986 81448 56042 119558 60407 61176 52489 76370 48535 81528 65185 71095 26957 60154 68239 53531 51968 54126 70569 62347 72567 27885 56353 35636 48535 64644 58746 69023 54878 65982 77402 51331 93038 56259 35878
