NAME : SHANGHAI-100-2
COMMENT : OSM drive network, customers at real shops (shop=* POIs), depot (31.2304, 121.4737), seed 2
TYPE : VRPSPD
DIMENSION : 101
CAPACITY : 150
EDGE_WEIGHT_TYPE : EXPLICIT
EDGE_WEIGHT_FORMAT : FULL_MATRIX
EDGE_WEIGHT_SECTION
0 39942 55056 14318 72113 87957 34239 34968 56252 23602 17015 23202 31182 34257 61382 15483 15775 63366 45236 10818 53977 24160 40602 39045 38074 47479 17110 18588 68979 20097 40671 13247 62554 51476 22580 33707 39681 17341 73272 36533 56130 22727 27348 22641 24971 70663 8888 44124 22295 58489 49313 43142 16508 28716 53027 55087 34895 42084 86444 44175 8301 44501 22333 42084 93439 38076 22347 24053 37165 27988 51597 19697 30632 53813 34367 36969 52749 17795 79836 38688 66749 70444 41563 65684 26892 13897 44786 34883 31682 36321 56025 66745 16303 59342 51671 62575 29788 13590 38005 65875 16416
39942 0 20408 41951 107630 88171 50834 21021 25833 59062 51490 43662 23111 32410 35573 34908 45022 29181 17191 49926 88144 54029 16040 37130 57776 86192 52570 36573 107036 55374 76267 52201 28852 35063 39135 18958 40428 54448 102408 30019 36658 61583 15245 56875 27004 109376 36640 79720 60224 27705 87034 80717 42472 20772 85939 85184 33991 22695 86658 22765 34064 22373 46722 22853 122576 21017 48432 15889 3235 51498 16561 30832 23330 22134 5575 16103 21964 34930 108972 16415 40922 104420 43462 34936 17656 53210 76024 33979 30486 73981 22143 100291 46958 25640 77358 85982 43594 51834 26661 104104 53524
55056 20408 0 58907 124632 101856 67907 31332 28161 71320 68445 51787 40599 49899 39606 47005 61977 12319 28211 65383 100241 61911 33358 54618 63231 101106 65442 53529 122606 67471 88997 67658 20250 49228 47259 36446 46295 71000 108042 37824 50067 76354 32771 68973 37465 124290 52207 92253 75948 26155 102940 96769 59427 38260 103012 102256 41873 28314 99006 40253 46936 39029 54847 30977 128210 38505 56556 33342 22396 58808 7924 47787 40818 12850 23531 33591 22270 47028 114607 26296 41437 116321 48839 31357 31857 68640 93097 39846 38610 87837 9433 112388 58391 13776 94431 103054 61082 64706 44149 119502 70076
14318 41951 58907 0 66617 75833 21587 40151 61435 36274 9539 33914 19445 22203 67455 24619 3070 68549 40381 12718 66626 38077 30859 26879 49048 44896 30087 5983 65168 32694 53268 13547 67736 39598 31716 24413 46651 14550 87190 42163 44253 21553 30531 35618 30597 68080 11872 56721 19593 52400 45165 38849 4287 21232 45550 47610 40969 47267 74320 32297 19492 32764 34816 47267 107357 26265 34927 27606 38938 40661 55406 11725 22056 51033 37920 30412 46659 26931 93754 43871 57006 83042 48533 57186 30876 16350 37309 40957 37307 48996 54314 79343 30221 64524 42927 52297 17083 26026 26128 62235 13626
72113 107630 124632 66617 0 73070 65024 105662 126946 70312 58247 92413 84519 79010 132102 86203 66835 134060 105455 61868 74218 93019 95861 78666 107064 41401 70642 72518 31744 69424 70043 59710 133247 85885 93045 90108 110401 58615 122596 107252 92966 54020 96256 70825 95665 58756 75090 72614 53346 117473 28787 31287 70300 86926 24773 36823 105615 112778 75379 88937 78908 92198 91394 112778 136436 86820 91325 93331 104617 96847 121085 78259 87129 116711 103645 95486 111733 88347 129160 109382 96983 91258 112283 120487 96601 58557 35752 105603 102375 63101 119993 96134 81291 130035 42230 50371 70770 61933 83985 35174 57256
87957 88171 101856 75833 73070 0 55604 97747 111121 109166 71205 104557 74274 65455 120861 94433 72763 112591 85750 86139 134571 111716 75686 60668 119691 100906 103585 75150 97029 105586 123579 85840 115805 53109 101530 76445 111560 86765 160829 100822 60189 91843 84167 108755 95213 123589 82515 126861 89884 86634 87656 81408 78558 77285 66396 48210 105123 101772 10175 65406 90135 68767 106528 101772 180996 68183 107634 85885 85737 112543 100005 75320 77285 93450 85050 75904 85938 96745 167393 98376 62281 151336 114148 88650 89155 89600 53032 105111 100822 114367 96731 147661 103860 112593 41277 33934 62084 98449 69557 100458 85840
34239 50834 67907 21587 65024 55604 0 49530 70662 56054 17702 51108 27722 19139 77194 41272 18517 77775 48659 32421 86406 57998 38978 18795 66242 56117 49867 20918 69586 52475 73049 32215 76963 28227 48369 33311 59642 33140 107111 51543 35100 39398 39531 55399 42833 79302 29066 76502 37438 59769 49583 43065 24362 30130 43333 42482 53206 56494 54091 29067 36686 32966 53079 56494 127278 30023 54382 36606 47821 59094 64289 23962 30333 59915 46877 38690 54872 43584 113675 53097 50144 102822 61768 61928 39876 36053 33418 53193 49544 68776 63197 99123 50142 73751 34638 42952 11593 45707 25059 67338 32215
34968 21021 31332 40151 105662 97747 49530 0 23157 48565 49395 26388 29253 36953 29330 23667 43221 31579 35246 45295 76762 37030 32698 41741 39124 81018 43512 34170 102518 44716 67230 47570 30752 45858 22783 27285 21443 50912 83935 9196 50387 56267 17225 46218 10132 104203 32119 67777 55860 46501 82852 76681 40671 26261 84636 83880 15006 8569 96233 37211 26849 37182 29252 8569 104103 30957 30962 15007 22685 34005 27874 28972 28176 38467 19886 29292 40761 22783 90499 5173 58844 91845 24732 53732 12996 48552 74721 14994 10704 67750 36878 88229 33915 27540 76054 84678 43500 44618 35530 99414 49988
56252 25833 28161 61435 126946 111121 70662 23157 0 65016 70679 37571 45936 55235 11938 42368 64505 24206 40903 66579 94034 37853 38990 60023 37719 102303 62809 55455 123802 63276 85049 68855 13706 58012 35271 41564 28372 72197 82567 24725 59608 77551 34691 64778 32611 125487 53404 85049 77144 49935 104137 97966 61956 43377 105767 105011 27458 15200 109608 45715 48133 45323 38107 21142 102735 43842 41282 35065 28052 34025 27452 50257 46155 40052 26646 39052 44194 40055 88942 18195 63361 109117 23133 57166 33053 69836 95852 21923 29036 89034 36634 95560 49953 17126 97186 105809 64631 65902 49486 120699 71272
23602 59062 71320 36274 70312 109166 56054 48565 65016 0 38831 31222 53999 57116 68097 25586 37590 77805 67693 24336 45387 27163 63059 61686 38957 44889 12139 41036 66665 5194 36100 27583 76308 74292 31854 56414 49611 27358 73219 47718 78947 20137 48325 3225 38433 68073 31895 36388 22234 80946 46722 40552 38828 51533 55416 67380 44870 54355 107707 66991 24998 67257 29021 53584 88368 60893 27914 43411 56524 30991 67861 42702 53448 76078 53725 59426 75206 27212 79783 53250 89206 60456 49459 88141 45028 21703 60857 44858 45143 43227 75953 56840 18487 73432 71016 82591 51603 11457 60822 63562 26434
17015 51490 68445 9539 58247 71205 17702 49395 70679 38831 0 38983 28503 24986 76539 31143 9450 77793 49439 15197 69183 40775 39917 24795 53856 39067 32644 15522 57303 35251 55825 14992 76980 38001 38240 33952 55341 15916 89887 51407 42729 21959 40070 38175 39681 62251 18197 59278 19999 61458 37301 30782 13408 30770 36275 38335 50053 56511 69692 34914 25316 38092 38948 56511 110054 31219 38962 37145 48477 44603 64945 21264 31114 60571 47459 39470 55717 33455 96451 53115 56510 85599 57223 66244 40415 18829 28034 50041 46391 51552 63853 81899 32918 73768 34919 46001 16191 28269 30479 55055 14992
23202 43662 51787 33914 92413 104557 51108 26388 37571 31222 38983 0 43925 47411 42182 11031 36692 48630 56245 33142 58131 12602 51786 52198 17987 67675 26906 32492 89174 27374 49146 35417 47134 63808 5385 45285 20436 39310 61671 22628 68337 42923 36883 28875 20083 90859 22042 49146 42516 68194 69508 63338 35491 41459 74089 77055 15696 29873 103043 55762 15627 55984 4824 24409 81838 49759 6916 31906 43045 10840 48590 32851 43375 61108 40246 48152 62453 9221 68235 30890 77932 73214 22319 75425 32607 35654 66754 15683 22735 55017 59519 67043 14317 44257 73223 81847 49241 31274 50748 86070 38587
31182 23111 40599 19445 84519 74274 27722 29253 45936 53999 28503 43925 0 10433 54779 32956 22515 51265 20936 31439 84574 52944 11414 15220 59059 64341 47507 17378 84613 50591 71216 32487 50620 21319 40053 5792 46687 33995 102013 35948 25848 40998 15673 53038 31279 87525 22828 74669 39038 32955 64611 58294 21622 5103 62828 62072 40250 35143 72761 13243 29668 13319 45897 35143 122180 6894 47601 17827 20266 51912 36566 12019 5103 32193 19353 10967 27214 35268 108577 31746 37561 100990 50398 37741 20964 35071 52913 40238 35948 67103 35474 97290 45164 47408 54247 62870 20483 44372 8747 81680 33071
34257 32410 49899 22203 79010 65455 19139 36953 55235 57116 24986 47411 10433 0 62434 36724 20203 60564 30235 33630 87468 56360 20446 4787 62545 63790 50772 20216 81092 53536 74111 34159 59919 17768 43821 16096 51113 35163 105429 40374 22422 42165 23374 56303 35441 86974 25682 77564 40206 41447 61090 54571 24460 13221 57319 56000 44676 42843 63942 12125 32989 14168 49382 42843 125597 11394 51086 25438 29565 55397 45865 14873 13350 41492 28652 20266 36340 39036 111993 39447 35822 103884 54824 44243 28664 37262 47404 44664 40374 69838 44773 100185 48580 56708 48175 56799 11435 46875 5955 78845 34239
61382 35573 39606 67455 132102 120861 77194 29330 11938 68097 76539 42182 54779 62434 0 46978 70526 35651 50643 71709 98584 42251 48730 67222 31766 107363 67420 61475 128863 67887 89599 73984 24886 67753 39882 51272 32983 77774 74592 29911 69348 82611 43792 68833 37796 130548 58900 89599 82205 61053 109197 103026 67976 52006 112110 111544 32643 22376 119348 55455 53193 55063 42718 27459 94759 53582 45893 41929 37792 38422 38968 56636 53921 51497 36386 48793 55312 44666 80520 25499 74351 105460 22099 68284 39917 74965 102384 26534 34221 94163 48079 90285 54351 28571 103718 112342 71164 70963 59227 125759 76850
15483 34908 47005 24619 86203 94433 41272 23667 42368 25586 31143 11031 32956 36724 46978 0 27664 53111 45414 25810 56409 21748 40780 41511 27086 61464 20767 22617 82964 21235 47424 28085 51614 52802 7097 34279 25233 32179 70817 22938 57332 36713 26046 23682 13535 84649 13014 47424 36306 58667 63298 57128 25936 30489 67154 69214 20492 29575 92919 44756 7295 44978 13970 29206 90984 38754 15674 21132 33712 19985 43547 22340 32405 52573 30913 37147 52927 2312 77381 28352 66927 71492 27115 65862 22045 29067 58913 20480 20245 48216 51638 67876 13971 48738 63334 71946 39117 25064 39779 79860 31255
15775 45022 61977 3070 66835 72763 18517 43221 64505 37590 9450 36692 22515 20203 70526 27664 0 71619 43452 13957 67943 39534 33930 24391 51826 45306 31404 9054 65578 34011 54585 13957 70806 37597 34761 27483 49721 14960 88647 45233 42326 21963 33602 36935 33667 68490 14718 58038 20003 55470 45576 39259 7357 24302 45155 47317 44039 50337 71250 30560 22167 32003 36657 50337 108814 25130 36768 30677 42009 42502 58476 14795 25126 54103 40991 33483 49729 29976 95211 46941 55887 84358 51604 60075 33946 17589 37016 44027 40378 50312 57384 80659 31678 67595 40603 49227 14013 27343 24390 62645 14036
63366 29181 12319 68549 134060 112591 77775 31579 24206 77805 77793 48630 51265 60564 35651 53111 71619 0 38946 73693 104800 58378 44093 65284 59402 109417 73575 62568 130916 74043 95815 75968 14112 59963 46330 46906 42466 79310 104213 34373 60802 84665 41228 75544 41224 132601 60517 95815 84258 37383 111250 105080 69069 48719 112881 112125 41346 24666 109741 50919 55247 49694 51495 31028 124380 49171 53204 41653 31645 54978 16979 57371 51484 24210 31988 44256 33005 50822 110777 26407 52171 119883 45010 41634 40167 76950 102966 36017 39230 96148 20793 112951 61049 8587 104299 112923 71298 73016 54815 127812 78386
45236 17191 28211 40381 105455 85750 48659 35246 40903 67693 49439 56245 20936 30235 50643 45414 43452 38946 0 49548 98255 65769 13161 34888 71272 85277 61201 35870 105549 64285 84897 51823 41985 32641 51989 17619 54652 54048 114837 43227 34236 60851 23324 66732 39847 108462 40198 88350 59492 22737 85547 79230 41769 20068 83764 83008 48216 37077 84236 20344 42695 19952 58547 37077 135005 18842 60257 26186 15430 64124 24178 30128 22627 19804 16771 14640 16996 47726 121401 31486 33952 114671 58363 29531 28361 53180 73849 48203 44166 80893 23086 110972 57988 38203 75183 83806 41419 58425 24486 102616 53124
10818 49926 65383 12718 61868 86139 32421 45295 66579 24336 15197 33142 31439 33630 71709 25810 13957 73693 49548 0 54893 34375 42854 38200 48014 38271 18735 17684 59640 20757 41536 3952 72880 51060 32907 34746 50008 8092 83488 46859 55715 13519 37327 23925 35298 61455 14308 44989 12162 62814 39638 33322 15476 29480 43425 51547 45222 52411 84625 43763 19119 44758 32667 52411 103655 38272 32681 34037 47101 38203 61924 19420 30889 59333 44351 39509 57073 28122 90052 49015 68700 71309 51890 68582 37131 3632 42967 45210 42008 37790 62614 67610 24241 69669 49853 60757 27970 14017 37593 56708 7168
53977 88144 100241 66626 74218 134571 86406 76762 94034 45387 69183 58131 84574 87468 98584 56409 67943 104800 98255 54893 0 56806 93621 92039 70263 44667 46946 71337 55121 44083 13507 57938 103303 104867 58763 86989 76833 58241 59052 74627 109522 58856 78887 43040 68053 59504 62464 14254 59092 111508 55039 53351 69129 82108 74120 89537 72158 81264 135173 97566 55560 97819 55993 80872 70757 91468 55580 73973 87086 60634 96783 73003 84023 105637 84287 89988 105768 56832 65616 81264 119768 23912 78654 118703 75591 52483 83541 72146 74763 27457 104874 34486 46078 100427 94205 105555 81956 47850 91397 51559 57317
24160 54029 61911 38077 93019 111716 57998 37030 37853 27163 40775 12602 52944 56360 42251 21748 39534 58378 65769 34375 56806 0 61135 61148 14513 68281 26744 41255 89780 26569 47821 36893 51559 73157 16027 54634 27056 40702 49247 33270 77686 43529 46401 27926 30921 91465 30991 47821 43122 78476 70114 63944 40267 50478 75206 78846 26338 40107 110203 65111 23720 65333 7778 35051 69414 59108 6597 41487 53882 3828 58715 41800 52394 71387 51084 57501 72735 20059 55811 41124 87281 71852 22297 85673 42918 36513 68545 23807 33377 55706 69797 58718 13072 51299 75430 86334 53548 31840 59767 86676 40062
40602 16040 33358 30859 95861 75686 38978 32698 38990 63059 39917 51786 11414 20446 48730 40780 33930 44093 13161 42854 93621 61135 0 24825 67250 75755 56567 28792 96027 59651 80264 43901 43674 22578 47877 11113 51436 45410 110204 39758 24173 52412 19524 62098 36379 98940 34013 83717 50453 25179 76025 69708 33036 14020 74170 73414 44999 35164 74173 10280 38061 8835 54087 35164 130371 9145 55791 22342 13606 60102 29325 23434 14194 24951 13302 5749 19438 43092 116768 29572 28190 110037 55147 29965 24892 46486 64255 44987 40697 76260 28233 106338 53354 40462 65589 74213 31469 53791 14633 93094 44485
39045 37130 54618 26879 78666 60668 18795 41741 60023 61686 24795 52198 15220 4787 67222 41511 24391 65284 34888 38200 92039 61148 24825 0 67332 63598 55500 24893 80749 58107 78681 38348 64706 13660 48608 20883 55900 39352 110216 45161 18314 46173 28161 61031 40228 86783 30469 82134 44213 41999 60746 54227 29137 18008 56975 55657 49463 47630 59155 14544 37776 18444 54169 47630 130384 16181 55874 30225 34352 60185 50585 19660 18137 46212 33439 24986 40719 43823 116781 44234 32226 108454 59611 44015 33452 41832 47060 49451 45161 74408 49493 104755 53367 61495 47831 56455 11091 51446 10707 78501 38427
38074 57776 63231 49048 107064 119691 66242 39124 37719 38957 53856 17987 59059 62545 31766 27086 51826 59402 71272 48014 70263 14513 67250 67332 0 82325 41130 47627 103825 40955 61278 50290 51425 79272 20311 60749 29135 54099 45822 35675 83801 57574 52237 41031 34998 105510 37176 61278 57167 83109 84159 77989 50625 56593 88878 91927 28748 41130 118177 71226 30761 71448 16015 37026 65989 65223 18863 47259 57960 10747 62110 47985 58509 75122 55162 63617 77369 25005 52386 42892 93396 75187 14920 90340 47523 50443 81626 25886 35788 69751 71704 60458 27268 52322 88223 96981 64375 45925 65882 100721 53459
47479 86192 101106 44896 41401 100906 56117 81018 102303 44889 39067 67675 64341 63790 107363 61464 45306 109417 85277 38271 44667 68281 75755 63598 82325 0 45551 50796 25972 44000 46034 36976 108604 76804 68307 69226 85662 35812 96846 82514 81533 29011 74427 45401 71021 23443 51742 48606 29294 97296 14455 21194 48579 66045 37563 56389 80877 88135 102539 73718 54170 76660 66656 88135 108551 69788 66587 71131 83479 72109 97648 56012 66952 95846 81445 75308 91555 63609 103410 84738 95313 61707 87545 102082 73145 34678 50934 80865 77732 45384 99127 71629 56553 105392 61057 72407 54995 36732 69048 22539 34824
17110 52570 65442 30087 70642 103585 49867 43512 62809 12139 32644 26906 47507 50772 67420 20767 31404 73575 61201 18735 46946 26744 56567 55500 41130 45551 0 34546 67050 7789 35811 21399 72078 67800 27538 49922 45674 22082 75856 43401 72455 20799 41833 10236 33380 68735 25403 37962 20712 74454 47384 41214 32564 45040 52829 63762 40933 50039 102072 60499 18506 60765 25875 49647 94340 54401 25483 36919 50031 30572 61984 36212 46956 69586 47233 52934 68713 22896 82420 48197 82713 62030 47556 81649 38536 16325 55835 40921 40090 37421 70075 58414 14958 69202 66121 78010 45417 9025 54330 63946 21158
18588 36573 53529 5983 72518 75150 20918 34170 55455 41036 15522 32492 17378 20216 61475 22617 9054 62568 35870 17684 71337 41255 28792 24893 47627 50796 34546 0 71068 37457 58031 18513 61756 37544 29714 20690 41425 19589 90368 36183 42199 27349 24765 40077 24616 73981 10451 61484 25390 49135 51066 44749 6504 15802 51446 50859 34988 41287 73636 30243 18071 30696 34464 41287 110535 24211 36168 21698 33508 40479 50028 5742 17205 45654 32012 25831 43395 24929 96932 37890 54939 87805 43551 54787 24968 21316 41700 34976 31327 53681 48936 84105 33399 58544 43034 51657 19904 30943 24074 68136 18664
68979 107036 122606 65168 31744 97029 69586 102518 123802 66665 57303 89174 84613 81092 128863 82964 65578 130916 105549 59640 55121 89780 96027 80749 103825 25972 67050 71068 0 65777 56487 57647 130104 93412 89806 89498 107162 56553 107299 104014 98683 50788 95561 67178 92521 28528 73028 59059 51071 117567 20816 31003 68851 86317 42553 59435 102376 109634 99338 91020 75669 94798 88155 109634 119004 87933 88086 92265 104023 93609 119147 76810 87223 116118 102579 95580 111827 85109 113864 106238 112463 72160 109044 122354 94645 56330 55925 102364 99232 57176 119399 82082 78052 126892 64841 74147 72145 58509 86585 6130 55201
20097 55374 67471 32694 69424 105586 52475 44716 63276 5194 35251 27374 50591 53536 67887 21235 34011 74043 64285 20757 44083 26569 59651 58107 40955 44000 7789 37457 65777 0 35098 24004 72546 70884 28006 53006 46142 23779 75681 43869 75539 19248 44917 3291 34584 67184 28487 35098 20502 77538 45834 39663 35249 48125 52783 64747 41401 50506 104127 63583 21590 63849 25735 50115 93306 57485 25343 40003 53116 30397 64013 39123 50040 72670 50317 56018 71798 23364 82245 49401 85798 59166 48024 84733 41620 18123 57311 41389 41295 39648 72104 55550 14782 69670 67597 79486 48024 8714 57414 62673 22855
40671 76267 88997 53268 70043 123579 73049 67230 85049 36100 55825 49146 71216 74111 89599 47424 54585 95815 84897 41536 13507 47821 80264 78681 61278 46034 35811 58031 56487 35098 0 44580 94319 91510 49778 73632 67848 44883 55764 65642 96164 46141 65529 34041 57098 60870 49112 3453 45735 98151 46386 42359 55823 68750 63128 78544 63174 72279 123383 84209 42202 84462 47008 71887 70536 78110 46595 60615 73728 51649 85538 59697 70666 93282 70930 76630 92410 47848 62328 71911 106410 29773 69670 105345 62233 39126 72549 63161 63808 15401 93630 26920 37093 91442 83212 94562 68598 34493 78039 52926 43959
13247 52201 67658 13547 59710 85840 32215 47570 68855 27583 14992 35417 32487 34159 73984 28085 13957 75968 51823 3952 57938 36893 43901 38348 50290 36976 21399 18513 57647 24004 44580 0 75156 51554 35182 35793 52283 4140 86005 49135 56283 12341 39603 26930 37573 60160 16583 48033 10381 65089 37645 31328 16305 31755 41267 50161 47497 54687 84327 44517 21547 45512 35179 54687 106172 39026 35193 36312 49376 40721 64200 21695 33164 61608 46626 41784 59348 30397 92569 51290 69747 74354 54165 69890 39407 7584 41581 47485 44284 40307 64889 70654 26759 71944 49554 60458 27970 17264 38347 54714 3216
62554 28852 20250 67736 133247 115805 76963 30752 13706 76308 76980 47134 50620 59919 24886 51614 70806 14112 41985 72880 103303 51559 43674 64706 51425 108604 72078 61756 130104 72546 94319 75156 0 62696 44833 46248 38262 78498 96273 33545 64292 83852 40570 74048 40397 131788 59705 94319 83445 43753 110438 104267 68257 48061 112068 111312 37142 23169 114292 50399 54434 50007 47997 29531 116441 48526 51172 40994 31317 47731 21592 56558 50839 32141 31330 43736 39376 49325 102649 25579 58542 118387 36839 48888 39355 76137 102153 31813 37734 95335 28723 108699 59553 8276 103487 112110 70640 72203 54170 127000 77573
51476 35063 49228 39598 85885 53109 28227 45858 58012 74292 38001 63808 21319 17768 67753 52802 37597 59963 32641 51060 104867 73157 22578 13660 79272 76804 67800 37544 93412 70884 91510 51554 62696 0 59899 23336 64597 52557 122226 52919 7080 59378 32278 73332 49334 99988 42995 94963 57419 34006 73410 66891 41789 24755 67330 60192 58160 48663 51595 12298 49961 15658 66110 48663 142393 15074 67814 34432 32628 72125 46896 32186 24755 40821 31942 22795 33309 55115 128790 45267 22841 121283 68307 36022 37569 54692 53913 58148 53858 87268 44103 117584 65376 59485 52349 57789 24297 64306 17530 91164 51633
22580 39135 47259 31716 93045 101530 48369 22783 35271 31854 38240 5385 40053 43821 39882 7097 34761 46330 51989 32907 58763 16027 47877 48608 20311 68307 27538 29714 89806 28006 49778 35182 44833 59899 0 41376 18136 39276 64822 20327 64429 43555 32704 29507 15555 91491 20111 49778 43148 63666 70140 63970 33033 37586 74251 76311 13395 27285 100016 51853 14392 52075 8250 22109 84989 45851 9960 27726 38517 14144 44063 29437 39502 56581 35719 44244 57926 4785 71386 27285 74024 73846 20018 70897 28080 36093 66010 13383 20435 55130 54991 69706 15917 41957 70431 79043 46214 31906 46876 86702 38352
33707 18958 36446 24413 90108 76445 33311 27285 41564 56414 33952 45285 5792 16096 51272 34279 27483 46906 17619 34746 86989 54634 11113 20883 60749 69226 49922 20690 89498 53006 73632 35793 46248 23336 41376 0 46023 38019 103703 34345 27740 45779 13705 55453 30761 92411 26135 77085 43820 30427 69496 63179 24934 5792 68417 67661 39586 31241 74931 14515 31560 14486 47586 31241 123870 8262 49290 15859 15893 53602 32413 15326 5792 28040 14980 7021 24686 36591 110267 27844 37259 103405 49734 36195 18995 38378 58502 39574 35285 69628 31321 99706 46853 43036 59835 68459 26071 46897 12183 86565 37094
39681 40428 46295 46651 110401 111560 59642 21443 28372 49611 55341 20436 46687 51113 32983 25233 49721 42466 54652 50008 76833 27056 51436 55900 29135 85662 45674 41425 107162 46142 67848 52283 38262 64597 18136 46023 0 56377 73947 17683 69126 60910 35963 47643 21571 108847 37199 67848 60504 65908 87496 81325 47141 44082 91352 91473 6449 24195 110047 55949 31493 55921 20878 19465 94114 49696 24053 30985 41423 23706 45114 39929 45998 57785 38625 48030 60167 22921 80511 25212 77582 91916 15024 73139 30985 53264 82368 6449 19308 72462 54769 82400 32855 35386 83648 92259 56251 49262 53510 104058 55453
17341 54448 71000 14550 58615 86765 33140 50912 72197 27358 15916 39310 33995 35163 77774 32179 14960 79310 54048 8092 58241 40702 45410 39352 54099 35812 22082 19589 56553 23779 44883 4140 78498 52557 39276 38019 56377 0 89815 52925 57286 11047 42769 26947 40915 58996 20031 48336 9088 66935 36550 30234 17371 33980 40615 49940 51287 58029 85251 45520 25641 46963 39072 58029 108909 40091 39003 39479 51687 44531 67264 23920 35384 63833 49793 44010 61194 34491 96379 54632 70750 74657 58259 71736 42749 7621 41784 51275 47626 42523 67115 70957 28975 75286 50479 61383 28973 16691 39351 53620 1923
73272 102408 108042 87190 122596 160829 107111 83935 82567 73219 89887 61671 102013 105429 74592 70817 88647 104213 114837 83488 59052 49247 110204 110216 45822 96846 75856 90368 107299 75681 55764 86005 96273 122226 64822 103703 73947 89815 0 80486 126755 92641 95469 75293 79631 111682 80060 55764 92235 127501 98951 94924 89380 99547 115692 127518 73560 85942 159315 114180 72789 114402 56846 81838 22119 108177 55709 90555 102593 50953 106921 90869 101462 119766 99794 106570 121761 69128 6564 87704 136350 41882 59768 134699 91671 85626 117657 70698 80599 65226 116516 30675 62185 97133 124543 135447 102660 80953 108836 103738 89175
36533 30019 37824 42163 107252 100822 51543 9196 24725 47718 51407 22628 35948 40374 29911 22938 45233 34373 43227 46859 74627 33270 39758 45161 35675 82514 43401 36183 104014 43869 65642 49135 33545 52919 20327 34345 17683 52925 80486 0 57448 57762 24285 45371 12145 105698 33713 65642 57356 54696 84348 78177 42684 33322 86648 85892 11246 16629 99308 44272 28344 44243 25492 11165 100654 38018 27202 20247 29745 30245 36442 30985 35237 47375 26947 36352 48956 20648 87050 14368 65905 89710 21394 61927 20056 50116 76733 11234 8569 69314 43958 86094 31780 30334 78067 86690 45513 46114 42590 100910 52000
56130 36658 50067 44253 92966 60189 35100 50387 59608 78947 42729 68337 25848 22422 69348 57332 42326 60802 34236 55715 109522 77686 24173 18314 83801 81533 72455 42199 98683 75539 96164 56283 64292 7080 64429 27740 69126 57286 126755 57448 0 64107 36808 77986 53864 104717 47649 99617 62148 34845 78681 72162 46443 29284 73256 67273 62689 53067 58676 13893 54613 16602 70639 53067 146923 19478 72343 38962 34224 76654 48085 36840 29284 41661 33601 24391 34148 59644 133319 48556 23680 125938 72837 36861 42098 59347 60994 62677 58387 91922 44942 122238 69906 60986 59429 64870 29026 68960 22185 96435 56362
22727 61583 76354 21553 54020 91843 39398 56267 77551 20137 21959 42923 40998 42165 82611 36713 21963 84665 60851 13519 58856 43529 52412 46173 57574 29011 20799 27349 50788 19248 46141 12341 83852 59378 43555 45779 60910 11047 92641 57762 64107 0 49675 20649 46270 52196 26990 49594 4529 73659 30845 24674 25132 41463 37735 49699 56125 63383 90384 52523 29418 53966 41904 63383 107774 47093 41835 46379 58869 47357 72896 31403 42473 71316 56693 51089 67918 38857 99205 59987 77668 75119 62793 78739 48393 9889 43326 56113 52980 46283 74597 70989 31801 80640 53485 65060 35976 11980 46353 47684 10123
27348 15245 32771 30531 96256 84167 39531 17225 34691 48325 40070 36883 15673 23374 43792 26046 33602 41228 23324 37327 78887 46401 19524 28161 52237 74427 41833 24765 95561 44917 65529 39603 40570 32278 32704 13705 35963 42769 95469 24285 36808 49675 0 47364 20701 97611 23987 68982 48550 36577 75559 69242 31052 12681 74637 73881 29526 22320 82654 23820 23327 23791 39353 22320 115637 17567 41057 5079 12468 45368 28946 19360 14597 31143 9670 15901 30837 27919 102033 18923 45671 95303 39674 43805 8935 40617 64722 29514 25224 63006 32067 91604 38620 37358 66055 74679 33460 40188 21950 92628 41845
22641 56875 68973 35618 70825 108755 55399 46218 64778 3225 38175 28875 53038 56303 68833 23682 36935 75544 66732 23925 43040 27926 62098 61031 41031 45401 10236 40077 67178 3291 34041 26930 74048 73332 29507 55453 47643 26947 75293 45371 77986 20649 47364 0 36086 68585 30934 34041 22145 79985 47235 41064 38096 50572 55326 67290 42902 52008 107296 66030 24037 66296 27092 51616 90441 59932 26700 42450 55563 31754 65514 41743 52487 74369 52764 58465 74245 24865 81857 50902 88245 58109 49525 87180 44068 21292 60480 42890 42796 42816 73606 54493 16140 71171 70765 82501 50948 11367 59861 64074 26023
24971 27004 37465 30597 95665 95213 42833 10132 32611 38433 39681 20083 31279 35441 37796 13535 33667 41224 39847 35298 68053 30921 36379 40228 34998 71021 33380 24616 92521 34584 57098 37573 40397 49334 15555 30761 21571 40915 79631 12145 53864 46270 20701 36086 0 94206 22460 59068 45863 51515 72855 66684 31117 28675 75251 75064 15134 18701 93699 40892 16852 40863 23143 18701 99798 34639 24853 15723 26366 28720 34007 23120 30590 44600 23567 32973 45774 13558 86195 15305 62525 83136 23697 58746 15928 38555 65959 15122 10115 57752 43011 79520 25615 37185 67239 75863 39437 34621 38102 89417 39991
70663 109376 124290 68080 58756 123589 79302 104203 125487 68073 62251 90859 87525 86974 130548 84649 68490 132601 108462 61455 59504 91465 98940 86783 105510 23443 68735 73981 28528 67184 60870 60160 131788 99988 91491 92411 108847 58996 111682 105698 104717 52196 97611 68585 94206 0 74927 63442 52478 120480 37640 44378 71763 89229 60747 79573 104061 111319 125222 96902 77354 99845 89840 111319 123387 92972 89771 94316 106663 95293 120832 79196 90136 119030 104630 98493 114739 86793 118246 107923 118497 76543 110729 125266 96330 57862 74119 104049 100916 67263 122311 86465 79737 128576 84241 95591 78179 59916 92232 26845 58009
8888 36640 52207 11872 75090 82515 29066 32119 53404 31895 18197 22042 22828 25682 58900 13014 14718 60517 40198 14308 62464 30991 34013 30469 37176 51742 25403 10451 73028 28487 49112 16583 59705 42995 20111 26135 37199 20031 80060 33713 47649 26990 23987 30934 22460 74927 0 52565 26017 53383 53026 46709 13517 20869 54209 56268 32413 39236 81002 35694 7620 36147 24013 39236 100227 29662 25717 20751 33864 30028 48749 10809 22278 48780 31065 30316 47642 15326 86624 35839 60159 78886 39081 59389 23591 17802 45967 32401 29171 44809 51426 75187 23211 56493 51182 59805 27200 22078 29524 70096 19107
44124 79720 92253 56721 72614 126861 76502 67777 85049 36388 59278 49146 74669 77564 89599 47424 58038 95815 88350 44989 14254 47821 83717 82134 61278 48606 37962 61484 59059 35098 3453 48033 94319 94963 49778 77085 67848 48336 55764 65642 99617 49594 68982 34041 59068 63442 52565 0 49188 101604 49668 45641 59276 72203 66410 81827 63174 72279 126665 87662 45656 87915 47008 71887 70536 81563 46595 64069 77181 51649 88991 63150 74119 96735 74383 80083 95863 47848 62328 72279 109863 30538 69670 108798 65686 42579 75831 63161 65779 18854 97083 26920 37093 91442 86495 97845 72051 37946 81492 55498 47412
22295 60224 75948 19593 53346 89884 37438 55860 77144 22234 19999 42516 39038 40206 82205 36306 20003 84258 59492 12162 59092 43122 50453 44213 57167 29294 20712 25390 51071 20502 45735 10381 83445 57419 43148 43820 60504 9088 92235 57356 62148 4529 48550 22145 45863 52478 26017 49188 0 71993 31125 24809 23172 40104 35926 47890 55718 62976 88425 50563 29011 52006 41497 62976 109814 45134 41428 45254 57511 46951 72489 30044 41115 69957 55568 49730 66252 38450 98799 59580 75708 75508 62386 76779 47961 8530 41367 55706 52573 45876 73238 71552 31394 80234 51526 63101 34017 12210 44394 47967 8164
58489 27705 26155 52400 117473 86634 59769 46501 49935 80946 61458 68194 32955 41447 61053 58667 55470 37383 22737 62814 111508 78476 25179 41999 83109 97296 74454 49135 117567 77538 98151 65089 43753 34006 63666 30427 65908 66935 127501 54696 34845 73659 36577 79985 51515 120480 53383 101604 71993 0 97565 91249 54245 33334 95783 94126 59471 48175 83784 31281 55948 29321 71254 48333 147669 30779 72964 39057 25944 76831 27276 43394 35103 14398 28743 26658 5741 59404 134066 41895 25963 127924 68942 9781 40824 66446 85867 59459 55834 94146 20180 124059 70727 38124 86300 91795 52208 71678 35634 114635 66010
49313 87034 102940 45165 28787 87656 49583 82852 104137 46722 37301 69508 64611 61090 109197 63298 45576 111250 85547 39638 55039 70114 76025 60746 84159 14455 47384 51066 20816 45834 46386 37645 110438 73410 70140 69496 87496 36550 98951 84348 78681 30845 75559 47235 72855 37640 53026 49668 31125 97565 0 10292 48849 66314 24625 43451 82710 89969 89290 71018 56003 74796 68489 89969 114085 67931 68420 72263 84021 73943 99482 56808 67221 96115 82577 75578 91825 65443 105515 86572 92461 72079 89378 102351 74979 36328 37997 82698 79566 37174 99397 70469 58386 107226 48119 59469 52143 38565 66583 20123 35199
43142 80717 96769 38849 31287 81408 43065 76681 97966 40552 30782 63338 58294 54571 103026 57128 39259 105080 79230 33322 53351 63944 69708 54227 77989 21194 41214 44749 31003 39663 42359 31328 104267 66891 63970 63179 81325 30234 94924 78177 72162 24674 69242 41064 66684 44378 46709 45641 24809 91249 10292 0 42532 59998 20957 36373 76540 83798 82310 64499 49833 68277 62319 83798 110057 61412 62250 65946 77704 67772 93311 50491 60905 89799 76260 69261 85508 59272 101488 80402 85942 70116 83208 96035 68808 30011 30378 76528 73395 33147 93080 66441 52216 101055 41041 52391 45624 32395 60064 29519 28882
16508 42472 59427 4287 70300 78558 24362 40671 61956 38828 13408 35491 21622 24460 67976 25936 7357 69069 41769 15476 69129 40267 33036 29137 50625 48579 32564 6504 68851 35249 55823 16305 68257 41789 33033 24934 47141 17371 89380 42684 46443 25132 31052 38096 31117 71763 13517 59276 23172 54245 48849 42532 0 21752 49419 51479 41490 47788 77045 34488 20965 34941 35455 47788 109547 28455 35566 28127 39459 41300 55927 12246 23156 51553 38441 31523 48504 28248 95944 44391 59183 85596 49024 59031 31397 19108 41178 41477 37828 51473 54835 81897 32411 65045 46144 54768 19859 28735 28318 65918 16447
28716 20772 38260 21232 86926 77285 30130 26261 43377 51533 30770 41459 5103 13221 52006 30489 24302 48719 20068 29480 82108 50478 14020 18008 56593 66045 45040 15802 86317 48125 68750 31755 48061 24755 37586 5792 44082 33980 99547 33322 29284 41463 12681 50572 28675 89229 20869 72203 40104 33334 66314 59998 21752 0 65235 64479 37646 32151 75772 16679 27202 16754 43430 32151 119714 10330 45134 14835 17707 49446 34226 10060 4027 29853 16794 10029 27593 32802 106111 28754 40167 98523 47793 39102 17972 33112 55320 37633 33344 64636 33134 94824 42697 44849 56654 65277 22890 41905 11926 83384 33056
53027 85939 103012 45550 24773 66396 43333 84636 105767 55416 36275 74089 62828 57319 112110 67154 45155 112881 83764 43425 74120 75206 74170 56975 88878 37563 52829 51446 42553 52783 63128 41267 112068 67330 74251 68417 91352 40615 115692 86648 73256 37735 74637 55326 75251 60747 54209 66410 35926 95783 24625 20957 49419 65235 0 22049 85623 91599 68029 67247 61070 70507 73581 91599 130826 65129 73512 71712 82926 79034 99394 56834 65439 95021 81982 73795 90042 69467 122257 88203 79681 90885 93235 99390 74982 40556 18403 85611 81961 53915 98302 87210 63478 108856 26880 38067 49079 44491 62294 44173 38844
55087 85184 102256 47610 36823 48210 42482 83880 105011 67380 38335 77055 62072 56000 111544 69214 47317 112125 83008 51547 89537 78846 73414 55657 91927 56389 63762 50859 59435 64747 78544 50161 111312 60192 76311 67661 91473 49940 127518 85892 67273 49699 73881 67290 75064 79573 56268 81827 47890 94126 43451 36373 51479 64479 22049 0 85437 90843 49718 65928 63387 69751 77019 90843 144643 64373 77033 70956 82170 82674 98638 56247 64683 94265 81226 73039 89286 71526 134082 87447 70910 106301 93356 96214 74226 49530 10308 85424 81775 69332 97546 102627 70892 108101 7844 19030 47761 56455 61538 62864 48169
34895 33991 41873 40969 105615 105123 53206 15006 27458 44870 50053 15696 40250 44676 32643 20492 44039 41346 48216 45222 72158 26338 44999 49463 28748 80877 40933 34988 102376 41401 63174 47497 37142 58160 13395 39586 6449 51287 73560 11246 62689 56125 29526 42902 15134 104061 32413 63174 55718 59471 82710 76540 41490 37646 85623 85437 0 18775 103610 49513 26707 49484 18560 18344 93727 43259 20270 24549 34986 23318 38677 33492 39561 51349 32188 41593 53730 18180 80124 18775 71146 87242 15024 66702 24549 48479 76331 6449 12871 67677 49759 80016 28114 34266 77611 86235 49814 44476 47073 99273 50363
42084 22695 28314 47267 112778 101772 56494 8569 15200 54355 56511 29873 35143 42843 22376 29575 50337 24666 37077 52411 81264 40107 35164 47630 41130 88135 50039 41287 109634 50506 72279 54687 23169 48663 27285 31241 24195 58029 85942 16629 53067 63383 22320 52008 18701 111319 39236 72279 62976 48175 89969 83798 47788 32151 91599 90843 18775 0 100259 39843 33965 39814 32737 7004 106109 33589 34447 20897 24655 36707 27193 36089 34066 40051 22376 31923 42435 27285 92506 7004 60785 96347 26738 55406 18885 55668 81684 17746 15207 74866 36634 92731 38417 20293 83018 91641 50463 51734 39234 106531 57104
86444 86658 99006 74320 75379 10175 54091 96233 109608 107707 69692 103043 72761 63942 119348 92919 71250 109741 84236 84625 135173 110203 74173 59155 118177 102539 102072 73636 99338 104127 123383 84327 114292 51595 100016 74931 110047 85251 159315 99308 58676 90384 82654 107296 93699 125222 81002 126665 88425 83784 89290 82310 77045 75772 68029 49718 103610 100259 0 63893 88621 67254 105015 100259 179483 66669 106121 84372 84224 111030 97155 73807 75772 90599 83537 74391 83087 95231 165879 96862 58771 151600 112634 85800 87641 88141 53992 103598 99308 115269 93881 148564 102347 110055 42238 35442 60570 96990 68044 102767 84327
44175 22765 40253 32297 88937 65406 29067 37211 45715 66991 34914 55762 13243 12125 55455 44756 30560 50919 20344 43763 97566 65111 10280 14544 71226 73718 60499 30243 91020 63583 84209 44517 50399 12298 51853 14515 55949 45520 114180 44272 13893 52523 23820 66030 40892 96902 35694 87662 50563 31281 71018 64499 34488 16679 67247 65928 49513 39843 63893 0 42037 3899 58063 39843 134347 6631 59767 26386 20331 64079 36220 24885 16679 31846 19708 10498 26174 47068 120744 35051 26239 113982 59660 33974 29406 47395 57331 49500 45211 79971 35128 110283 57330 47187 58103 66726 21363 57008 10141 88772 44596
8301 34064 46936 19492 78908 90135 36686 26849 48133 24998 25316 15627 29668 32989 53193 7295 22167 55247 42695 19119 55560 23720 38061 37776 30761 54170 18506 18071 75669 21590 42202 21547 54434 49961 14392 31560 31493 25641 72789 28344 54613 29418 23327 24037 16852 77354 7620 45656 29011 55948 56003 49833 20965 27202 61070 63387 26707 33965 88621 42037 0 42259 17599 33965 92957 36035 18920 18413 31525 23614 43478 18429 29117 51080 28727 34428 50207 9607 79353 30569 64208 71976 33375 63143 20030 22101 53086 26695 23562 41082 51570 68277 15940 51222 58801 67425 34819 17769 36491 72565 24717
44501 22373 39029 32764 92198 68767 32966 37182 45323 67257 38092 55984 13319 14168 55063 44978 32003 49694 19952 44758 97819 65333 8835 18444 71448 76660 60765 30696 94798 63849 84462 45512 50007 15658 52075 14486 55921 46963 114402 44243 16602 53966 23791 66296 40863 99845 36147 87915 52006 29321 74796 68277 34941 16754 70507 69751 49484 39814 67254 3899 42259 0 58285 39814 134569 7154 59989 26599 19939 64301 34995 25338 16754 30622 19460 10250 24729 47290 120966 35022 25609 114235 59631 31859 29377 48390 60592 49472 45182 80348 33903 110536 57552 46795 61925 70549 25262 57690 10664 92550 46039
22333 46722 54847 34816 91394 106528 53079 29252 38107 29021 38948 4824 45897 49382 42718 13970 36657 51495 58547 32667 55993 7778 54087 54169 16015 66656 25875 34464 88155 25735 47008 35179 47997 66110 8250 47586 20878 39072 56846 25492 70639 41904 39353 27092 23143 89840 24013 47008 41497 71254 68489 62319 35455 43430 73581 77019 18560 32737 105015 58063 17599 58285 0 27274 77014 52061 3175 34439 46105 8711 51650 34822 45346 64168 43306 50454 65513 12281 63411 33754 80234 71077 22761 78485 35140 34888 66718 17629 25600 53998 62579 62218 12053 45121 73476 82992 50664 30255 52720 85051 38349
42084 22853 30977 47267 112778 101772 56494 8569 21142 53584 56511 24409 35143 42843 27459 29206 50337 31028 37077 52411 80872 35051 35164 47630 37026 88135 49647 41287 109634 50115 71887 54687 29531 48663 22109 31241 19465 58029 81838 11165 53067 63383 22320 51616 18701 111319 39236 71887 62976 48333 89969 83798 47788 32151 91599 90843 18344 7004 100259 39843 33965 39814 27274 0 102005 33589 28984 20897 24655 32027 27781 36089 34066 40299 22376 31923 42592 26894 88402 7004 60785 95955 22634 55564 18885 55668 81684 13016 15207 74866 38709 88730 36828 26654 83018 91641 50463 51734 39234 106531 57104
93439 122576 128210 107357 136436 180996 127278 104103 102735 88368 110054 81838 122180 125597 94759 90984 108814 124380 135005 103655 70757 69414 130371 130384 65989 108551 94340 110535 119004 93306 70536 106172 116441 142393 84989 123870 94114 108909 22119 100654 146923 107774 115637 90441 99798 123387 100227 70536 109814 147669 114085 110057 109547 119714 130826 144643 93727 106109 179483 134347 92957 134569 77014 102005 0 128344 75877 110723 122760 71120 127089 111036 121630 139933 119962 126738 141928 89295 15555 107871 156517 50091 79935 154866 111838 104397 137571 90865 100767 80359 136683 43956 82352 117301 144710 155614 122827 99344 129003 115443 108983
