NAME : SHANGHAI-100-3
COMMENT : OSM drive network, customers at real shops (shop=* POIs), depot (31.2304, 121.4737), seed 3
TYPE : VRPSPD
DIMENSION : 101
CAPACITY : 150
EDGE_WEIGHT_TYPE : EXPLICIT
EDGE_WEIGHT_FORMAT : FULL_MATRIX
EDGE_WEIGHT_SECTION
0 30632 36321 30542 28725 25789 65732 27134 23715 58851 34883 74238 44544 39681 51597 31578 13518 27055 54451 27348 21438 44304 34775 32833 73272 49820 26649 58800 59342 12727 18634 39530 9789 30646 64968 39773 40809 56061 62554 70810 13911 96922 19697 32042 54855 61408 28376 63359 33707 75992 65684 91950 62270 19665 31048 33446 58489 15775 45236 34351 32610 32042 44281 52084 34681 10818 40127 55681 25301 41702 44872 17926 400 65751 43259 24104 22347 31682 94113 74085 17110 34895 77312 71252 48273 22550 3431 67635 40168 34702 34239 11926 47253 44175 8275 76179 25467 50521 53027 46810 74498
30632 0 66552 13452 19887 42645 54017 24021 53562 37450 35260 90788 38325 45998 36785 17999 19054 51361 37003 14597 51331 26506 25937 28176 101462 23741 47748 37399 47627 35892 38387 18623 29184 5792 53254 70004 31614 73969 50839 99000 30833 125113 11469 24177 48579 48896 47904 51695 5792 104183 39889 120140 80179 24159 29931 5792 35103 25126 22627 8272 8320 24177 23066 25238 62991 30889 24327 28835 53327 15294 75103 23289 30632 54037 17180 10170 49565 35260 79125 104080 46956 39561 105502 44531 39078 8616 31029 41227 32419 10411 30333 19240 58580 16679 31086 64774 19887 37943 65439 47454 102689
36321 66552 0 66199 61507 49350 98513 59916 43305 94509 67664 65959 77325 72462 84379 64360 49438 58601 88988 63006 40990 78344 67557 65615 67718 85347 58314 94458 92123 36366 42216 74893 39695 66303 97750 6709 73590 46333 95335 65256 46693 85504 55347 64824 87636 94190 60052 96140 69628 72778 101341 80532 52954 54202 65585 69366 94146 50312 80893 70272 68268 64824 78380 87876 59609 37790 73559 91474 56848 77360 10257 52463 36003 98533 78876 59753 54012 64463 124708 46575 37421 67677 71758 106035 81054 58200 37456 103293 74705 70359 68776 47576 53956 79971 36185 108960 58249 83302 56737 79592 68944
30542 13452 66199 0 7943 52308 40753 15335 52320 31679 27490 100712 29639 38229 25907 4547 24976 48488 45201 6099 50090 15796 13993 19490 99179 29306 44370 31628 34363 42567 46699 28084 37973 7660 39990 69651 19676 83577 37575 96717 28356 122829 20630 15491 36635 36128 43204 38430 9119 101899 38506 117857 89787 34526 40298 11234 31312 34872 18059 15258 5461 15491 15425 26900 60782 39539 12348 30497 51086 14525 74750 33655 30542 40773 24093 19331 47129 27490 81265 102825 45714 31792 103219 46318 27140 17777 33573 40458 42786 7552 40700 28029 68947 17721 37582 51510 11201 25241 75805 38768 100405
28725 19887 61507 7943 0 53111 37006 7392 45099 36686 19547 101561 21696 30286 22872 3396 25493 40545 51964 8960 43487 18072 6050 11547 91455 37249 36427 36635 30617 40314 45957 33937 37849 15603 36243 64959 12084 83357 33828 88993 21049 115105 22730 7548 28692 32683 35261 34633 17062 94176 44313 110133 89567 36960 42732 19177 37082 36978 24619 23201 13404 7548 18313 34842 53560 39052 12466 38440 43363 22251 70058 36090 28813 37026 32036 24283 39186 19547 89208 95855 39112 23849 95495 54261 19548 22730 31844 48184 45220 15495 43134 28378 71381 25664 36356 47763 3258 21796 78240 30825 92681
25789 42645 49350 52308 53111 0 90117 51520 31259 76577 59200 49937 68861 63998 75756 55584 30440 49511 50661 51038 28570 65633 59161 57219 95729 48449 49308 76526 83728 16459 10040 38216 19268 44746 89354 49980 65195 32994 86939 93267 38228 115273 32232 56428 79172 85794 51046 87744 44920 98449 77775 110233 39268 23204 27447 42298 72989 21000 60971 40364 47280 56428 62194 51619 48616 15599 63455 55216 47758 51876 52481 21736 25789 90137 42619 36638 44922 56067 87894 82643 26072 59212 99768 69296 72659 35084 24271 70332 36378 49371 30265 26024 25611 47850 20733 100496 49853 74907 29326 71127 96955
65732 54017 98513 40753 37006 90117 0 40942 77561 33778 41187 138567 29632 42683 21484 38557 62499 53582 83729 43748 77350 30658 31651 36065 100848 67451 50670 38225 8489 77320 82963 67869 74855 48231 5840 101965 26006 120363 8489 98386 55798 124499 59736 35877 33679 10905 47985 12364 49426 103088 49094 119526 126573 73967 79739 51535 42107 73984 43500 55495 45697 38845 33265 61652 65818 76058 30263 61652 54431 47952 107064 73096 65819 8489 63465 59472 55204 41247 113459 120489 75592 41562 104888 78498 25132 57918 68850 65725 82227 43606 80141 65384 108388 53577 73362 21818 40264 18095 115246 37854 102075
27134 24021 59916 15335 7392 51520 40942 0 42703 42027 16472 99970 19213 27210 27963 10788 23902 37565 53402 12988 40908 24546 10630 9064 88476 42361 33447 41976 34552 38723 44365 35647 36258 21670 40179 63368 15423 81766 37764 86014 17887 112126 21138 5065 29739 37144 32282 37581 23129 91196 51065 107154 87976 35369 41141 25143 43834 35387 32010 27720 20796 5065 25705 42186 50611 37461 17556 45783 40383 29642 68467 34499 27222 40748 36628 22692 36207 16472 95400 93477 37008 20773 92516 61479 22887 21138 30253 55575 43629 22887 41543 26787 69790 33056 34765 51460 4134 26886 76649 28342 89702
23715 53562 43305 52320 45099 31259 77561 42703 0 79407 42890 73470 52551 47643 65514 48495 36638 30382 76685 48438 3023 62098 48181 44083 74875 72750 31409 79356 71171 20616 22284 62590 27392 53216 77132 46292 53653 55057 74048 72413 25988 90797 42817 43296 62862 74097 33273 72060 56528 77595 87841 85757 61267 41899 53282 56375 80644 38009 67806 57281 55181 43296 63167 75014 25579 25000 55108 78611 28628 64273 50684 40160 23397 75935 66189 47224 26700 42796 116039 60758 11310 42902 78915 93951 58263 45670 24851 90206 62402 57272 56473 35046 52830 67105 23882 83556 42024 64438 56401 54689 76101
58851 37450 94509 31679 36686 76577 33778 42027 79407 0 52243 124982 50926 61943 21876 33290 51396 73013 65192 36181 78999 21232 36047 45845 123923 48624 69686 9255 30511 68478 71874 51176 62666 31883 33778 97961 36658 107901 36985 121461 56733 147573 44951 42027 57545 26466 67729 40478 33078 126162 22743 142601 114111 58779 64551 34968 16416 59141 24842 38927 29349 44234 18373 42825 86474 64371 28169 42825 75830 30257 103060 57909 58851 36985 46773 43652 72698 52243 94632 130162 74624 55506 127963 59671 44882 42098 61882 46897 67039 27258 64953 52722 93200 36884 63287 50314 39944 21270 100059 61186 125149
34883 35260 67664 27490 19547 59200 41187 16472 42890 52243 0 107650 14977 14519 35414 22943 32437 24125 63401 25224 42680 35251 18844 8569 73547 54517 19775 53123 33891 46403 52046 45647 44027 32909 40758 71117 17958 89446 36767 71085 21841 97197 30985 17064 25494 38567 18610 34692 35285 76268 63064 92225 95656 44756 50727 37298 55834 44027 44166 39117 32951 17064 37786 54341 37255 45210 28719 57939 26124 41798 76216 43885 34970 38568 48025 32539 22767 8569 105399 87343 40921 8082 77587 73635 20690 30985 38001 67731 53629 35042 51543 35321 79376 45211 42514 47733 16472 34337 85611 19997 74773
74238 90788 65959 100712 101561 49937 138567 99970 73470 124982 107650 0 117310 112447 124317 104139 78844 97961 87593 99442 71556 114037 107611 105668 121390 94157 97757 124931 132177 64952 56286 84317 67914 93151 137804 67024 113644 21851 135389 118746 86678 135458 80636 104878 127621 134244 99495 136194 93324 128821 125918 130424 17772 70117 69971 90440 121132 69212 109113 87277 95684 104878 110598 97721 95807 64245 111859 101318 96207 98948 67288 68813 74238 138587 88721 85042 93372 104517 97814 94390 72545 107662 125430 96216 121108 83489 72910 105341 77403 97776 72394 74428 38766 94104 69367 148945 98303 123356 38076 119577 122616
44544 38325 77325 29639 21696 68861 29632 19213 52551 50926 14977 117310 0 16385 33667 25092 41781 27598 70403 27374 52340 34176 18821 12284 74172 56666 25657 52048 23879 56064 61706 52375 53688 35975 29632 80777 15810 99107 26266 71711 31501 97823 39018 18821 10690 30959 22971 19841 37434 76153 62122 92851 105316 53402 59174 39447 54891 53266 44482 42025 35100 19213 37256 56491 39834 54870 27644 60088 28447 43669 85876 52531 44631 23717 50933 40572 30138 16602 109735 94011 50581 15265 78212 75784 8487 39018 47662 69601 61662 37191 59576 44666 87823 47360 52174 33569 20877 30762 94681 10339 75399
39681 45998 72462 38229 30286 63998 42683 27210 47643 61943 14519 112447 16385 0 45114 33681 37824 24525 74140 35963 47433 45193 28849 19308 73947 65255 20967 63065 35386 51201 56843 56385 48825 43647 42683 75914 27317 94244 38262 71485 26638 97597 39929 27803 26456 42466 19009 35654 46023 76667 73139 92625 100454 50805 57176 48037 65908 49721 54652 49856 43689 27803 48272 65080 37910 50008 38661 68677 26523 52536 81013 49934 39768 39530 58764 43277 24897 19308 116138 89740 45674 6449 77987 84373 22185 41723 42799 78469 63617 45781 59642 40237 85424 55949 47311 48402 27210 42269 91352 18412 75173
51597 36785 84379 25907 22872 75756 21484 27963 65514 21876 35414 124317 33667 45114 0 23756 48365 56184 65738 28946 65304 11112 20694 30009 106921 49661 52857 24289 15963 63186 68829 50512 60721 31218 21484 87831 20087 106229 21592 104459 42787 130572 44286 26309 40286 14391 50900 24790 32413 109161 34657 125599 112439 58115 63887 34303 27276 58476 24178 38263 28685 28766 13719 44039 69645 61924 14926 44357 59001 29593 92930 57244 51685 23583 46108 42987 55869 35414 96554 116270 61984 38677 110961 61593 27623 41434 54716 48819 66375 26594 64289 51250 92536 36220 59228 35527 26130 3389 99394 43927 108148
31578 17999 64360 4547 3396 55584 38557 10788 48495 33290 22943 104139 25092 33681 23756 0 27270 43941 49748 6977 46883 14881 9446 14943 94851 33853 39823 33239 32167 43710 49352 32608 40307 12207 37794 67812 15480 86334 35379 92389 24445 118501 24056 10944 32088 33933 38657 36235 13666 97571 40917 113529 92543 38054 43826 15781 33686 38298 21223 19806 10008 10944 14917 31447 56956 41650 10240 35044 46758 18855 72911 37184 31665 38577 28641 23293 42582 22943 85812 99251 42507 27245 98891 50865 22943 21739 34696 44788 46314 12099 44228 30372 72475 22268 39209 49314 6654 23045 79333 34221 96077
13518 19054 49438 24976 25493 30440 62499 23902 36638 51396 32437 78844 41781 37824 48365 27270 0 34658 45707 22716 34407 39798 31543 29601 84690 38243 31045 51345 56110 20807 24572 27953 14365 20147 61736 52890 37577 61669 59321 82228 15279 108340 8296 28810 52180 58176 31237 60126 22405 87410 56241 103368 67879 16140 23730 21868 50065 15057 36574 22774 22680 28810 37013 40507 46218 16070 35724 44104 36554 31907 57989 15269 13518 62519 31682 12702 32862 28787 86526 87156 30032 32449 88729 59675 45041 11149 15318 57840 31965 24772 26921 4421 49248 32597 15616 73256 22235 47289 55441 44364 85916
27055 51361 58601 48488 40545 49511 53582 37565 30382 73013 24125 97961 27598 24525 56184 43941 34658 0 78084 45368 30755 56263 39919 32689 51964 70549 8474 74135 48768 37440 42357 60670 36443 50146 53582 62053 40699 79757 49699 49502 21532 75614 40837 38158 34077 55847 5597 43274 53602 54684 84062 70642 85967 45458 55903 54175 76831 41568 64124 55081 52111 38158 58784 72608 15215 37270 49731 76205 3828 61203 67152 43720 27055 47150 63989 45244 7246 31177 118591 68953 29639 24137 56004 91901 35482 43690 30086 87136 64138 54202 59094 33066 73150 64079 34816 55525 37470 55107 78101 26032 53190
54451 37003 88988 45201 51964 50661 83729 53402 76685 65192 63401 87593 70403 74140 65738 49748 45707 78084 0 46674 74028 56897 58014 59254 127322 16803 74470 58254 78144 57713 55654 18744 51713 39784 83729 92440 63036 76673 81356 124860 58179 150972 37900 56254 80656 76707 74626 82211 39784 130043 55354 146000 82849 37680 28826 36256 53338 38728 51300 31162 39740 56254 53458 22539 88731 52632 54719 25964 79351 39606 96608 36756 54451 84553 22491 36628 75961 63401 50048 126674 70079 67703 131362 21578 70500 35075 53559 29037 14658 41831 21482 45017 50407 30957 53228 95290 51735 67189 55524 78030 128548
27348 14597 63006 6099 8960 51038 43748 12988 48438 36181 25224 99442 27374 35963 28946 6977 22716 45368 46674 0 46208 19608 15010 17225 95469 32937 41403 36130 37358 39675 45429 28646 35761 12246 42985 66458 21044 82307 40570 93007 24474 119120 19360 13225 36833 39123 40675 41425 13705 98190 43805 114147 88516 33358 39130 15718 36577 33602 23324 18296 11560 13225 19283 32762 56998 37327 15431 36359 47334 20624 71557 32487 27348 43767 27204 19331 43572 25224 86006 98943 41833 29526 99509 52055 28508 17777 30379 46557 41618 13651 39531 25817 67778 23820 34886 54504 8935 28236 74637 36502 96695
21438 51331 40990 50090 43487 28570 77350 40908 3023 78999 42680 71556 52340 47433 65304 46883 34407 30755 74028 46208 0 61513 47971 43872 76958 70387 31342 78948 70961 17715 19383 59934 24813 50986 76921 44091 53443 53143 73837 74496 24073 92994 40465 43085 62651 73887 33206 71849 54297 79679 86024 87954 59353 39242 50625 54145 78829 35353 65576 55051 52950 43085 61582 72784 27776 22099 54898 76381 29001 62042 49190 37504 21120 75725 63917 44871 26634 42586 113138 62922 9080 42692 80998 91626 58053 43317 22574 87975 59745 55042 53817 32694 50554 64874 21303 84585 40229 64227 54125 54607 78184
44304 26506 78344 15796 18072 65633 30658 24546 62098 21232 35251 114037 34176 45193 11112 14881 39798 56263 56897 19608 61513 0 18124 27922 107173 41002 52937 21181 25137 56551 60683 40232 51722 20939 30658 81796 18735 96957 30436 104712 39075 130824 34007 24221 40795 23566 50979 33633 22134 109413 29439 125851 103167 47835 53607 24023 22208 48197 13898 27983 18405 25295 3439 35787 69724 53427 6990 36105 59081 19313 86895 46965 44304 32757 35829 32708 55707 35251 90261 112853 57138 38756 111213 55300 28133 31154 47335 42526 56095 16314 54009 41778 82256 25940 51571 44370 21331 12563 89115 44436 108400
34775 25937 67557 13993 6050 59161 31651 10630 48181 36047 18844 107611 18821 28849 20694 9446 31543 39919 58014 15010 47971 18124 0 11514 90829 43299 36540 35996 25261 46364 52007 39987 43899 21653 30888 71009 6034 89407 28473 88367 25454 114480 28780 7814 25723 28637 34635 28583 23112 93517 46070 109507 95617 43011 48783 25227 38839 43028 28360 29252 19454 10782 21204 40893 53380 45102 11592 44490 42737 27547 76108 42140 34863 31671 38086 30333 39299 18844 95258 98936 45000 22412 94869 60311 13498 28780 37894 53480 51271 21545 49184 34428 77431 31714 42406 42408 9308 19618 84290 28995 92056
32833 28176 65615 19490 11547 57219 36065 9064 44083 45845 8569 105668 12284 19308 30009 14943 29601 32689 59254 17225 43872 27922 11514 0 82111 46517 28345 45793 29675 44422 50064 41499 41957 25826 35302 69067 10058 87465 32887 79650 20773 105762 26837 9064 22810 33051 27174 32007 27285 84832 55065 100790 93675 41222 46994 29298 47834 41086 36166 31876 24951 9064 29786 46341 45824 43160 21389 49939 34688 33798 74166 40351 32920 35661 40784 28391 31336 8569 99586 93434 41377 12871 86151 65635 17522 26837 35951 59731 49482 27042 47395 32485 75642 37211 40464 45689 10021 28932 82501 21413 83338
73272 101462 67718 99179 91455 95729 100848 88476 74875 123923 73547 121390 74172 73947 106921 94851 84690 51964 127322 95469 76958 107173 90829 82111 0 120651 59072 125045 97133 83658 88574 110702 82661 100247 100848 66297 89065 105288 96273 2644 72363 25612 90869 89068 76749 104213 56194 89849 103703 8413 134699 21479 103780 92537 103920 104276 127501 88647 114837 105182 102212 89068 109694 122709 51036 83488 100641 126306 48136 111304 72343 90798 73272 93724 114090 95275 54195 80599 166985 32440 75856 73560 4040 142002 82579 93722 76303 137237 113039 104303 107111 83098 112911 114180 81034 90458 88380 104016 115692 63834 1226
49820 23741 85347 29306 37249 48449 67451 42361 72750 48624 54517 94157 56666 65255 49661 33853 38243 70549 16803 32937 70387 41002 43299 46517 120651 0 66936 41686 62249 54142 52987 10761 48102 25205 67451 88799 48321 77632 65461 118189 50022 144301 30530 42517 65941 60139 67092 66317 25205 123371 38786 139329 83853 34378 29078 21769 36770 35427 35406 17761 23845 42517 37563 5971 82179 49139 38824 9396 72515 23711 93898 33454 49820 68659 9091 29231 68753 54517 57373 123034 66144 58818 124690 22426 55785 27677 49948 26083 22734 25936 25490 38301 57539 15062 49617 79396 38228 51112 64593 65795 121877
26649 47748 58314 44370 36427 49308 50670 33447 31409 69686 19775 97757 25657 20967 52857 39823 31045 8474 74470 41403 31342 52937 36540 28345 59072 66936 0 70809 45209 37237 42153 57057 36038 46533 50670 61766 37088 79554 47607 56610 17798 82722 37224 34040 33123 52289 2878 42321 49988 61792 79944 77750 85763 43786 52290 50562 72713 40973 60949 51468 48497 34040 54666 68995 22476 36983 46405 72592 11090 57589 66865 42482 26649 46197 60376 41630 8335 26827 115086 73674 30191 19788 63111 88288 32009 40077 29680 83522 60525 50589 55481 29453 72946 60465 34524 54711 33351 51781 77897 25079 60298
58800 37399 94458 31628 36635 76526 38225 41976 79356 9255 53123 124931 52048 63065 24289 33239 51345 74135 58254 36130 78948 21181 35996 45793 125045 41686 70809 0 34958 68427 71823 46430 62615 31832 38225 97910 36607 107850 40767 122583 56681 148696 44900 41976 58667 30913 68851 43964 33027 127285 15002 143723 114060 58561 64333 34749 8186 59090 24791 38709 29298 44183 18322 35887 87596 64320 28118 35887 76953 29295 103009 57691 58800 41432 42026 43601 73578 53123 87694 130111 74573 56628 129085 52733 46005 42047 61831 39959 64185 27207 64672 52671 92982 36185 63236 53544 39893 24509 99841 62308 126271
59342 47627 92123 34363 30617 83728 8489 34552 71171 30511 33891 132177 23879 35386 15963 32167 56110 48768 78144 37358 70961 25137 25261 29675 97133 62249 45209 34958 0 70931 76573 61479 68466 41841 8489 95576 19617 113974 8276 94671 49408 120784 53346 29487 30498 8587 43252 11474 43036 99373 45112 115811 120183 67577 73349 45145 38124 67595 38203 49105 39308 32455 27744 56940 62103 69669 23873 57670 50716 41562 100675 66707 59429 8489 57076 53082 49139 34857 109477 113982 69202 34266 101173 74516 17835 51528 62460 61742 75837 37216 73751 58994 101998 47187 66972 21818 33875 12574 108856 34139 98360
12727 35892 36366 42567 40314 16459 77320 38723 20616 68478 46403 64952 56064 51201 63186 43710 20807 37440 57713 39675 17715 56551 46364 44422 83658 54142 37237 68427 70931 0 9348 43688 8672 37491 76557 39818 52398 46774 74142 81196 25431 103215 24423 43631 66375 72997 38748 74947 39749 86378 73585 98175 52984 22927 34310 38706 67817 19037 54551 39484 40025 43631 54095 56672 36558 5263 52042 60269 35687 48957 44917 21188 12727 77340 47672 28829 32851 43270 97375 70585 14370 46415 87698 75310 59862 27276 11434 74589 43430 42116 37501 16652 40097 48766 7988 87699 37056 62110 45049 58330 84884
18634 38387 42216 46699 45957 10040 82963 44365 22284 71874 52046 56286 61706 56843 68829 49352 24572 42357 55654 45429 19383 60683 52007 50064 88574 52987 42153 71823 76573 9348 0 42437 12171 39991 82200 45668 58040 38592 79785 86112 31074 108119 26923 49274 72017 78640 43891 80590 40800 91294 74518 103079 44801 21632 32251 39040 69732 17742 57051 39081 42525 49274 57490 55840 41461 8502 57949 59438 40603 49292 50767 19893 18634 82983 46841 31329 37767 48913 94099 75488 18252 52058 92614 73834 65504 29776 17174 74334 41371 44616 35443 20151 32338 48302 13728 93341 42699 67752 35909 63973 89800
39530 18623 74893 28084 33937 38216 67869 35647 62590 51176 45647 84317 52375 56385 50512 32608 27953 60670 18744 28646 59934 40232 39987 41499 110702 10761 57057 46430 61479 43688 42437 0 37649 21353 67106 78346 45210 67915 64691 108240 40425 134352 20145 38227 62629 62623 57212 65546 21353 113422 43530 129380 74189 23828 19522 17953 41514 24877 34636 12860 22623 38227 36793 13783 72230 38685 38054 17380 62566 22941 83445 22904 39530 67889 4403 18846 58874 45647 62026 112580 55985 49948 114741 32551 52674 17293 39494 32628 21338 24715 19280 27916 50602 14292 39163 78626 33937 51670 57460 60275 111928
9789 29184 39695 37973 37849 19268 74855 36258 27392 62666 44027 67914 53688 48825 60721 40307 14365 36443 51713 35761 24813 51722 43899 41957 82661 48102 36038 62615 68466 8672 12171 37649 0 30783 74092 43147 49933 50055 71677 80199 23056 106311 17715 41166 63999 70532 37133 72482 33041 85381 66877 101339 56265 16927 28310 31998 61109 13038 47843 32776 33317 41166 48282 50509 42245 3669 48710 54106 34690 42249 48246 15189 9789 74875 41632 22121 31735 40805 91375 77459 20787 44040 86700 69311 57397 20568 7887 68182 37430 35408 31501 9944 41221 42600 4519 85323 34591 59645 46251 55955 83887
30646 5792 66303 7660 15603 44746 48231 21670 53216 31883 32909 93151 35975 43647 31218 12207 20147 50146 39784 12246 50986 20939 21653 25826 100247 25205 46533 31832 41841 37491 39991 21353 30783 0 47468 69756 27330 76070 45053 97786 29252 123898 13068 21826 44295 43329 46323 45909 3728 102968 36094 118925 82280 26964 32736 5792 30326 27310 17060 10330 2534 21826 17500 23694 61776 32488 18761 27291 52112 12112 74855 26093 30646 48251 19165 11769 48350 32909 78059 103721 46611 37211 104287 43112 34794 10215 32629 38045 35224 4625 33138 20839 61385 14515 32685 58988 17537 32376 68243 45104 101474
64968 53254 97750 39990 36243 89354 5840 40179 77132 33778 40758 137804 29632 42683 21484 37794 61736 53582 83729 42985 76921 30658 30888 35302 100848 67451 50670 38225 8489 76557 82200 67106 74092 47468 0 101202 25243 119600 8489 98386 55099 124499 58973 35114 33679 10905 47985 12364 48663 103088 49094 119526 125810 73204 78976 50772 42107 73221 43500 54732 44934 38082 33265 61652 65818 75295 29500 61652 54431 47189 106301 72333 65056 8489 62702 58709 55204 40818 113459 120489 75162 41562 104888 78498 25132 57155 68087 65725 81464 42843 79378 64621 107624 52814 72599 21818 39501 18095 114483 37854 102075
39773 70004 6709 69651 64959 49980 101965 63368 46292 97961 71117 67024 80777 75914 87831 67812 52890 62053 92440 66458 44091 81796 71009 69067 66297 88799 61766 97910 95576 39818 45668 78346 43147 69756 101202 0 77043 47398 98787 63835 50145 84083 58799 68276 91089 97642 63505 99592 73080 71357 104793 79111 54018 57654 69037 72818 97599 53764 84346 73724 71720 68276 81832 91329 62036 41242 77012 94926 60300 80812 6738 55916 39455 101985 82329 63206 57464 67915 126825 45155 40137 71129 70337 109922 84507 61652 40908 106745 78157 73811 72228 51028 55020 83423 39638 112412 61701 86755 57802 83044 67523
40809 31614 73590 19676 12084 65195 26006 15423 53653 36658 17958 113644 15810 27317 20087 15480 37577 40699 63036 21044 53443 18735 6034 10058 89065 48321 37088 36607 19617 52398 58040 45210 49933 27330 25243 77043 0 95441 22828 86603 30343 112715 34813 10565 22877 22992 35183 22725 28525 91752 46681 107743 101651 49044 54816 30640 39450 49062 29040 34664 24867 13533 21814 43699 54034 51136 12203 46240 42647 28227 82142 48174 40896 25813 43147 36116 40079 17958 100279 102822 50827 21526 93104 65333 10215 34562 43927 54160 57304 23881 55218 40461 83465 33852 48440 36550 15342 19010 90323 26149 90291
56061 73969 46333 83577 83357 32994 120363 81766 55057 107901 89446 21851 99107 94244 106229 86334 61669 79757 76673 82307 53143 96957 89407 87465 105288 77632 79554 107850 113974 46774 38592 67915 50055 76070 119600 47398 95441 0 117185 102827 68474 122235 63556 86674 109418 116040 81292 117990 76244 110348 109099 117201 9248 53663 54693 73622 104313 52323 92295 70823 78604 86674 93518 81318 77394 46386 94779 84915 78004 82494 47662 52359 56061 120383 72318 67962 75168 86313 96234 81167 54132 89458 109328 85409 102905 66408 54732 94534 62390 80695 56267 57253 26408 77701 51286 130742 80099 105153 26381 101373 106515
62554 50839 95335 37575 33828 86939 8489 37764 74048 36985 36767 135389 26266 38262 21592 35379 59321 49699 81356 40570 73837 30436 28473 32887 96273 65461 47607 40767 8276 74142 79785 64691 71677 45053 8489 98787 22828 117185 0 93812 52284 119924 56558 32699 28090 14112 44922 7789 46248 97499 50741 114952 123395 70789 76561 48357 43753 70806 41985 52317 42519 35667 33042 60245 61935 72880 27085 60975 50548 44774 103886 69918 62641 7789 60287 56294 52016 37734 115106 116039 72078 37142 100124 80145 20217 54740 65672 67371 79049 40428 76963 62206 105210 50399 70184 18525 37086 18203 112068 32440 97311
70810 99000 65256 96717 88993 93267 98386 86014 72413 121461 71085 118746 71711 71485 104459 92389 82228 49502 124860 93007 74496 104712 88367 79650 2644 118189 56610 122583 94671 81196 86112 108240 80199 97786 98386 63835 86603 102827 93812 0 69901 26295 88407 86606 74287 101751 53732 87387 101241 11058 132237 21323 101136 90075 101458 101814 125040 86185 112375 102720 99750 86606 107232 120247 48574 81026 98179 123844 45674 108842 69881 88336 70810 91263 111628 92814 51733 78137 164523 29796 73394 71098 6684 139540 80117 91260 73841 134775 110577 101841 104649 80636 110449 111718 78572 87997 85918 101554 113231 61372 3871
13911 30833 46693 28356 21049 38228 55798 17887 25988 56733 21841 86678 31501 26638 42787 24445 15279 21532 58179 24474 24073 39075 25454 20773 72363 50022 17798 56681 49408 25431 31074 40425 23056 29252 55099 50145 30343 68474 52284 69901 0 96013 20768 19986 41812 52065 17070 51010 32708 75083 64290 91041 74684 28547 36509 33647 57095 26093 43842 34553 31217 19986 39316 51714 33895 24238 32381 55311 24228 40309 55244 27242 13999 54523 43461 25174 19736 19486 99017 76762 21819 21853 76403 71007 37214 23621 17030 66242 44456 33308 39701 14480 59809 43185 21542 63758 17791 41711 65583 33768 73589
96922 125113 85504 122829 115105 115273 124499 112126 90797 147573 97197 135458 97823 97597 130572 118501 108340 75614 150972 119120 92994 130824 114480 105762 25612 144301 82722 148696 120784 103215 108119 134352 106311 123898 124499 84083 112715 122235 119924 26295 96013 0 114519 112718 100399 127863 79844 113499 127353 25946 158349 5040 117848 116187 127570 127926 151152 112297 138488 128832 125862 112718 133344 146359 74687 106751 124291 149956 71786 134954 90129 114448 96922 117375 137740 118926 77845 104249 190635 42033 95113 97210 21572 165653 106229 117372 99953 160887 136690 127953 130761 106748 130697 137830 104684 114109 112030 127666 133479 87484 24386
19697 11469 55347 20630 22730 32232 59736 21138 42817 44951 30985 80636 39018 39929 44286 24056 8296 40837 37900 19360 40465 34007 28780 26837 90869 30530 37224 44900 53346 24423 26923 20145 17715 13068 58973 58799 34813 63556 56558 88407 20768 114519 0 26047 49416 55413 37380 57363 15326 93589 49162 109547 69765 15524 21495 14283 43394 14795 30128 15061 15602 26047 30567 32794 52397 19420 31829 36391 42734 24534 63898 14654 19697 59756 23969 4406 39041 29831 79898 93111 36212 33492 94909 51962 42277 2853 19561 50467 26979 17693 23962 7771 50144 24885 19617 70493 19472 44525 56834 45407 92095
32042 24177 64824 15491 7548 56428 35877 5065 43296 42027 17064 104878 18821 27803 26309 10944 28810 38158 56254 13225 43085 24221 7814 9064 89068 42517 34040 41976 29487 43631 49274 38227 41166 21826 35114 68276 10565 86674 32699 86606 19986 112718 26047 0 25723 32079 32874 33290 23285 91789 51065 107746 92884 40431 46203 25299 43834 40295 32166 27876 20952 5065 25787 42342 51203 42369 17556 45939 40976 29798 73375 39560 32130 35683 36784 27600 36799 17064 95587 94070 40590 21366 93108 61635 18029 26047 35161 55731 48691 23043 46604 31695 74851 33212 39673 46420 6728 25232 81710 28342 90294
54855 48579 87636 36635 28692 79172 33679 29739 62862 57545 25494 127621 10690 26456 40286 32088 52180 34077 80656 36833 62651 40795 25723 22810 76749 65941 33123 58667 30498 66375 72017 62629 63999 44295 33679 91089 22877 109418 28090 74287 41812 100399 49416 25723 0 37578 30246 21665 45754 77388 68741 95427 115628 63647 69419 47869 61510 63665 51079 51893 42096 28692 43875 63534 46313 65182 34263 67131 34926 50265 96188 62777 54942 25541 60728 50970 38429 27120 117899 99233 60893 25542 80153 82953 15104 49416 57973 76198 71907 44187 69821 55064 98068 54356 62485 24365 31130 37381 104927 14126 77339
61408 48896 94190 36128 32683 85794 10905 37144 74097 26466 38567 134244 30959 42466 14391 33933 58176 55847 76707 39123 73887 23566 28637 33051 104213 60139 52289 30913 8587 72997 78640 62623 70532 43329 10905 97642 22992 116040 14112 101751 52065 127863 55413 32079 37578 0 50332 17987 44524 106453 41782 122891 122250 69463 75235 46414 34795 69661 36358 50374 40795 34536 26172 54340 69183 71735 24993 54340 57796 41773 102741 68592 61496 14112 58219 54994 56219 38567 106147 120980 71778 39697 108253 71186 24915 53441 64527 58412 77723 38704 75636 61061 103883 48330 69039 27441 35941 11003 110742 41219 105439
28376 47904 60052 43204 35261 51046 47985 32282 33273 67729 18610 99495 22971 19009 50900 38657 31237 5597 74626 40675 33206 50979 34635 27174 56194 67092 2878 68851 43252 38748 43891 57212 37133 46323 47985 63505 35183 81292 44922 53732 17070 79844 37380 32874 30246 50332 0 39443 49375 58914 78778 74872 87502 44587 52734 50717 71548 41866 59880 51623 47884 32874 53500 68381 19599 38316 44447 71978 8212 56958 68604 43282 28076 43319 60531 41786 8206 25662 115241 73038 31845 18622 60234 87674 29885 40232 31107 82891 60681 49975 55925 30254 74186 59852 35620 51833 32186 49823 79263 22201 57420
63359 51695 96140 38430 34633 87744 12364 37581 72060 40478 34692 136194 19841 35654 24790 36235 60126 43274 82211 41425 71849 33633 28583 32007 89849 66317 42321 43964 11474 74947 80590 65546 72482 45909 12364 99592 22725 117990 7789 87387 51010 113499 57363 33290 21665 17987 39443 0 47103 91074 53939 108527 124200 71594 77366 49213 46951 71611 45183 53173 43375 36259 36240 61101 55511 73685 27941 63643 44124 45629 104691 70723 63446 3876 61143 57099 47627 36317 118069 110181 70090 34740 93700 83113 16616 55545 66477 70429 79854 41284 77768 63011 106015 51254 70989 15243 37891 21401 112873 26015 90886
33707 5792 69628 9119 17062 44920 49426 23129 56528 33078 35285 93324 37434 46023 32413 13666 22405 53602 39784 13705 54297 22134 23112 27285 103703 25205 49988 33027 43036 39749 40800 21353 33041 3728 48663 73080 28525 76244 46248 101241 32708 127353 15326 23285 45754 44524 49375 47103 0 106423 36195 122381 82453 27137 32909 5792 30427 27483 17619 10330 3728 23285 18694 23694 65231 34746 19955 27291 55567 12213 78179 26267 33707 49445 19165 14027 51805 35285 78059 107046 49922 39586 107742 43112 35988 12474 34887 38146 35397 5820 33311 23097 61558 14515 34943 60182 18995 33571 68417 46562 104929
75992 104183 72778 101899 94176 98449 103088 91196 77595 126162 76268 128821 76153 76667 109161 97571 87410 54684 130043 98190 79679 109413 93517 84832 8413 123371 61792 127285 99373 86378 91294 113422 85381 102968 103088 71357 91752 110348 97499 11058 75083 25946 93589 91789 77388 106453 58914 91074 106423 0 137359 21813 111212 95257 106640 106997 130128 91367 117558 107902 104932 91789 112414 125429 53757 86208 102881 129027 50856 114024 77403 93518 75992 94950 116810 97996 56916 83320 169705 39872 78577 76280 4374 144723 83979 96442 79023 139957 115760 107023 109831 85819 117971 116900 83754 91109 91100 106256 120752 65814 7187
65684 39889 101341 38506 44313 77775 49094 51065 87841 22743 63064 125918 62122 73139 34657 40917 56241 84062 55354 43805 86024 29439 46070 55065 134699 38786 79944 15002 45112 73585 74518 43530 66877 36094 49094 104793 46681 109099 50741 132237 64290 158349 49162 51065 68741 41782 78778 53939 36195 137359 0 153377 115309 58957 62169 35478 11315 60075 29531 39002 33560 51861 25999 32987 96302 68582 35933 32987 86606 29386 109892 58087 65684 52301 39126 47863 82704 63064 84794 138597 81649 66702 138739 49833 56078 46309 68350 37059 61285 31469 61928 56933 92532 33974 68701 64508 47571 34484 99390 72382 135925
91950 120140 80532 117857 110133 110233 119526 107154 85757 142601 92225 130424 92851 92625 125599 113529 103368 70642 146000 114147 87954 125851 109507 100790 21479 139329 77750 143723 115811 98175 103079 129380 101339 118925 119526 79111 107743 117201 114952 21323 91041 5040 109547 107746 95427 122891 74872 108527 122381 21813 153377 0 112815 111215 122598 122954 146179 107325 133515 123860 120890 107746 128372 141387 69714 101711 119319 144984 66814 129982 85157 109476 91950 112403 132768 113953 72873 99277 185663 36993 90073 92238 17439 160680 101257 112400 94981 155915 131717 122981 125789 101776 125725 132858 99712 109137 107058 122694 128506 82512 20253
62270 80179 52954 89787 89567 39268 126573 87976 61267 114111 95656 17772 105316 100454 112439 92543 67879 85967 82849 88516 59353 103167 95617 93675 103780 83853 85763 114060 120183 52984 44801 74189 56265 82280 125810 54018 101651 9248 123395 101136 74684 117848 69765 92884 115628 122250 87502 124200 82453 111212 115309 112815 0 59938 60968 79831 110523 58533 98505 77098 84814 92884 99728 87592 83603 52596 100989 91190 84214 88768 54282 58633 62270 126593 78592 74172 81378 92523 98043 76780 60342 95668 107820 91808 109114 72618 60942 100933 68611 86905 62541 63463 32807 83975 57496 136952 86309 111363 32780 107583 105007
19665 24159 54202 34526 36960 23204 73967 35369 41899 58779 44756 70117 53402 50805 58115 38054 16140 45458 37680 33358 39242 47835 43011 41222 92537 34378 43786 58561 67577 22927 21632 23828 16927 26964 73204 57654 49044 53663 70789 90075 28547 116187 15524 40431 63647 69463 44587 71594 27137 95257 58957 111215 59938 0 14277 23812 54503 3890 42485 20059 29482 40431 44396 37185 53946 17846 45657 40782 44566 31729 62753 1738 19665 73987 28185 19875 41611 41107 77870 91889 35293 44768 96576 55225 56508 18321 18773 55521 23397 31573 17468 14333 40055 29279 18442 84724 33702 58510 45727 56683 93763
31048 29931 65585 40298 42732 27447 79739 41141 53282 64551 50727 69971 59174 57176 63887 43826 23730 55903 28826 39130 50625 53607 48783 46994 103920 29078 52290 64333 73349 34310 32251 19522 28310 32736 78976 69037 54816 54693 76561 101458 36509 127570 21495 46203 69419 75235 52734 77366 32909 106640 62169 122598 60968 14277 0 29584 60010 15326 48257 25831 35254 46203 50168 32925 65329 29229 51429 36522 55949 37401 74136 13353 31048 79759 23925 25846 52898 47077 67695 103272 46676 50739 107959 47554 62280 24292 30156 50720 14543 37345 8528 22837 35147 29308 29825 90496 39474 64282 42006 62654 105146
33446 5792 69366 11234 19177 42298 51535 25143 56375 34968 37298 90440 39447 48037 34303 15781 21868 54175 36256 15718 54145 24023 25227 29298 104276 21769 50562 34749 45145 38706 39040 17953 31998 5792 50772 72818 30640 73622 48357 101814 33647 127926 14283 25299 47869 46414 50717 49213 5792 106997 35478 122954 79831 23812 29584 0 30691 24779 18673 6894 5838 25299 20584 20286 65804 33703 21845 23883 56141 10251 77917 22941 33446 51555 15729 12984 52379 37298 74651 106893 49770 41600 108316 39705 38104 11430 33843 36184 32072 7929 29986 22053 58233 11435 33900 62292 21009 35461 65091 48576 105502
58489 35103 94146 31312 37082 72989 42107 43834 80644 16416 55834 121132 54891 65908 27276 33686 50065 76831 53338 36577 78829 22208 38839 47834 127501 36770 72713 8186 38124 67817 69732 41514 61109 30326 42107 97599 39450 104313 43753 125040 57095 151152 43394 43834 61510 34795 71548 46951 30427 130128 11315 146179 110523 54503 60010 30691 0 55470 22737 34571 27792 44630 18769 30971 89105 62814 28702 30971 79409 24779 102698 53633 58489 45313 37110 42095 75473 55834 82778 131399 74454 59471 131541 47817 48848 40541 61520 35043 59269 25701 59769 51165 88924 31281 62695 57688 40340 27496 95783 65151 128728
15775 25126 50312 34872 36978 21000 73984 35387 38009 59141 44027 69212 53266 49721 58476 38298 15057 41568 38728 33602 35353 48197 43028 41086 88647 35427 40973 59090 67595 19037 17742 24877 13038 27310 73221 53764 49062 52323 70806 86185 26093 112297 14795 40295 63665 69661 41866 71611 27483 91367 60075 107325 58533 3890 15326 24779 55470 0 43452 21339 29844 40295 44758 38280 50056 13957 46019 41877 40676 33010 58863 2151 15775 74004 29280 19202 37722 40378 78919 87999 31404 44039 92687 56273 56526 17648 14883 56773 24445 31935 18517 11680 39483 30560 14552 84741 33720 58754 45155 55954 89873
45236 22627 80893 18059 24619 60971 43500 32010 67806 24842 44166 109113 44482 54652 24178 21223 36574 64124 51300 23324 65576 13898 28360 36166 114837 35406 60949 24791 38203 54551 57051 34636 47843 17060 43500 84346 29040 92295 41985 112375 43842 138488 30128 32166 51079 36358 59880 45183 17619 117558 29531 133515 98505 42485 48257 18673 22737 43452 0 22633 14526 32166 10459 30190 76366 49548 18188 32732 66702 14261 89445 41614 45236 45183 30232 28829 62766 44166 86506 118311 61201 48216 118877 51550 38438 27275 48267 38865 50745 12435 48659 37899 76906 20344 49667 55920 27877 25629 83764 54720 116064
34351 8272 70272 15258 23201 40364 55495 27720 57281 38927 39117 87277 42025 49856 38263 19806 22774 55081 31162 18296 55051 27983 29252 31876 105182 17761 51468 38709 49105 39484 39081 12860 32776 10330 54732 73724 34664 70823 52317 102720 34553 128832 15061 27876 51893 50374 51623 53173 10330 107902 39002 123860 77098 20059 25831 6894 34571 21339 22633 0 9798 27876 24544 18699 66710 34481 25805 22296 57047 11671 78823 19188 34351 55515 11201 13763 53285 39117 72939 107799 50676 43419 109222 37993 42128 12209 34622 36383 28319 11889 26232 22832 54479 10141 34679 66252 23587 39421 61338 51153 106408
32610 8320 68268 5461 13404 47280 45697 20796 55181 29349 32951 95684 35100 43689 28685 10008 22680 52111 39740 11560 52950 18405 19454 24951 102212 23845 48497 29298 39308 40025 42525 22623 33317 2534 44934 71720 24867 78604 42519 99750 31217 125862 15602 20952 42096 40795 47884 43375 3728 104932 33560 120890 84814 29482 35254 5838 27792 29844 14526 9798 0 20952 14966 21439 63740 35022 16227 25036 54076 9579 76819 28612 32610 45717 18632 14303 50314 32951 75804 105686 48575 37253 106251 40857 32331 12749 35067 35512 37742 2091 35656 23372 63903 12260 35219 56454 16662 29843 70761 44229 103438
32042 24177 64824 15491 7548 56428 38845 5065 43296 44234 17064 104878 19213 27803 28766 10944 28810 38158 56254 13225 43085 25295 10782 9064 89068 42517 34040 44183 32455 43631 49274 38227 41166 21826 38082 68276 13533 86674 35667 86606 19986 112718 26047 5065 28692 34536 32874 36259 23285 91789 51861 107746 92884 40431 46203 25299 44630 40295 32166 27876 20952 0 25861 42342 51203 42369 20014 45939 40976 29798 73375 39560 32130 38652 36784 27600 36799 17064 95587 94070 40590 21366 93108 61635 20997 26047 35161 55731 48691 23043 46604 31695 74851 33212 39673 49389 6728 27690 81710 28342 90294
44281 23066 78380 15425 18313 62194 33265 25705 63167 18373 37786 110598 37256 48272 13719 14917 37013 58784 53458 19283 61582 3439 21204 29786 109694 37563 54666 18322 27744 54095 57490 36793 48282 17500 33265 81832 21814 93518 33042 107232 39316 133344 30567 25787 43875 26172 53500 36240 18694 112414 25999 128372 99728 44396 50168 20584 18769 44758 10459 24544 14966 25861 0 32348 71627 49987 9933 32666 61601 15874 86931 43526 44281 35364 32390 29269 57425 37786 86821 113922 57207 41836 113734 51861 31212 27715 47312 39087 52656 12875 50570 38338 78817 22501 48904 46977 21571 15170 85675 47516 110920
52084 25238 87876 26900 34842 51619 61652 42186 75014 42825 54341 97721 56491 65080 44039 31447 40507 72608 22539 32762 72784 35787 40893 46341 122709 5971 68995 35887 56940 56672 55840 13783 50509 23694 61652 91329 43699 81318 60245 120247 51714 146359 32794 42342 63534 54340 68381 61101 23694 125429 32987 141387 87592 37185 32925 20286 30971 38280 30190 18699 21439 42342 32348 0 84237 51669 33609 3597 74574 18496 96428 36308 52084 63443 9380 31495 70812 54341 57930 125532 68409 58643 126749 22983 51974 29942 52355 20693 28470 22640 31226 40565 62338 9847 52146 74180 38052 45490 69382 65619 123935
34681 62991 59609 60782 53560 48616 65818 50611 25579 86474 37255 95807 39834 37910 69645 56956 46218 15215 88731 56998 27776 69724 53380 45824 51036 82179 22476 87596 62103 36558 41461 72230 42245 61776 65818 62036 54034 77394 61935 48574 33895 74687 52397 51203 46313 69183 19599 55511 65231 53757 96302 69714 83603 53946 65329 65804 89105 50056 76366 66710 63740 51203 71627 84237 0 40529 63192 87835 11387 72832 67135 52207 34369 59386 75618 56804 16685 44307 128394 61038 28456 37267 55076 103531 47718 55250 37280 98765 74448 65831 68520 44626 72254 75708 38924 59878 50485 68568 77205 33253 52263
