NAME : CMT1Y
COMMENT : Salhi-Nagy 1999 Y-split of CMT1 (r=min(x/y,y/x)), n_cust=50
TYPE : VRPSPD
DIMENSION : 51
CAPACITY : 160
EDGE_WEIGHT_TYPE : EXPLICIT
EDGE_WEIGHT_FORMAT : FULL_MATRIX
EDGE_WEIGHT_SECTION
0 138924 210238 325576 172047 141421 114018 264197 220227 230868 283196 120416 80623 291548 181108 247386 220227 172627 147648 319061 324500 320624 208087 220227 250599 230868 281603 80000 299666 291204 308707 298329 100000 340000 317805 394081 439318 181108 158114 382884 422019 304795 313209 346554 250000 313209 22361 94340 158114 216333 261725
138924 0 123693 192094 310644 222036 167631 228254 116619 242074 340147 120830 208806 418688 269258 360139 186011 306757 275862 457930 208806 269258 70711 215870 290000 331059 188680 80623 161555 213776 326497 170000 60828 429535 306105 273130 310644 304138 187883 430465 560357 442041 449444 341760 376563 420476 139284 233238 123693 264008 242074
210238 123693 0 152971 370135 210238 280713 349285 222036 162788 280713 106301 247588 501199 376563 354683 85440 340588 357771 509117 120416 147648 106301 339559 411096 434166 290689 190263 189737 90554 237697 233238 114018 391152 200000 191050 244131 319061 145602 354401 615224 504480 480104 464866 389487 402616 197231 294109 247386 210238 138924
325576 192094 152971 0 496790 360555 353553 350143 210950 310000 430116 250799 382753 610737 456508 505964 230000 480208 467547 642028 78102 241661 122066 366742 456070 519711 253180 272029 94868 170880 374833 158114 228035 543323 322800 100499 120830 465188 298329 494975 746525 630317 622656 470000 537122 555428 320156 418688 284605 362215 272947
172047 310644 370135 496790 0 203961 210238 371214 376431 327567 314006 266271 125300 150333 178885 188680 353412 76158 76158 147648 489183 449444 380132 312570 286356 176918 425793 241661 470106 439090 380132 462385 269072 305287 415933 559732 608112 126491 265707 405216 250000 134536 160312 408534 148661 248395 176918 78102 294279 280713 376431
141421 222036 210238 360555 203961 0 254951 402244 332415 123693 142127 111803 92195 353553 304631 145602 162788 147648 231948 319061 327567 250599 270740 361248 388330 339559 401622 205913 371214 254558 182483 391152 161245 208806 212132 396611 452769 113137 70711 242074 424382 326956 275862 487955 180278 200250 120416 151327 291548 82462 174642
114018 167631 280713 353553 210238 254951 0 164924 180278 340147 396989 218403 180278 272029 102956 344384 315753 247386 145602 349285 376431 413038 232594 111803 139284 166433 218403 90554 297321 370135 420595 272029 170294 446542 423792 440114 474131 273130 268328 496790 440114 319531 370000 233452 332415 411461 136015 155242 89443 330151 364005
264197 228254 349285 350143 371214 402244 164924 0 140357 460977 540370 333017 340147 398497 215870 506952 413401 412311 300000 501597 403113 496588 257099 60828 142127 269258 111803 198494 263059 436578 545619 208806 270185 604152 532541 450000 463897 436578 395980 637809 582495 465296 531507 120416 497293 573847 283019 320156 113137 467547 468722
220227 116619 222036 210950 376431 332415 180278 140357 0 358050 456180 237065 300000 452217 275862 462709 296985 392046 322025 522015 263059 368917 120830 158114 250799 339411 72111 140357 130000 304138 442041 92195 174642 541202 417253 310161 327567 400125 304138 547083 617414 496588 529528 260768 470106 526118 230217 305941 92195 380132 353553
230868 242074 162788 310000 327567 123693 340147 460977 358050 0 120416 128062 210238 476760 410000 233452 80000 269258 350000 438292 254951 134536 260000 432666 479270 452769 430116 266271 351710 161555 84853 390000 191050 237697 90000 316228 376431 228254 72801 193132 542033 449444 386005 563028 284253 264197 208806 270185 348281 64031 56569
283196 340147 280713 430116 314006 142127 396989 540370 456180 120416 0 219317 228254 461736 442945 158114 200250 240832 360555 388330 374833 237065 371080 502096 530094 471699 527731 342053 466905 278927 92195 500000 281780 120830 156205 434166 494773 190263 152315 100000 483839 411947 319531 629682 218403 162788 261725 282312 428019 76158 167631
120416 120830 106301 250799 266271 111803 218403 333017 237065 128062 219317 0 142127 403113 300167 257099 100000 234307 262488 403113 226716 200250 160000 305287 357351 351283 308869 138924 260192 174642 212603 284429 64031 312570 206155 297321 350000 214709 67082 310644 509313 400000 374433 435660 286356 311448 101980 192354 220227 143178 145602
80623 208806 247588 382753 125300 92195 180278 340147 300000 210238 228254 142127 0 269258 214709 167631 228473 98489 140357 261725 367696 325730 273130 291548 304795 247386 362215 160312 370000 313847 274591 374833 156525 266271 300167 438406 489183 100499 143178 327567 367696 258070 241661 412311 170294 234094 70711 60000 237697 174642 254951
291548 418688 501199 610737 150333 353553 272029 398497 452217 476760 461736 403113 269258 0 183848 322800 496488 220907 144222 144222 615873 594811 489183 338378 271662 131529 483011 339706 566392 577754 530377 544059 391152 436578 565685 685055 728011 271662 412311 549181 190000 94340 219317 390000 269258 371618 304138 211896 360555 431045 523927
181108 269258 376563 456508 178885 304631 102956 215870 275862 410000 442945 300167 214709 183848 0 353836 400125 242074 102956 290172 477598 500000 335410 155242 107703 64031 300167 189737 398246 463897 483839 367967 263059 466905 498197 542310 577062 282843 337343 542033 366742 250799 332415 230868 324500 418688 202237 164012 183848 386264 442832
247386 360139 354683 505964 188680 145602 344384 506952 462709 233452 158114 257099 167631 322800 353836 0 296816 114018 254951 231948 469574 367696 414367 456180 456070 364005 527731 325576 514782 388330 245967 530094 300666 116619 302324 537122 594811 72111 210238 230217 325730 260192 161555 571402 60828 67082 233452 194165 405216 169706 290000
220227 186011 85440 230000 353412 162788 315753 413401 296985 80000 200250 100000 228473 496488 400125 296816 0 308058 359026 480104 177200 100499 188680 393954 453542 450999 367967 230868 275136 92195 152315 317648 148661 315753 120416 241661 300832 275862 92195 269258 586003 483735 438406 523259 340588 336155 200998 284605 304138 136015 56569
172627 306757 340588 480208 76158 147648 247386 412311 392046 269258 240832 234307 98489 220907 242074 114018 308058 0 141421 172047 460977 398246 371618 357351 346699 250000 450000 251794 468188 398246 312570 470744 254951 230217 354401 531507 584123 50990 216333 329848 278029 180278 143178 465296 85440 176918 167631 92195 320624 215870 322025
147648 275862 357771 467547 76158 231948 145602 300000 322025 350000 360555 262488 140357 144222 102956 254951 359026 141421 0 203961 471699 458912 346554 240208 210238 111803 364005 198494 428019 436578 414367 411825 246982 370135 440000 540833 584123 186011 280713 456946 295466 174642 233452 332415 222036 318277 161555 80623 234094 314006 392046
319061 457930 509117 642028 147648 319061 349285 501597 522015 438292 388330 403113 261725 144222 290172 231948 480104 172047 203961 0 629365 569386 526972 441022 393192 257099 567539 389102 617738 570088 471275 609262 414005 331361 520000 700071 750733 210238 388330 460435 106301 50000 85440 516236 171172 261725 322025 224722 436807 380789 492443
324500 208806 120416 78102 489183 327567 376431 403113 263059 254951 374833 226716 367696 615873 477598 469574 177200 460977 471699 629365 0 167631 150333 410122 493660 538516 316228 287924 166433 100499 310161 228254 224722 492443 253180 70711 125300 438292 259422 430465 735391 623699 600000 523450 507740 512640 314006 412311 321403 313209 210238
320624 269258 147648 241661 449444 250599 413038 496588 368917 134536 237065 200250 325730 594811 500000 367696 100499 398246 458912 569386 167631 0 250000 483839 549181 551453 436005 325576 314006 72111 155242 367967 243311 357771 90554 210000 270185 360555 183848 271662 674166 576975 520096 610983 418688 394081 301496 383275 392173 197990 78102
208087 70711 106301 122066 380132 270740 232594 257099 120830 260000 371080 160000 273130 489183 335410 414367 188680 371618 346554 526972 150333 250000 0 260000 343657 398246 186011 150000 100499 183576 340000 130000 117047 471699 306105 208806 241868 364005 222036 453100 630079 512250 514782 376563 436807 470956 205913 302324 171172 296142 244131
220227 215870 339559 366742 312570 361248 111803 60828 158114 432666 502096 305287 291548 338378 155242 456180 393954 357351 240208 441022 410122 483839 260000 0 94340 210238 155563 166433 287924 429535 516140 241868 245967 557584 510000 463897 485077 384838 364005 601082 521728 404475 472652 130384 442719 523259 240832 265707 92195 431856 447214
250599 290000 411096 456070 286356 388330 139284 142127 250799 479270 530094 357351 304795 271662 107703 456070 453542 346699 210238 393192 493660 549181 343657 94340 0 140357 248395 223607 380789 501597 559017 336155 305941 566392 563028 551090 575674 384187 407185 630079 460977 350571 439659 123693 430465 522015 272947 262488 172627 466476 502892
230868 331059 434166 519711 176918 339559 166433 269258 339411 452769 471699 351283 247386 131529 64031 364005 450999 250000 111803 257099 538516 551453 398246 210238 140357 0 360555 250799 462277 519711 521728 431393 320156 480104 542310 604152 640078 296816 381182 568595 320624 212132 313050 260768 325269 425206 250200 189737 247588 422019 490102
281603 188680 290689 253180 425793 401622 218403 111803 72111 430116 527731 308869 362215 483011 300167 527731 367967 450000 364005 567539 316228 436005 186011 155563 248395 360555 0 202237 160312 368917 514004 100499 245967 610328 487955 353553 360139 462709 375899 619112 657875 537587 583095 223607 530848 592284 294279 360555 131529 451774 424500
80000 80623 190263 272029 241661 205913 90554 198494 140357 266271 342053 138924 160312 339706 189737 325576 230868 251794 198494 389102 287924 325576 150000 166433 223607 250799 202237 0 230217 280000 350000 221359 82462 412311 344384 353412 391152 260768 198494 439318 488774 368917 390512 296816 330000 390512 92195 167631 86023 269072 282312
299666 161555 189737 94868 470106 371214 297321 263059 130000 351710 466905 260192 370000 566392 398246 514782 275136 468188 428019 617738 166433 314006 100499 287924 380789 462277 160312 230217 0 242074 427200 63246 215870 570789 384708 194165 200998 463249 320624 544059 718679 599083 610983 381182 536004 571402 300832 393573 216333 393192 326956
291204 213776 90554 170880 439090 254558 370135 436578 304138 161555 278927 174642 313847 577754 463897 388330 92195 398246 436578 570088 100499 72111 183576 429535 501597 519711 368917 280000 242074 0 210000 296985 200998 398497 152971 155242 215870 367696 183848 330151 676240 571402 530377 553624 432782 424853 275136 366742 337343 223607 111803
308707 326497 237697 374833 380132 182483 420595 545619 442041 84853 92195 212603 274591 530377 483839 245967 152315 312570 414367 471275 310161 155242 340000 516140 559017 521728 514004 350000 427200 210000 0 469574 275862 208087 67082 362215 422966 264764 152643 120416 570088 490306 407185 646375 304631 254951 286356 333766 432782 100499 101980
298329 170000 233238 158114 462385 391152 272029 208806 92195 390000 500000 284429 374833 544059 367967 530094 317648 470744 411825 609262 228254 367967 130000 241868 336155 431393 100499 221359 63246 296985 469574 0 230217 596825 432666 257099 260000 472652 349285 583095 706612 585918 611310 323883 544518 590339 304138 388973 184391 424500 372156
100000 60828 114018 228035 269072 161245 170294 270185 174642 191050 281780 64031 156525 391152 263059 300666 148661 254951 246982 414005 224722 243311 117047 245967 305941 320156 245967 82462 215870 200998 275862 230217 0 368782 264197 294109 339706 247386 130384 374433 518556 403113 398121 375899 320156 360139 92195 191050 158114 205913 201246
340000 429535 391152 543323 305287 208806 446542 604152 541202 237697 120830 312570 266271 436578 466905 116619 315753 230217 370135 331361 492443 357771 471699 557584 566392 480104 610328 412311 570789 398497 208087 596825 368782 0 274591 553624 614003 184391 250200 139284 411947 366742 250000 678012 167631 70000 322025 304138 496588 181108 287924
317805 306105 200000 322800 415933 212132 423792 532541 417253 90000 156205 206155 300167 565685 498197 302324 120416 354401 440000 520000 253180 90554 306105 510000 563028 542310 487955 344384 384708 152971 67082 432666 264197 274591 0 300167 360555 310161 161245 181108 621691 534509 461411 640078 358469 318277 296142 360139 421900 139284 64031
394081 273130 191050 100499 559732 396611 440114 450000 310161 316228 434166 297321 438406 685055 542310 537122 241661 531507 540833 700071 70711 210000 208806 463897 551090 604152 353553 353412 194165 155242 362215 257099 294109 553624 300167 0 60828 508035 327567 480937 806102 694262 670075 570088 576888 577754 384187 482701 378550 376962 266833
439318 310644 244131 120830 608112 452769 474131 463897 327567 376431 494773 350000 489183 728011 577062 594811 300832 584123 584123 750733 125300 270185 241868 485077 575674 640078 360139 391152 200998 215870 422966 260000 339706 614003 360555 60828 0 563028 384708 541479 856329 742496 724224 582151 632851 636946 431393 530377 404969 436578 327567
181108 304138 319061 465188 126491 113137 273130 436578 400125 228254 190263 214709 100499 271662 282843 72111 275862 50990 186011 210238 438292 360555 364005 384838 384187 296816 462709 260768 463249 367696 264764 472652 247386 184391 310161 508035 563028 0 183848 278927 313847 225610 162788 499300 72801 138924 170000 122066 337343 170880 283019
158114 187883 145602 298329 265707 70711 268328 395980 304138 72801 152315 67082 143178 412311 337343 210238 92195 216333 280713 388330 259422 183848 222036 364005 407185 381182 375899 198494 320624 183848 152643 349285 130384 250200 161245 327567 384708 183848 0 244131 494065 393573 346554 494065 250000 257099 136015 202237 282843 76158 111803
382884 430465 354401 494975 405216 242074 496790 637809 547083 193132 100000 310644 327567 549181 542033 230217 269258 329848 456946 460435 430465 271662 453100 601082 630079 568595 619112 439318 544059 330151 120416 583095 374433 139284 181108 480937 541479 278927 244131 0 547449 490408 383275 729178 290000 206155 361248 380132 524976 170294 222036
422019 560357 615224 746525 250000 424382 440114 582495 617414 542033 483839 509313 367696 190000 366742 325730 586003 278029 295466 106301 735391 674166 630079 521728 460977 320624 657875 488774 718679 676240 570088 706612 518556 411947 621691 806102 856329 313847 494065 547449 0 120830 164924 580000 265707 342345 426380 328024 529245 483011 596825
304795 442041 504480 630317 134536 326956 319531 465296 496588 449444 411947 400000 258070 94340 250799 260192 483735 180278 174642 50000 623699 576975 512250 404475 350571 212132 537587 368917 599083 571402 490306 585918 403113 366742 534509 694262 742496 225610 393573 490408 120830 0 130384 472652 200998 298329 311127 212132 408534 395601 501597
313209 449444 480104 622656 160312 275862 370000 531507 529528 386005 319531 374433 241661 219317 332415 161555 438406 143178 233452 85440 600000 520096 514782 472652 439659 313050 583095 390512 610983 530377 407185 611310 398121 250000 461411 670075 724224 162788 346554 383275 164924 130384 0 563205 102956 180000 310161 223607 451774 324500 442041
346554 341760 464866 470000 408534 487955 233452 120416 260768 563028 629682 435660 412311 390000 230868 571402 523259 465296 332415 516236 523450 610983 376563 130384 123693 260768 223607 296816 381182 553624 646375 323883 375899 678012 640078 570088 582151 499300 494065 729178 580000 472652 563205 0 550091 638122 367967 377359 219317 560803 577062
250000 376563 389487 537122 148661 180278 332415 497293 470106 284253 218403 286356 170294 269258 324500 60828 340588 85440 222036 171172 507740 418688 436807 442719 430465 325269 530848 330000 536004 432782 304631 544518 320156 167631 358469 576888 632851 72801 250000 290000 265707 200998 102956 550091 0 102956 240832 177200 403113 222036 340588
313209 420476 402616 555428 248395 200250 411461 573847 526118 264197 162788 311448 234094 371618 418688 67082 336155 176918 318277 261725 512640 394081 470956 523259 522015 425206 592284 390512 571402 424853 254951 590339 360139 70000 318277 577754 636946 138924 257099 206155 342345 298329 180000 638122 102956 0 298329 260768 471275 201246 319061
22361 139284 197231 320156 176918 120416 136015 283019 230217 208806 261725 101980 70711 304138 202237 233452 200998 167631 161555 322025 314006 301496 205913 240832 272947 250200 294279 92195 300832 275136 286356 304138 92195 322025 296142 384187 431393 170000 136015 361248 426380 311127 310161 367967 240832 298329 0 98995 174642 194165 240832
94340 233238 294109 418688 78102 151327 155242 320156 305941 270185 282312 192354 60000 211896 164012 194165 284605 92195 80623 224722 412311 383275 302324 265707 262488 189737 360555 167631 393573 366742 333766 388973 191050 304138 360139 482701 530377 122066 202237 380132 328024 212132 223607 377359 177200 260768 98995 0 230000 233452 314006
158114 123693 247386 284605 294279 291548 89443 113137 92195 348281 428019 220227 237697 360555 183848 405216 304138 320624 234094 436807 321403 392173 171172 92195 172627 247588 131529 86023 216333 337343 432782 184391 158114 496588 421900 378550 404969 337343 282843 524976 529245 408534 451774 219317 403113 471275 174642 230000 0 354683 358469
216333 264008 210238 362215 280713 82462 330151 467547 380132 64031 76158 143178 174642 431045 386264 169706 136015 215870 314006 380789 313209 197990 296142 431856 466476 422019 451774 269072 393192 223607 100499 424500 205913 181108 139284 376962 436578 170880 76158 170294 483011 395601 324500 560803 222036 201246 194165 233452 354683 0 120416
261725 242074 138924 272947 376431 174642 364005 468722 353553 56569 167631 145602 254951 523927 442832 290000 56569 322025 392046 492443 210238 78102 244131 447214 502892 490102 424500 282312 326956 111803 101980 372156 201246 287924 64031 266833 327567 283019 111803 222036 596825 501597 442041 577062 340588 319061 240832 314006 358469 120416 0
PICKUP_AND_DELIVERY_SECTION
1 0 0
2 2.0 5.0
3 0.0 30.0
4 3.0 13.0
5 2.1 6.9
6 5.2 15.8
7 8.3 6.7
8 13.9 5.1
9 11.5 11.5
10 4.0 7.0
11 2.9 2.1
12 0.5 18.5
13 0.9 28.1
14 18.4 4.6
15 15.0 6.0
16 5.6 4.4
17 3.2 11.8
18 0.4 2.6
19 19.9 21.1
20 0.0 9.0
21 0.5 27.5
22 2.6 5.4
23 2.1 5.9
24 11.5 4.5
25 8.5 1.5
26 22.8 5.2
27 4.2 2.8
28 5.6 9.4
29 5.0 9.0
30 1.0 5.0
31 10.2 8.8
32 5.1 5.9
33 2.1 9.9
34 18.0 5.0
35 11.9 14.1
36 0.3 16.7
37 0.5 5.5
38 2.8 6.2
39 3.3 11.7
40 10.4 3.6
41 1.2 5.8
42 11.1 15.9
43 6.8 6.2
44 10.1 0.9
45 8.0 8.0
46 7.4 2.6
47 0.9 4.1
48 5.5 19.5
49 9.3 7.7
50 7.5 10.5
51 3.4 6.6
EOF
