NAME : CMT12Y
COMMENT : Salhi-Nagy 1999 Y-split of CMT12 (r=min(x/y,y/x)), n_cust=100
TYPE : VRPSPD
DIMENSION : 101
CAPACITY : 200
EDGE_WEIGHT_TYPE : EXPLICIT
EDGE_WEIGHT_FORMAT : FULL_MATRIX
EDGE_WEIGHT_SECTION
0 186815 206155 161245 181108 151327 190000 160000 181108 200998 167631 196469 380789 308058 393573 360555 403113 333017 353553 390512 100000 101980 121655 130000 150000 151327 158114 171172 177200 200000 206155 335410 316228 335261 323883 380789 353553 392938 412311 403113 206155 186815 193132 165529 215407 223607 205913 180278 233238 192094 228035 250000 212132 451774 400500 350571 450000 350000 450444 350571 452769 223607 180278 141421 215407 128062 165529 122066 206155 158114 585235 570088 238537 557136 198494 158114 522015 520000 502892 510784 514782 474342 353553 323883 310483 297321 264764 254951 269258 243516 206155 223607 442041 430116 406079 372022 360555 403113 308058 335410 380789
186815 0 20000 36056 30000 42426 50990 53852 70000 72801 101980 100499 262488 240416 286007 277308 302324 278927 308058 323110 234307 219317 233452 214009 269072 256125 238537 272029 255539 308058 281780 481041 448219 464004 435660 518556 461411 513128 530000 505371 392938 373631 379473 351141 401622 408534 390000 362491 416293 371214 407063 429418 385876 630079 580775 530848 631981 532353 633877 534603 637887 383275 333766 284429 381182 281603 330606 280713 380000 330000 628013 599083 388330 604401 339559 30000 558032 573847 542033 566392 587282 518556 326956 299666 269258 243516 246982 238537 215407 205913 198494 170000 278029 262488 244131 208087 192094 226716 147648 156205 197231
206155 20000 0 50000 36056 58310 50990 64031 72801 70000 107703 100499 250000 235372 274591 269258 291548 274591 304138 316228 250000 234307 247588 226716 282843 269072 250000 284253 266271 320156 291548 494975 460977 476340 446542 531507 471699 524309 540833 514782 412311 392938 398497 370000 420595 427200 408534 380789 434626 389102 424853 447214 403113 650077 600750 550818 651920 552268 653758 554437 657647 403113 353553 304138 401123 301496 350571 300666 400000 350000 640312 610328 407922 617171 359026 50000 570088 587282 554437 580000 602080 531507 335410 308869 277308 250799 258070 250000 223607 216333 212132 180278 266271 250000 233238 197231 180278 212132 139284 141421 180278
161245 36056 50000 0 20000 10000 36056 20000 44721 56569 70000 76158 254951 219317 275862 260768 290689 256320 284605 304138 200000 184391 197990 178045 233452 220227 202485 236008 219545 272029 245967 445533 412311 428019 399625 482701 425441 477074 493964 469574 366742 347131 351710 322800 373631 379473 360555 332415 386264 340147 375766 398121 353553 610328 560000 510000 610328 510392 611310 511566 614003 368782 320156 272029 364966 266833 314006 264764 361248 311448 640703 614003 376431 616117 328938 31623 571402 584123 554707 576281 594138 530094 347851 319531 291204 266833 264008 254951 237697 224722 210950 189737 314006 298329 280179 244131 228035 261725 183576 191050 230217
181108 30000 36056 20000 0 30000 22361 28284 40000 44721 72801 70711 240416 211896 262488 250599 278029 250000 278927 295466 216333 200000 212603 191050 247588 233452 214009 248395 230217 284253 255539 459674 425206 440454 410488 495782 435660 488262 504777 478853 386394 366742 371080 342053 392938 398497 379473 351141 404969 358469 393954 416293 371214 630317 580000 530000 630317 530377 631269 531507 633877 388330 339559 291204 384708 286356 333766 284429 381182 331361 652150 624340 395601 628013 347851 42426 582495 596657 566127 588982 608112 542033 354683 326956 297321 272029 272947 264197 243516 232594 222036 196977 302324 286007 269258 233238 216333 247588 174642 176918 214009
151327 42426 58310 10000 30000 0 44721 22361 50000 64031 70711 80623 262488 223607 282843 266271 297321 260000 287924 308869 192094 176918 191050 172047 226716 214009 197231 230217 214709 266271 241661 438634 406079 422019 394462 476340 420595 471699 488774 465188 356931 337343 342053 313209 364005 370000 351141 323110 376962 331059 366742 389102 344819 600333 550000 500000 600333 500400 601332 501597 604070 359026 310483 262488 355106 257099 304138 254951 351283 301496 635138 609016 366879 610328 319531 30000 566039 578014 549181 570088 587282 524309 344819 316228 288617 264764 260000 250799 235372 221359 205913 186815 320156 304795 286007 250000 234307 269072 188680 198494 238537
190000 50990 50990 36056 22361 44721 0 30000 22361 22361 58310 50000 219317 189737 240832 228254 256125 228035 257099 273130 214709 197231 208087 184391 242074 226716 205183 240416 220227 275862 244131 453431 417253 431856 400000 487955 424382 478017 494065 466476 393192 373363 376563 347131 398121 402616 383275 354401 408044 360555 395601 417852 371618 641249 590339 540370 640000 540000 640312 540370 641950 402616 354401 306757 398121 300832 347131 298329 393192 343657 674240 646607 411096 650000 364005 64031 604649 618466 588218 610737 629365 564004 376962 349285 319531 294109 295296 286531 265707 254951 244131 219317 313847 296816 281780 245967 228254 256125 189737 186011 219317
160000 53852 64031 20000 28284 22361 30000 0 28284 44721 50000 58310 242074 201246 261725 244131 275862 237697 265707 286531 188680 172047 184391 162788 219317 205183 186011 220227 202485 256125 228254 431393 396989 412311 382753 467547 408167 460435 477074 451774 363456 343657 347131 317805 368782 373631 354401 325730 379473 332415 367696 390000 344384 611310 560357 510392 610000 510000 610328 510392 612046 373631 325730 278568 368782 272029 317805 269258 363456 314006 657343 631348 382753 632456 336155 50990 588303 600000 571402 592030 608769 546443 366879 338378 310483 286356 282312 273130 257099 243516 228254 208806 330151 314006 296816 260768 244131 275862 201246 205183 242074
181108 70000 72801 44721 40000 50000 22361 28284 0 20000 36056 31623 214009 174642 233452 216333 247588 211896 240416 259422 196977 178885 188680 164012 222036 206155 183848 219317 198494 254558 222036 432782 395980 410366 378021 466690 402244 456070 472017 444185 381182 361248 363456 333766 384708 388330 368782 339559 392938 344819 379473 401622 354683 632851 581378 531507 630317 530377 630000 530000 630714 398497 351141 304631 392938 297321 342053 294109 386394 337343 685055 658635 408534 660303 362491 76158 615873 628013 599083 620081 637024 574282 392173 364005 335261 310483 308707 299666 281603 269258 255539 234094 336155 319061 304138 268328 250599 278029 211896 208087 240416
200998 72801 70000 56569 44721 64031 22361 44721 20000 0 50000 31623 198494 167631 219317 205913 234307 206155 235372 250799 215407 196977 205913 180278 238537 222036 198494 234307 212132 269072 234307 448219 410366 424264 390512 481041 414005 468615 484149 454863 401123 381182 383275 353553 404475 407922 388330 359026 412311 364005 398497 420595 373363 652763 601332 551453 650308 550364 650000 550000 650692 417612 370000 323110 412311 316228 361386 313209 406079 356931 696348 668880 427200 672012 380789 86023 626817 640312 610328 632535 650692 586003 399249 371618 341760 316228 317648 308869 287924 277308 266271 241661 326497 308869 295466 260000 241661 266271 206155 197231 226716
167631 101980 107703 70000 72801 70711 58310 50000 36056 50000 0 30000 214709 158114 230217 205183 242074 192354 219317 244131 167631 148661 156525 130384 188680 172047 148661 184391 162788 219317 186011 398246 360694 374833 342053 431393 366197 420119 436005 408167 360000 340000 340588 310644 361248 363456 343657 314006 366742 317805 351710 373631 325730 616604 564358 514782 612046 512445 610737 510882 610000 390000 344384 300167 382753 290689 332415 286356 373631 325730 699714 675352 402492 674166 358469 100499 631348 640703 614003 632456 646607 588303 414849 386005 359026 335410 328938 319531 305941 291204 273130 257099 372156 355106 340000 304138 286531 314006 246982 244131 275862
196469 100499 100499 76158 70711 80623 50000 58310 31623 31623 30000 0 188680 143178 206155 186011 219317 180278 208806 228254 196469 177200 183848 156525 214709 197231 172047 208087 184391 242074 205183 422019 382884 396232 361248 453431 384187 439318 454533 424382 390000 370000 370540 340588 391152 393192 373363 343657 396232 347131 380789 402616 354401 646297 594138 544518 641950 542310 640703 540833 640000 417852 371618 326497 411096 317805 360555 313847 402616 354401 715612 689638 429535 690652 384708 107703 646607 658027 629682 650000 666033 604649 423792 395601 366879 342053 340147 331059 313209 300832 286531 265707 357771 340000 326956 291548 273130 296816 237697 228254 256125
380789 262488 250000 254951 240416 262488 219317 242074 214009 198494 214709 188680 0 104403 30000 70711 50000 122066 141421 111803 353553 333766 331361 301496 350000 330000 300000 330606 300666 353553 304138 522015 474342 481041 434626 538516 447214 505371 514782 471699 559017 539351 536004 506360 554437 552268 532353 502494 550818 500899 530094 550000 500000 822253 769025 720347 813941 715891 810494 711969 806226 604152 559017 514782 596154 505371 546260 500899 585235 538516 890225 860233 617171 866833 573062 282843 820061 836301 804301 828794 848528 781025 583095 557584 524786 497393 508035 500000 471699 466154 460977 430116 420000 400000 401123 373363 353553 350000 344819 304138 300000
308058 240416 235372 219317 211896 223607 189737 201246 174642 167631 158114 143178 104403 0 100000 53852 101980 40000 70000 86023 262488 243516 237697 208806 251794 231948 202237 230217 200250 250799 200998 417612 370000 376962 331059 434626 344819 403113 413401 372022 468402 449222 443847 414849 460977 457056 437379 407922 453982 404475 431856 450999 401123 733757 680074 632456 722772 626418 718053 620967 711969 530000 488262 448219 519711 436005 471699 430116 505371 461411 857555 832406 546443 832166 506063 250799 788923 798812 771751 790569 804301 746257 566480 538516 509215 483839 483322 474236 455412 443847 429418 408534 460977 441475 435660 403113 383275 392938 360000 333766 344819
393573 286007 274591 275862 262488 282843 240832 261725 233452 219317 230217 206155 30000 100000 0 53852 20000 107703 122066 86023 359026 339559 335410 305941 351283 331361 301496 330151 300167 350571 300666 514198 465725 471275 423792 528110 434626 492443 500899 456508 565155 545711 541295 511957 559017 555788 536004 506360 553263 503587 531507 550818 500899 829699 776209 728011 820000 722772 815843 718053 810494 617171 573062 530000 608358 519711 559017 514782 596154 550364 914002 884816 631348 890225 588303 304795 844038 859127 828010 851469 870000 804301 609016 583095 550727 523546 532541 524309 497393 490918 484149 454863 450000 430000 431045 403113 383275 380000 373631 333766 330000
360555 277308 269258 260768 250599 266271 228254 244131 216333 205913 205183 186011 70711 53852 53852 0 50000 53852 70711 50000 316228 297321 291204 262488 304138 284429 254951 281603 251794 300000 250000 460977 412311 417612 370000 474342 380789 438634 447214 403113 522015 502892 497293 468402 514198 509902 490306 460977 506360 457056 483735 502494 452769 787464 733757 686222 776209 680074 771298 674463 764853 583095 540833 500000 573062 488262 524786 482597 559017 514782 901388 874643 599083 876584 558032 291548 832166 844038 815414 836002 851469 790569 604152 576975 546260 520000 523546 514782 492443 483011 471699 447214 472652 452769 450444 420000 400000 403113 383275 350000 353553
403113 302324 291548 290689 278029 297321 256125 275862 247588 234307 242074 219317 50000 101980 20000 50000 0 101980 111803 70711 364005 344819 339559 310483 353553 333766 304138 331361 301496 350000 300000 509902 460977 465725 417612 522015 427200 484665 492443 447214 570088 550818 545711 516624 562939 559017 539351 509902 555788 506360 533385 552268 502494 835225 781601 733757 824621 728011 820000 722772 813941 626498 583095 540833 617171 530000 568243 524786 604152 559017 930054 901388 641405 906035 599083 320156 860233 874586 844038 866833 884590 820061 626498 600333 568243 541202 549181 540833 514782 507740 500000 471699 470000 450000 450999 422966 403113 400000 392938 353553 350000
333017 278927 274591 256320 250000 260000 228035 237697 211896 206155 192354 180278 122066 40000 107703 53852 101980 0 30000 58310 277308 259422 250799 223607 259615 240416 211896 235372 206155 250799 200998 407922 359026 364005 316228 420595 326956 384838 393573 349857 481041 462385 455412 427200 471275 465725 446430 417612 460977 412311 437379 455412 406079 746726 692892 646220 733757 639062 728011 632456 720347 552178 512250 474236 540833 460977 494065 454533 524786 482597 891852 867698 570088 866083 531507 287924 823650 832166 806226 823772 836002 780320 604070 575847 547083 522015 520000 510784 493356 481041 465188 445982 500100 480521 475184 442832 422966 431741 400000 373363 383275
353553 308058 304138 284605 278927 287924 257099 265707 240416 235372 219317 208806 141421 70000 122066 70711 111803 30000 0 50000 291548 274591 264197 238537 269258 250799 223607 243516 215407 254951 206155 403113 353553 356931 308058 412311 316228 373363 380789 335410 492443 474236 466154 438634 481041 474342 455412 427200 468402 420595 443847 460977 412311 757694 703847 657951 743303 650000 736817 642573 728011 570088 531507 494975 558032 481041 512250 474236 540833 500000 917878 894427 588982 891852 551725 316228 850000 857555 832406 849058 860233 806226 632456 604070 575674 550818 547814 538516 522015 509215 492443 474342 529528 509902 504876 472652 452769 460977 430000 403113 412311
390512 323110 316228 304138 295466 308869 273130 286531 259422 250799 244131 228254 111803 86023 86023 50000 70711 58310 50000 0 335410 317648 308707 281780 316228 297321 269258 291204 262488 304138 254951 452769 403113 406079 356931 460977 364005 420595 427200 380789 538516 520000 512640 484665 528110 522015 502892 474342 516624 468402 492443 509902 460977 804114 750267 703847 790569 696419 784474 689493 776209 610328 570088 531507 599083 518556 552178 512250 583095 540833 943398 917878 628013 918096 588982 335410 874643 884816 857555 876584 890225 832166 650000 622415 592368 566480 567979 559017 538516 528015 514782 492443 522398 502494 500400 470000 450000 452769 432897 400000 403113
100000 234307 250000 200000 216333 192094 214709 188680 196977 215407 167631 196469 353553 262488 359026 316228 364005 277308 291548 335410 0 20000 28284 53852 50000 53852 70711 72801 86023 100000 111803 250000 223607 241661 225610 291548 254951 297321 316228 304138 206155 186815 182483 152971 200998 200000 180000 150000 200998 151327 184391 206155 158114 471275 417612 370000 460977 364005 457056 359026 452769 282843 250000 223607 269072 205913 226716 197231 250000 212132 680074 667083 304795 651460 274591 212132 618466 613514 599083 604070 604152 570088 452769 422966 407922 392938 363456 353553 364005 339559 304138 316228 509313 494975 474236 438634 424264 460977 375366 390512 430116
101980 219317 234307 184391 200000 176918 197231 172047 178885 196977 148661 177200 333766 243516 339559 297321 344819 259422 274591 317648 20000 0 20000 36056 53852 50000 58310 70000 76158 101980 104403 262488 233238 250599 230868 302324 259615 304631 323110 308058 225610 206155 202237 172627 220907 220000 200000 170000 220907 171172 203961 225610 177200 490408 436807 388973 480521 383275 476760 378550 472652 297321 262488 233238 284253 216333 240416 208087 266271 226716 686222 671863 318277 657875 286007 198494 623618 620322 604401 610983 612699 575674 450999 421070 404475 388330 361248 351283 359026 335410 301496 310483 495782 481041 460977 425206 410366 445982 362353 375366 414005
121655 233452 247588 197990 212603 191050 208087 184391 188680 205913 156525 183848 331361 237697 335410 291204 339559 250799 264197 308707 28284 20000 0 30000 36056 30000 42426 50000 58310 82462 85440 247588 216333 233238 211896 286007 240416 286356 304631 288617 230868 211896 206155 177200 223607 220907 200998 171172 220000 170000 200998 222036 172627 496488 442719 395601 485077 388973 480521 383275 475184 311127 278029 250599 297321 233238 254951 224722 278029 240416 705195 691231 333017 676757 302324 214009 642884 639062 623618 629682 630714 594811 470956 441022 424264 407922 381182 371214 378550 355106 321403 329848 510882 495782 476340 440454 425206 459674 378021 388973 426380
130000 214009 226716 178045 191050 172047 184391 162788 164012 180278 130384 156525 301496 208806 305941 262488 310483 223607 238537 281780 53852 36056 30000 0 58310 42426 30000 58310 50000 94340 80000 269072 234307 250000 223607 304795 250799 300167 317648 297321 259615 240416 235372 206155 253180 250799 230868 200998 250000 200000 230868 251794 202237 524976 471275 423792 514198 417612 509902 412311 504876 333017 297321 266271 320156 250000 275862 242074 302324 262488 715122 699214 353553 687095 320156 197231 651460 650000 632456 640781 644127 604070 470000 440000 421070 403113 380000 370000 373363 351283 320000 323883 492037 476340 458039 422019 406079 438634 360555 367967 403609
150000 269072 282843 233452 247588 226716 242074 219317 222036 238537 188680 214709 350000 251794 351283 304138 353553 259615 269258 316228 50000 53852 36056 58310 0 20000 50000 28284 53852 50000 70711 212132 180278 197231 177200 250000 206155 250799 269258 254951 223607 205913 196977 170000 211896 206155 186815 158114 202237 152971 180278 200000 150000 488467 434626 389102 474342 380789 468402 373363 460977 320156 291548 269258 304795 250799 266271 241661 282843 250000 728011 715891 344093 699214 317648 250000 667083 660984 647611 651460 650000 618466 502494 472652 457056 441475 413038 403113 412311 388330 353553 364005 546717 531507 512250 476340 460977 494975 414005 424264 460977
151327 256125 269072 220227 233452 214009 226716 205183 206155 222036 172047 197231 330000 231948 331361 284429 333766 240416 250799 297321 53852 50000 30000 42426 20000 0 30000 20000 36056 53852 58310 226716 192094 208087 183848 262488 211896 259422 277308 259615 241661 223607 215407 187883 230868 225610 206155 177200 222036 172627 200250 220000 170000 506952 453100 407185 493356 399249 487647 392173 480521 333017 302324 277308 318277 259422 278029 250599 297321 262488 733757 720347 356090 705195 327567 238537 671863 667308 652534 657875 657951 623618 500899 470956 453982 437379 411096 401123 407922 384708 351283 359026 534135 518556 500000 464004 448219 481041 402244 410366 445982
158114 238537 250000 202485 214009 197231 205183 186011 183848 198494 148661 172047 300000 202237 301496 254951 304138 211896 223607 269258 70711 58310 42426 30000 50000 30000 0 36056 20000 70711 50000 250000 212132 226716 197231 282843 223607 274591 291548 269258 269258 250799 243516 215407 259615 254951 235372 206155 251794 202237 230217 250000 200000 534883 481041 434626 522015 427200 516624 420595 509902 353553 320156 291548 339706 274591 297321 266271 320156 282843 743303 728011 375366 715122 344093 223607 680074 677791 660984 668506 670820 632456 500000 470000 450999 432897 410000 400000 403113 381182 350000 353553 516140 500000 482597 446542 430116 460977 385876 390512 424264
171172 272029 284253 236008 248395 230217 240416 220227 219317 234307 184391 208087 330606 230217 330151 281603 331361 235372 243516 291204 72801 70000 50000 58310 28284 20000 36056 0 30000 36056 42426 214009 176918 192094 165529 247588 193132 241868 259422 240416 250599 233238 223607 197231 237697 230868 211896 183848 225610 177200 202237 220907 171172 514782 460977 415933 499800 407185 493356 399249 485077 348281 319061 295466 333017 277308 294109 268328 311127 278029 752861 739797 372022 724224 344819 255539 691231 686222 671863 676757 676240 642884 520865 490918 473814 457056 431045 421070 427551 404475 371214 378550 550000 534135 516140 480104 464004 495782 418808 425206 459674
177200 255539 266271 219545 230217 214709 220227 202485 198494 212132 162788 184391 300666 200250 300167 251794 301496 206155 215407 262488 86023 76158 58310 50000 53852 36056 20000 30000 0 58310 30000 238537 198494 212132 180278 269072 205913 258070 274591 250799 277308 259422 250799 223607 265707 259615 240416 211896 254951 206155 231948 250799 200998 542310 488467 442832 528110 434626 522015 427200 514198 367967 336006 308869 353553 291548 312410 283019 333017 297321 762168 747262 390512 733894 360555 241661 699214 696419 680074 687095 688767 651460 520000 490000 470956 452769 430000 420000 422966 401123 370000 373363 532541 516140 499300 463249 446542 476340 403113 406079 438634
200000 308058 320156 272029 284253 266271 275862 256125 254558 269072 219317 242074 353553 250799 350571 300000 350000 250799 254951 304138 100000 101980 82462 94340 50000 53852 70711 36056 58310 0 50000 180278 141421 156205 130000 212132 158114 205913 223607 206155 250000 234307 222036 198494 233238 223607 205913 180278 215407 170000 189737 206155 158114 510000 456508 413401 492443 403113 484665 393573 474342 360555 335410 316228 344093 297321 308869 287924 320156 291548 776209 764853 385876 747262 362491 291548 715891 708802 696348 699214 696419 667083 552268 522398 506360 490306 462709 452769 460977 437379 403113 412311 586003 570088 552178 516140 500000 531507 454863 460977 494975
206155 281780 291548 245967 255539 241661 244131 228254 222036 234307 186011 205183 304138 200998 300666 250000 300000 200998 206155 254951 111803 104403 85440 80000 70711 58310 50000 42426 30000 50000 0 223607 180278 192094 156205 250000 180278 234307 250000 223607 291548 274591 264197 238537 277308 269258 250799 223607 262488 215407 237697 254951 206155 554617 500899 456508 538516 447214 531413 438634 522015 390512 360555 335410 375366 317648 336006 308869 353553 320156 790569 776209 414005 762168 385876 269258 728011 724500 708802 715122 715891 680074 550000 520000 500899 482597 460000 450000 452769 431045 400000 403113 557584 540833 524786 488774 471699 500000 429418 430116 460977
335410 481041 494975 445533 459674 438634 453431 431393 432782 448219 398246 422019 522015 417612 514198 460977 509902 407922 403113 452769 250000 262488 247588 269072 212132 226716 250000 214009 238537 180278 223607 0 50000 53852 101980 50000 111803 94340 111803 141421 254951 251794 231948 230000 225610 206155 202237 200000 186815 180000 162788 158114 150000 453431 406079 377359 424264 360555 410366 344093 390512 403113 400000 403113 383275 383275 370000 373363 353553 350000 851469 850000 432897 821523 430000 460977 800000 781601 780000 771622 756637 750000 680074 651460 642573 631585 594643 585235 604152 577754 538516 559017 758222 743303 723464 687677 672681 707107 624820 636396 672681
316228 448219 460977 412311 425206 406079 417253 396989 395980 410366 360694 382884 474342 370000 465725 412311 460977 359026 353553 403113 223607 233238 216333 234307 180278 192094 212132 176918 198494 141421 180278 50000 0 20000 53852 70711 70711 80000 100000 111803 269258 262488 243516 235372 241661 223607 215407 206155 205913 186815 178885 180278 158114 487955 438634 406079 460977 390512 448219 375366 430116 412311 403113 400000 392938 380000 373363 370000 364005 353553 855862 851469 441475 826075 432897 430116 801561 786384 781601 776466 764853 751665 667083 637887 626418 613514 579741 570088 585235 559732 522015 538516 726223 710634 692026 656049 640312 672681 594054 602080 636396
335261 464004 476340 428019 440454 422019 431856 412311 410366 424264 374833 396232 481041 376962 471275 417612 465725 364005 356931 406079 241661 250599 233238 250000 197231 208087 226716 192094 212132 156205 192094 53852 20000 0 50000 58310 58310 60000 80000 94340 287924 281603 262488 254951 260000 241661 234094 225610 223607 206155 196977 197231 177200 502096 453431 422019 474236 406079 460977 390512 442041 431741 422966 420000 412311 400000 393192 390000 383275 373363 875728 871436 460977 845931 452769 446542 821523 806226 801561 796304 784474 771622 686586 657343 645600 632456 599083 589406 604070 578705 541202 557136 742024 726223 708025 672012 656049 687677 610328 617171 650692
323883 435660 446542 399625 410488 394462 400000 382753 378021 390512 342053 361248 434626 331059 423792 370000 417612 316228 308058 356931 225610 230868 211896 223607 177200 183848 197231 165529 180278 130000 156205 101980 53852 50000 0 104403 30000 78102 94340 80000 308869 299666 281780 269258 283019 266271 255539 241661 250000 223607 222036 226716 197231 538145 487955 453431 512250 438634 500000 424264 482597 445982 431741 422966 427200 403113 402616 393192 399249 383275 882836 875728 474342 853288 460977 420595 826075 813941 806226 804114 795550 776466 677422 647765 633482 618466 588558 578705 589406 565155 529528 541202 712811 696348 679559 643506 626817 656049 583095 586003 617171
380789 518556 531507 482701 495782 476340 487955 467547 466690 481041 431393 453431 538516 434626 528110 474342 522015 420595 412311 460977 291548 302324 286007 304795 250000 262488 282843 247588 269072 212132 250000 50000 70711 58310 104403 0 100000 58310 70711 111803 304138 301496 281603 280000 274591 254951 251794 250000 235372 230000 212132 206155 200000 492037 446542 420595 460977 403113 445982 385876 424264 452769 450000 452769 432897 432897 420000 422966 403113 400000 901388 900000 482597 871436 480000 500000 850000 831505 830000 821523 806226 800000 728011 699214 689493 677791 641950 632456 650000 623939 585235 604152 796492 781025 762168 726223 710634 743303 664003 672681 707107
353553 461411 471699 425441 435660 420595 424382 408167 402244 414005 366197 384187 447214 344819 434626 380789 427200 326956 316228 364005 254951 259615 240416 250799 206155 211896 223607 193132 205913 158114 180278 111803 70711 58310 30000 100000 0 58310 70711 50000 335410 326956 308707 297321 308869 291548 281780 269258 274591 250799 246982 250000 223607 558659 509313 476340 531507 460977 518556 445982 500000 474342 460977 452769 455412 432897 431741 422966 427200 412311 912414 905539 502892 882836 490306 447214 855862 843445 836002 833607 824621 806226 707107 677422 662873 647611 618142 608276 618466 594390 559017 570088 737835 721110 704911 668880 651920 680074 609016 610328 640312
392938 513128 524309 477074 488262 471699 478017 460435 456070 468615 420119 439318 505371 403113 492443 438634 484665 384838 373363 420595 297321 304631 286356 300167 250799 259422 274591 241868 258070 205913 234307 94340 80000 60000 78102 58310 58310 0 20000 53852 344819 339559 320156 314006 316228 297321 291204 284429 278568 264764 252982 250799 235372 546717 500000 471699 516624 454863 502096 438292 481041 490306 482597 480000 470744 460000 452769 450000 441475 432897 935361 931343 519711 905539 512445 497393 881419 865794 861452 855862 843445 831505 745252 715891 703420 689638 657343 647611 660984 636003 599083 613514 790569 774209 757166 721110 704557 734098 660379 664003 695270
412311 530000 540833 493964 504777 488774 494065 477074 472017 484149 436005 454533 514782 413401 500899 447214 492443 393573 380789 427200 316228 323110 304631 317648 269258 277308 291548 259422 274591 223607 250000 111803 100000 80000 94340 70711 70711 20000 0 50000 364005 359026 339559 333766 335261 316228 310483 304138 297321 284429 272029 269258 254951 562228 516140 488774 531507 471699 516624 454863 494975 509902 502494 500000 490306 480000 472652 470000 460977 452769 955249 951315 539351 925419 532353 514782 901388 885664 881419 875728 863134 851469 764853 735459 722772 708802 676831 667083 680074 655210 618466 632456 807094 790569 773886 737835 721110 750000 677422 680074 710634
403113 505371 514782 469574 478853 465188 466476 451774 444185 454863 408167 424382 471699 372022 456508 403113 447214 349857 335410 380789 304138 308058 288617 297321 254951 259615 269258 240416 250799 206155 223607 141421 111803 94340 80000 111803 50000 53852 50000 0 380789 373363 354683 344819 353412 335410 326956 316228 317648 297321 290689 291548 269258 594643 546717 516140 565685 500000 551725 484149 531507 522015 509902 502494 502892 482597 480521 472652 474342 460977 961769 955249 550818 932148 539351 492443 905539 892693 885664 882836 873212 855862 756637 726911 711969 696348 667533 657647 667083 643273 608276 618466 780320 763217 747930 711969 694622 721110 652993 651920 680074
206155 392938 412311 366742 386394 356931 393192 363456 381182 401123 360000 390000 559017 468402 565155 522015 570088 481041 492443 538516 206155 225610 230868 259615 223607 241661 269258 250599 277308 250000 291548 254951 269258 287924 308869 304138 335410 344819 364005 380789 0 20000 28284 53852 30000 50000 53852 70711 70000 86023 92195 100000 111803 265707 211896 165529 254951 158114 251794 152971 250000 150000 158114 180278 130000 164012 130000 156205 100000 111803 600000 602080 180000 570000 186815 364005 552268 530000 532353 520000 502494 502494 471699 446542 448219 445982 398246 390512 424264 395980 353553 390512 636318 626498 600333 568243 559017 604152 505371 538516 585235
186815 373631 392938 347131 366742 337343 373363 343657 361248 381182 340000 370000 539351 449222 545711 502892 550818 462385 474236 520000 186815 206155 211896 240416 205913 223607 250799 233238 259422 234307 274591 251794 262488 281603 299666 301496 326956 339559 359026 373363 20000 0 20000 36056 36056 53852 50000 58310 72801 76158 90000 101980 104403 284605 230868 183848 274591 177200 271662 172627 270000 151327 152971 170000 131529 152643 123693 144222 101980 104403 600333 600750 181108 570351 182483 344819 550818 530377 530848 520384 504876 500899 461411 435660 436005 432782 386005 378021 410366 382099 339706 375366 619112 609016 583095 550727 541202 586003 487647 520000 566480
193132 379473 398497 351710 371080 342053 376563 347131 363456 383275 340588 370540 536004 443847 541295 497293 545711 455412 466154 512640 182483 202237 206155 235372 196977 215407 243516 223607 250799 222036 264197 231948 243516 262488 281780 281603 308707 320156 339559 354683 28284 20000 0 30000 22361 36056 30000 42426 53852 58310 70000 82462 85440 291548 237697 192354 278927 183848 274591 177200 270740 171172 172627 187883 151327 170000 143178 161245 121655 123693 620322 620725 200998 590339 202237 351141 570789 550364 550818 540370 524690 520865 478853 452769 452217 448219 402244 394081 425206 396989 354683 388973 629682 619112 593633 560803 550727 594811 497393 528015 573847
165529 351141 370000 322800 342053 313209 347131 317805 333766 353553 310644 340588 506360 414849 511957 468402 516624 427200 438634 484665 152971 172627 177200 206155 170000 187883 215407 197231 223607 198494 238537 230000 235372 254951 269258 280000 297321 314006 333766 344819 53852 36056 30000 0 50990 58310 42426 30000 70711 50000 76158 94340 80000 319531 265707 219317 308058 211896 304138 206155 300666 177200 170000 177200 158114 158114 140000 148661 130000 120000 622013 620000 206155 592115 200000 323110 570000 552268 550000 542310 529528 520000 465188 438292 435660 430116 385876 377359 406079 378021 336006 367967 604649 593633 568595 535350 524786 568243 471699 500899 546260
215407 401622 420595 373631 392938 364005 398121 368782 384708 404475 361248 391152 554437 460977 559017 514198 562939 471275 481041 528110 200998 220907 223607 253180 211896 230868 259615 237697 265707 233238 277308 225610 241661 260000 283019 274591 308869 316228 335261 353412 30000 36056 22361 50990 0 20000 28284 53852 40000 64031 63246 70000 86023 277308 223607 180278 262488 170000 257099 161555 251794 180000 186815 205913 160000 188680 158114 180278 130000 139284 630000 631981 210000 600000 215870 373363 582151 560000 562228 550000 532353 532353 497393 471699 472017 468615 422019 414005 445982 417732 375366 410366 651920 641405 615873 583095 573062 617171 519711 550364 596154
223607 408534 427200 379473 398497 370000 402616 373631 388330 407922 363456 393192 552268 457056 555788 509902 559017 465725 474342 522015 200000 220000 220907 250799 206155 225610 254951 230868 259615 223607 269258 206155 223607 241661 266271 254951 291548 297321 316228 335410 50000 53852 36056 58310 20000 0 20000 50000 20000 53852 44721 50000 70711 286531 233238 192094 269258 180278 262488 170000 254951 200000 206155 223607 180000 205913 177200 197231 150000 158114 650000 651920 230000 620000 235372 380789 602080 580000 582151 570000 552268 552268 514782 488774 488262 484149 438292 430116 460977 432782 390512 424264 662873 651920 626817 593633 583095 626498 530000 559017 604152
205913 390000 408534 360555 379473 351141 383275 354401 368782 388330 343657 373363 532353 437379 536004 490306 539351 446430 455412 502892 180000 200000 200998 230868 186815 206155 235372 211896 240416 205913 250799 202237 215407 234094 255539 251794 281780 291204 310483 326956 53852 50000 30000 42426 28284 20000 0 30000 28284 36056 40000 53852 58310 304138 250599 208087 287924 197231 281603 187883 274591 200998 202237 215407 181108 196977 172627 187883 151327 152971 650308 650692 230868 620322 231948 362491 600750 580345 580775 570351 554437 550818 505371 478853 477074 472017 427200 418808 448219 420119 378021 410366 646375 635138 610328 576888 566039 609016 513128 541202 586003
180278 362491 380789 332415 351141 323110 354401 325730 339559 359026 314006 343657 502494 407922 506360 460977 509902 417612 427200 474342 150000 170000 171172 200998 158114 177200 206155 183848 211896 180278 223607 200000 206155 225610 241661 250000 269258 284429 304138 316228 70711 58310 42426 30000 53852 50000 30000 0 53852 20000 50000 70711 50000 331059 277308 233238 316228 223607 310483 215407 304138 206155 200000 206155 186815 186815 170000 177200 158114 150000 651920 650000 235372 622013 230000 335410 600000 582151 580000 572189 559017 550000 492443 465188 461411 454863 411825 403113 430116 402244 360555 390512 622013 610328 586003 552178 540833 583095 488262 514782 559017
233238 416293 434626 386264 404969 376962 408044 379473 392938 412311 366742 396232 550818 453982 553263 506360 555788 460977 468402 516624 200998 220907 220000 250000 202237 222036 251794 225610 254951 215407 262488 186815 205913 223607 250000 235372 274591 278568 297321 317648 70000 72801 53852 70711 40000 20000 28284 53852 0 50000 28284 30000 58310 296816 244131 205183 277308 192094 269258 180278 259615 220000 225610 241661 200000 223607 196469 214709 170000 177200 670000 671863 250000 640000 254951 389102 622013 600000 602080 590000 572189 572189 532353 506063 504777 500000 454863 446542 476340 448219 406079 438634 674240 662873 638201 604649 593633 636318 540833 568243 612699
192094 371214 389102 340147 358469 331059 360555 332415 344819 364005 317805 347131 500899 404475 503587 457056 506360 412311 420595 468402 151327 171172 170000 200000 152971 172627 202237 177200 206155 170000 215407 180000 186815 206155 223607 230000 250799 264764 284429 297321 86023 76158 58310 50000 64031 53852 36056 20000 50000 0 36056 58310 30000 340000 286531 244131 323110 233238 316228 223607 308058 225610 220000 225610 206155 206155 190000 196469 177200 170000 671863 670000 254951 641950 250000 344819 620000 602080 600000 592115 578705 570000 510784 483322 478853 471699 429418 420595 446542 418808 377359 406079 634114 622013 598164 564004 552178 593633 500000 524786 568243
228035 407063 424853 375766 393954 366742 395601 367696 379473 398497 351710 380789 530094 431856 531507 483735 533385 437379 443847 492443 184391 203961 200998 230868 180278 200250 230217 202237 231948 189737 237697 162788 178885 196977 222036 212132 246982 252982 272029 290689 92195 90000 70000 76158 63246 44721 40000 50000 28284 36056 0 22361 31623 324500 272029 233452 304138 220227 295466 208087 284605 240832 241868 252982 220907 234094 212132 224722 191050 192354 690290 690652 270740 660303 271662 380789 640703 620322 620725 610328 594138 590762 541295 514296 511077 504777 461411 452769 480104 452217 410488 440454 670075 658027 634114 600000 588218 629682 536004 560803 604152
250000 429418 447214 398121 416293 389102 417852 390000 401622 420595 373631 402616 550000 450999 550818 502494 552268 455412 460977 509902 206155 225610 222036 251794 200000 220000 250000 220907 250799 206155 254951 158114 180278 197231 226716 206155 250000 250799 269258 291548 100000 101980 82462 94340 70000 50000 53852 70711 30000 58310 22361 0 50000 314006 262488 226716 291548 212132 281780 198494 269258 250000 254951 269258 230000 250799 225610 241661 200000 206155 700000 701783 280000 670000 284429 403113 651920 630000 631981 620000 602080 602080 559017 532353 530000 524309 480208 471699 500000 472017 430116 460977 692026 680074 656049 622013 610328 651920 558032 583095 626498
212132 385876 403113 353553 371214 344819 371618 344384 354683 373363 325730 354401 500000 401123 500899 452769 502494 406079 412311 460977 158114 177200 172627 202237 150000 170000 200000 171172 200998 158114 206155 150000 158114 177200 197231 200000 223607 235372 254951 269258 111803 104403 85440 80000 86023 70711 58310 50000 58310 30000 31623 50000 0 355106 302324 262488 335410 250000 326956 238537 316228 254951 250000 254951 235372 235372 220000 225610 206155 200000 701783 700000 284429 671863 280000 360555 650000 631981 630000 622013 608276 600000 538516 510784 505371 497393 456180 447214 471699 444185 403113 430116 652993 640312 617171 582580 570088 610328 518556 540833 583095
451774 630079 650077 610328 630317 600333 641249 611310 632851 652763 616604 646297 822253 733757 829699 787464 835225 746726 757694 804114 471275 490408 496488 524976 488467 506952 534883 514782 542310 510000 554617 453431 487955 502096 538145 492037 558659 546717 562228 594643 265707 284605 291548 319531 277308 286531 304138 331059 296816 340000 324500 314006 355106 0 53852 101980 40000 107703 60000 116619 90000 257099 305941 355106 253180 352278 301496 351283 250200 300167 567979 591692 265707 541202 313209 600083 549181 506063 532541 497393 456180 508035 588303 573062 590339 600083 546260 542310 588727 563028 524976 572800 832406 827103 798123 771298 766877 815843 713863 758024 807527
400500 580775 600750 560000 580000 550000 590339 560357 581378 601332 564358 594138 769025 680074 776209 733757 781601 692892 703847 750267 417612 436807 442719 471275 434626 453100 481041 460977 488467 456508 500899 406079 438634 453431 487955 446542 509313 500000 516140 546717 211896 230868 237697 265707 223607 233238 250599 277308 244131 286531 272029 262488 302324 53852 0 50000 53852 53852 64031 64031 86023 215407 262488 310483 208806 305941 254951 304138 202237 251794 566480 586003 228254 538516 273130 550818 541202 501597 523546 492443 455412 497393 558032 540833 555698 563560 510000 505371 550364 523927 484665 531413 790569 784474 755844 728011 722772 771298 669403 711969 761183
350571 530848 550818 510000 530000 500000 540370 510392 531507 551453 514782 544518 720347 632456 728011 686222 733757 646220 657951 703847 370000 388973 395601 423792 389102 407185 434626 415933 442832 413401 456508 377359 406079 422019 453431 420595 476340 471699 488774 516140 165529 183848 192354 219317 180278 192094 208087 233238 205183 244131 233452 226716 262488 101980 50000 0 101980 20000 107703 40000 122066 170000 215407 262488 161555 257099 206155 254951 152971 202237 550818 566480 186011 522015 228254 500899 520000 483839 501597 474342 441475 474236 518556 500000 513128 519711 466476 461411 505371 478539 438634 484665 743303 736817 708378 680074 674463 722772 620967 662873 711969
450000 631981 651920 610328 630317 600333 640000 610000 630317 650308 612046 641950 813941 722772 820000 776209 824621 733757 743303 790569 460977 480521 485077 514198 474342 493356 522015 499800 528110 492443 538516 424264 460977 474236 512250 460977 531507 516624 531507 565685 254951 274591 278927 308058 262488 269258 287924 316228 277308 323110 304138 291548 335410 40000 53852 101980 0 100000 20000 101980 50000 269258 316228 364005 262488 359026 308058 356931 254951 304138 604152 626498 281780 576975 326956 602080 583095 541202 566039 532353 492443 540833 610328 593633 609016 617171 563560 559017 604152 577754 538516 585235 844334 838153 809568 781601 776209 824621 722772 764853 813941
