NAME : CMT11X
COMMENT : Salhi-Nagy 1999 X-split of CMT11 (r=min(x/y,y/x)), n_cust=120
TYPE : VRPSPD
DIMENSION : 121
CAPACITY : 200
EDGE_WEIGHT_TYPE : EXPLICIT
EDGE_WEIGHT_FORMAT : FULL_MATRIX
EDGE_WEIGHT_SECTION
0 464866 445982 451774 456508 434166 421900 432666 509117 454863 457930 471699 537587 500000 510392 493964 740945 730616 166433 766616 747061 733485 799250 769415 807775 797559 769220 833547 814125 854400 850882 841190 822922 869540 867698 836301 858662 761052 760066 760066 756637 790253 790063 793095 820549 822982 840536 840060 840536 860523 890056 891403 809568 822982 831925 850000 869540 845813 872353 861626 908240 908735 917061 939415 934719 919239 992824 466154 531507 471699 488774 532635 568507 523450 553173 568507 537401 565685 587282 601415 629365 100000 50000 170000 122066 92195 64031 58310 31623 94340 125300 111803 89443 100499 120416 60000 100000 150000 223607 111803 134164 89443 67082 141421 113137 64031 78102 108167 216333 240416 206155 58310 102956 161245 170000 200250 165529 134164 180278 70711 70711
464866 0 20000 72111 80623 84853 106301 120416 224722 116619 102956 107703 225610 155242 141421 111803 482597 485077 350143 512445 517880 523927 530377 536004 540370 541479 549181 570351 573149 664906 590339 591354 595399 600000 621289 604070 622896 729452 746324 758024 807217 765506 782368 818352 785493 842021 802621 813019 834865 819878 866083 887525 980051 1004390 1000000 1032279 1065082 1004241 1052093 1000050 1086002 1057592 1072986 1112115 1094806 1055509 1149783 828734 828613 845931 865794 870976 904710 846463 885268 904710 851645 876413 905207 898109 936056 371618 417852 298329 349285 380789 405216 422019 433244 396232 382099 393192 406079 432897 431045 449110 442832 440000 542310 492544 500899 485077 478539 542310 524690 502195 509902 537587 321403 378550 492544 408044 364005 308058 360000 452769 510000 332415 340000 438292 529245
445982 20000 0 63246 72801 72111 92195 108167 218403 107703 94868 101980 222036 151327 140000 110000 480937 482597 330151 510882 514782 519711 530000 533385 540000 540370 545894 570000 571402 660984 590000 590339 593043 600333 620322 602080 621289 718679 734983 746324 793977 754718 771038 806040 775242 830060 792591 802621 823772 810062 855862 876641 964002 988130 984073 1016071 1048618 988585 1036002 984937 1070047 1042353 1057592 1096358 1079352 1040625 1134548 808950 809568 826075 845931 851469 885268 827103 865852 885268 832406 857263 886002 879204 917061 353412 399249 278927 329848 361386 386005 402616 414367 376563 362215 373363 386394 413038 411096 429535 422966 420000 522398 472652 480937 465296 458912 522398 504876 482701 490306 517880 301496 359026 472652 388973 344819 288617 340000 432897 490000 313209 320000 420595 510784
451774 72111 63246 0 10000 20000 41231 50000 155242 44721 31623 40000 160312 90000 82462 53852 420119 421070 317805 450111 452769 457056 470425 471699 480416 480000 483735 510392 510392 598415 530377 530000 531507 541479 560000 540833 560357 657343 674240 686003 735935 693397 710282 746525 713442 770065 730616 740945 762758 747930 794040 815414 912634 937443 932309 965194 998599 936002 984733 930860 1018332 988585 1004241 1044031 1026158 985951 1080740 782304 773692 800999 820975 820366 853288 794292 833607 853288 798311 822253 851469 842021 880568 366197 408167 281780 331059 362491 389102 403113 420595 373363 354401 366879 382753 405216 400250 427200 414849 404475 500100 463249 468722 458803 455412 511957 497293 481041 487032 512445 281603 330606 450111 393573 348855 290689 325576 410122 473814 317648 305941 436005 519711
456508 80623 72801 10000 0 22361 40000 44721 145602 36056 22361 30000 150333 80000 72801 44721 410122 411096 320156 440114 442832 447214 460435 461736 470425 470000 473814 500400 500400 588558 520384 520000 521536 531507 550000 530848 550364 648999 666108 678012 728629 685055 702140 738783 704911 762168 722011 732462 754520 739256 785493 807094 906973 931933 926553 959635 993227 930054 979081 924554 1012571 982344 998098 1038123 1020049 979490 1074477 781601 771298 800562 820549 818841 851587 792465 831865 851587 796241 820000 849294 839345 878009 372022 413401 286531 335410 366742 393573 407185 425441 376962 357351 370000 386264 408044 402616 430813 417612 406079 500400 465725 470744 461736 458803 514198 500000 484665 490408 515461 282843 330151 450444 398246 353553 295296 327567 410488 475184 322490 308058 442041 524786
434166 84853 72111 20000 22361 0 22361 36056 151327 40000 31623 44721 160312 92195 89443 64031 420119 420119 298329 450111 450999 453982 471699 470425 481664 480416 481664 511566 510000 595399 531507 530377 530377 543323 560357 540093 560000 646607 662873 674240 722496 682642 698928 734098 703278 758024 720694 730616 751665 738241 783901 804550 896270 920869 916079 948683 981835 920054 968349 915478 1002098 973088 988585 1028008 1010445 970824 1065270 762365 754321 781025 800999 800625 833607 774661 813941 833607 778781 802808 831986 822800 861278 350000 391152 264197 313050 344384 371214 384838 403113 354683 335261 347851 364005 386005 380789 408534 395601 384708 480104 443847 449110 439659 436578 492443 478017 462385 468188 493356 261725 310644 430116 375899 331210 272947 305941 390128 453982 300167 286356 420119 502494
421900 106301 92195 41231 40000 22361 0 20000 140000 36056 36056 50000 152971 89443 92195 72111 411096 410122 281603 441022 440114 441814 463897 460000 473814 471699 470425 503587 500400 583095 523450 521536 520000 536004 551453 530094 550364 627694 643506 654599 701783 663702 679559 714003 684763 738173 702353 711969 732462 720069 765376 785493 874185 898721 894036 926553 959635 898109 946256 893756 980051 951315 966747 1006032 988585 949210 1043504 741687 732462 760592 780577 779295 812158 753127 792465 812158 757100 781025 810247 800812 839345 340588 380132 252389 300167 331210 358469 371214 391152 340147 319531 332415 349285 370000 364005 393954 379473 366742 460435 427200 431741 423792 421545 475395 461736 447772 453100 477598 243311 290172 410488 363593 319061 260768 288617 370540 435660 288444 269258 411096 490918
432666 120416 108167 50000 44721 36056 20000 0 120000 22361 30000 41231 133417 72111 78102 63246 391152 390128 287924 421070 420119 421900 444072 440000 453982 451774 450444 483735 480416 563205 503587 501597 500000 516236 531507 510098 530377 610574 626817 638201 686804 646607 662873 698140 667308 722011 684763 694622 715612 702353 747930 768505 862670 887525 882326 915260 948736 886002 934773 880909 968349 938616 954254 994032 976166 936056 1030776 740608 727805 760066 780064 776466 808950 749667 789177 808950 753127 776660 806040 795550 834326 353836 392046 264008 310644 341321 368917 380789 402244 348855 326956 340147 357771 376962 370000 402492 386264 371080 461736 433244 436807 430813 429535 480833 468188 456180 460977 484665 247386 290172 411947 374433 330151 272029 294109 372156 439318 300000 275136 424500 502195
509117 224722 218403 155242 145602 151327 140000 120000 0 111803 123693 117047 31623 72111 92195 116619 271662 270185 348281 301496 300167 302655 325576 320000 335410 332415 330606 364966 360555 444072 384708 382099 380000 398121 411947 390128 410488 512250 531507 544885 603075 548179 567274 608112 566127 629682 582495 594054 618466 599083 646375 670075 800625 827345 818841 854225 890000 819878 872353 809938 904268 868217 885099 927847 907359 862670 959635 745453 711126 767919 787718 770260 800000 740000 780000 800000 740270 761052 791012 774145 813941 444072 475079 350000 389487 417253 445533 452769 481041 417732 390512 404599 425206 436005 424382 468615 444072 416773 487032 485489 483735 488262 492037 528394 521536 520096 522015 540833 300000 317805 440114 452769 411096 356090 350000 403113 478539 384187 334215 514004 579828
454863 116619 107703 44721 36056 40000 36056 22361 111803 0 14142 20000 120416 53852 56569 41231 380132 380132 310161 410122 411096 414367 431856 430465 441814 440454 441814 471699 470000 555788 491630 490408 490408 503587 520384 500100 520000 612944 630079 642028 693109 648999 666108 702922 668880 726223 686003 696419 718471 703278 749466 771038 873670 898888 893085 926499 960417 896270 945780 890225 979081 948103 964002 1004390 986002 944934 1040192 760263 745252 780000 800000 795110 827345 767919 807527 827345 771038 794292 823772 812527 851469 375366 414005 286007 332866 363593 391152 403113 424382 371214 349285 362491 380132 399249 392173 424853 408534 392938 482597 455412 458803 453100 451885 502892 490408 478539 483322 506952 269258 310644 432897 396611 352278 294109 316228 393192 460977 322025 297321 445982 524309
457930 102956 94868 31623 22361 31623 36056 30000 123693 14142 0 14142 130000 60828 58310 36056 390000 390512 316228 420000 421900 425793 441022 441022 450999 450111 452769 480937 480104 567186 500899 500100 500899 512445 530094 510392 530094 626817 644050 656049 707248 662873 680074 717008 682642 740270 699714 710211 732393 716938 763217 784920 887525 912688 906973 940319 974166 910220 959635 904268 992975 962133 978008 1018332 1000000 959010 1054230 770584 757100 790063 810062 806226 838630 779295 818841 838630 782624 806040 835464 824621 863481 376431 416173 288444 336155 367151 394462 407063 427200 375766 354683 367696 384838 404969 398497 429535 414367 400250 491630 461736 465725 458803 456946 509608 496488 483322 488467 512640 276586 320156 441814 399625 355106 296816 322800 401995 468722 324500 303645 446878 526972
471699 107703 101980 40000 30000 44721 50000 41231 117047 20000 14142 0 120416 50000 44721 22361 380132 381182 328938 410122 413038 417732 430465 431856 440454 440000 444072 470425 470425 559017 490408 490000 491630 501597 520000 500899 520384 624260 642028 654370 707107 660303 678012 715891 679559 738783 696419 707248 730068 713442 760066 782368 890449 915860 909725 943398 977548 912634 962549 906035 995691 964002 980051 1020784 1002098 960469 1056030 780256 764853 800000 820000 814985 847172 787718 827345 847172 790759 813941 843445 831986 870976 390512 430116 302324 349857 380789 408167 420595 441022 389102 367696 380789 398121 417852 411096 442832 427200 412311 502494 474342 478017 471699 470106 522015 509215 496588 501597 525547 288617 330606 452769 413401 368917 310644 335261 413038 480521 338378 316228 460977 540833
537587 225610 222036 160312 150333 160312 152971 133417 31623 120416 130000 120416 0 70711 85440 114018 260000 260768 378021 290000 292746 298329 311448 311448 321403 320156 323883 351283 350143 439318 371214 370135 371214 383275 400125 380526 400125 524023 544518 558659 620081 559732 580000 622896 576281 643506 592030 604401 630317 608030 656049 681175 822922 850000 840773 876641 912853 841190 894427 830060 925905 888369 905539 948947 927847 882043 979439 776466 740608 799062 818841 800562 830060 770065 810062 830060 770065 790569 820549 803057 842912 470106 502494 376431 417253 445533 473814 481664 509117 446878 420119 434166 454533 466154 454863 498197 474342 447772 518652 516236 514782 518652 522015 559464 552268 550000 552178 571402 330151 349285 471699 480833 438634 382884 380132 434626 509902 411096 364005 540370 608276
500000 155242 151327 90000 80000 92195 89443 72111 72111 53852 60828 50000 70711 0 22361 44721 330151 331361 348855 360139 363456 368782 380526 382099 390512 390000 394588 420476 420476 509902 440454 440000 441814 451774 470000 450999 470425 584123 603075 616198 672681 620081 638905 678970 638201 700928 654599 666108 690290 671193 718471 742024 864523 890674 883233 917878 952943 885099 936483 876584 968969 934773 951315 993227 973499 930054 1026499 780577 756637 801561 821523 810987 842140 782304 822192 842140 784092 806226 836002 822010 861452 424264 460977 333017 378021 408044 436005 446542 470106 413401 389487 403113 421900 438292 429535 466476 447214 427200 509902 492443 493964 491935 492443 538516 528015 519711 523546 545619 304631 337343 460977 442041 398246 340588 353412 422019 493356 368782 335410 494975 570088
510392 141421 140000 82462 72801 89443 92195 78102 92195 56569 58310 44721 85440 22361 0 30000 341321 343657 362491 371214 376563 383275 390000 394588 400000 400500 407922 430000 431856 523927 450000 450444 453982 460435 480416 462709 481664 604401 623699 637024 694262 640312 659469 700071 658027 721803 674240 686003 710634 690652 738173 762168 886848 913017 905539 940213 975295 907359 958801 898721 991262 956922 973499 1015480 995691 952103 1048618 800250 777817 820975 840952 831505 862844 803057 842912 862844 805047 827345 857088 843445 882836 431856 470106 342053 388330 418808 446542 457930 480104 425441 402492 415933 434166 451885 443847 478853 460977 442719 527731 506952 509215 505668 505371 553624 542310 532353 536656 559464 319531 355106 478539 452217 408044 350000 367696 439318 509608 378021 349285 502494 580086
493964 111803 110000 53852 44721 64031 72111 63246 116619 41231 36056 22361 114018 44721 30000 0 371214 373363 351141 401123 406079 412311 420000 424264 430000 430465 437379 460000 461736 553173 480000 480416 483735 490408 510392 492544 511566 628013 646607 659469 714493 664003 682495 721803 682422 744110 698928 710282 734098 715612 762758 786003 902109 927847 921141 955249 989798 923580 974166 916079 1007025 974166 990454 1031746 1012571 970052 1066068 800062 782624 820061 840060 833847 865794 806226 845931 865794 808950 831865 861452 849294 888426 412311 452217 324500 372156 403113 430465 442945 463249 411461 390000 403113 420476 440114 433244 465188 449444 434166 523450 496488 500000 493964 492443 544059 531413 518941 523927 547814 310483 351283 473814 435660 391152 332866 357351 434166 502195 360555 338378 482701 563028
740945 482597 480937 420119 410122 420119 411096 391152 271662 380132 390000 380132 260000 330151 341321 371214 0 20000 574543 30000 50000 76158 58310 58310 67082 60828 78102 94868 90554 192354 114018 110454 114018 130000 140357 121655 140357 373363 401622 420595 504480 403113 430813 487032 407063 497695 416773 434166 469574 427200 477074 511077 746726 776466 759539 799062 838630 753127 812158 730068 837437 785875 805233 853756 827103 772010 869770 850000 774919 876641 894707 850941 872812 815966 853815 872812 809568 822800 851645 822253 861220 693542 715891 600083 630635 653682 680955 682642 716938 646607 615873 629682 651920 652150 636003 690652 658027 618466 651920 688840 680147 698140 708025 721803 723464 736003 734098 745185 524786 512250 615224 689638 652993 604152 571402 587282 664831 630714 560803 760263 809938
730616 485077 482597 421070 411096 420119 410122 390128 270185 380132 390512 381182 260768 331361 343657 373363 20000 0 564358 36056 36056 58310 70711 50990 78102 67082 67082 102956 90554 183848 120830 114018 110454 138924 143178 120000 140357 354683 382753 401622 485077 384838 412311 468188 389487 479270 399625 416773 451774 410488 460435 493964 726911 756637 739797 779295 818841 733485 792465 710634 817863 766551 785875 834326 807775 752861 850706 831925 755844 858662 876641 832166 853815 797120 834865 853815 790569 803617 832406 802808 841724 685420 706612 592368 621691 644127 671193 672309 707107 636318 605392 619112 641405 640703 624260 679559 646375 606053 637024 676240 667083 686003 696348 708378 710634 724224 722011 732462 514782 500000 601082 680000 644050 596154 560803 573847 651153 622415 550727 751532 799250
166433 350143 330151 317805 320156 298329 281603 287924 348281 310161 316228 328938 378021 348855 362491 351141 574543 564358 0 600333 581378 568595 632851 603738 641405 631348 604152 667308 648460 692604 684763 675352 657951 703278 702140 671193 693542 622013 625140 628013 638905 653758 657647 669403 682642 698570 702567 704557 710211 722496 756637 762955 736003 754321 758024 782432 808084 768440 804301 776981 840238 829277 840536 870057 860233 835284 918368 487647 511077 502195 521728 538516 573847 518941 555428 573847 527731 554707 581378 583095 617738 140357 145602 84853 70711 82462 107703 108167 143178 72111 42426 56569 78102 89443 82462 120416 98489 90554 199249 145602 151327 143178 144222 194165 180278 172047 174929 196977 50000 92195 152315 117047 90000 78102 14142 116619 160312 85440 14142 194165 236008
766616 512445 510882 450111 440114 450111 441022 421070 301496 410122 420000 410122 290000 360139 371214 401123 30000 36056 600333 0 40000 70000 36056 36056 42426 31623 58310 67082 60828 166433 85440 80623 85440 102956 110454 92195 110454 364005 392938 412311 498197 392173 420595 478017 393954 487032 402492 420476 456946 411825 461411 496488 743303 773175 755381 795110 834865 748131 807527 723671 831865 778781 798311 847231 820000 764003 861278 863134 784347 890056 907855 861626 882553 826378 863771 882553 819329 831685 860233 829699 868332 720902 742428 627694 657419 680000 707107 708308 743034 672309 641405 655134 677422 676757 660303 715612 682422 642028 672086 712180 702922 722011 732393 744110 746525 760263 758024 768375 550727 536004 636553 715891 679779 631585 596825 609590 686804 657951 586686 787210 835284
747061 517880 514782 452769 442832 450999 440114 420119 300167 411096 421900 413038 292746 363456 376563 406079 50000 36056 581378 40000 0 30000 72801 22361 76158 58310 31623 92195 67082 148661 106301 94340 80623 127279 120830 92195 114018 325730 354401 373631 458912 354683 382753 439659 357771 449444 367151 384708 420476 377359 427200 461411 703491 733348 715681 755381 795110 708590 767919 684471 792465 739797 759276 808084 781025 725328 822800 827647 746726 854751 872353 824621 845044 789240 826378 845044 781857 793788 822192 791202 829699 705762 724983 613514 640781 662118 688767 688840 724500 652993 621772 635295 657647 655134 638122 694622 660379 618547 643506 688186 678012 698928 710211 718401 722011 737835 734983 744043 532259 513128 609590 697782 663099 616847 577062 584123 660681 642573 567979 770779 814923
733485 523927 519711 457056 447214 453982 441814 421900 302655 414367 425793 417732 298329 368782 383275 412311 76158 58310 568595 70000 30000 0 101980 44721 104403 85440 36056 116619 84853 141421 128062 113137 89443 150000 136015 102956 125300 297321 325730 344819 429535 326956 354683 411096 331210 421545 341321 358469 393573 352278 402244 435660 673647 703491 685930 725603 765310 678970 738241 655134 762955 710634 730068 778781 751864 696419 794040 801311 718679 828553 845991 797057 817068 761577 798499 817068 753923 765506 793788 762430 800812 695701 713092 604401 629682 650000 676240 675426 711758 639766 608358 621691 644050 640078 622656 680000 644981 602080 622896 671193 660303 682642 694622 700000 704557 722011 718679 726705 520000 497393 590339 685420 651920 607289 563649 566127 642028 632456 555428 759605 800625
799250 530377 530000 470425 460435 471699 463897 444072 325576 431856 441022 430465 311448 380526 390000 420000 58310 70711 632851 36056 72801 101980 0 60000 10000 22361 80623 40000 56569 169706 60000 63246 84853 72801 92195 86023 98489 388330 417732 437379 524690 414849 443847 502195 414367 509608 421545 440114 477598 429535 478539 514782 771622 801561 783135 822982 862844 775242 834865 749667 858429 804114 823772 872983 845281 788543 885268 898944 819329 925905 943663 896939 917606 861626 898888 917606 854400 866487 894930 864002 902497 751532 774145 657951 688840 711969 739256 740945 775242 704911 674166 687968 710211 710282 694046 748866 716101 676240 707672 746525 737564 756042 766094 778974 781025 794040 792023 802808 583095 570088 671789 747930 711196 662118 629682 644438 721803 688767 619112 818413 868217
769415 536004 533385 471699 461736 470425 460000 440000 320000 430465 441022 431856 311448 382099 394588 424264 58310 50990 603738 36056 22361 44721 60000 0 60828 41231 22361 72111 44721 134164 84853 72111 60000 106301 98489 70711 92195 329848 359026 378550 465296 357351 386005 443847 358469 452217 366742 384838 421545 375899 425441 460652 711758 741687 723395 763217 803057 715681 775242 690507 799062 745252 764853 813941 786448 730068 827103 845991 763217 873212 890674 841724 861626 806226 843090 861626 798499 809938 838153 806536 844808 728011 747329 635689 663099 684471 711126 711196 746860 675352 644127 657647 680000 677422 660379 716938 682642 640703 664831 710282 700000 721110 732462 740270 744043 760066 757166 766094 554617 535350 631269 720139 685420 639062 599416 606053 682495 664831 590339 793095 837257
807775 540370 540000 480416 470425 481664 473814 453982 335410 441814 450999 440454 321403 390512 400000 430000 67082 78102 641405 42426 76158 104403 10000 60828 0 20000 80000 30000 50000 162788 50000 53852 78102 63246 82462 78102 89443 386394 415933 435660 523450 412311 441475 500100 411096 506952 417852 436578 474342 425441 474236 510784 771038 800999 782304 822192 862090 774145 833847 748131 857088 802309 822010 871321 843445 786448 882950 903549 822800 930591 948262 900777 921141 865390 902497 921141 857963 869770 898109 866833 905207 760592 782943 667083 697711 720694 747930 749466 783901 713442 682642 696419 718679 718471 702140 757166 724224 684105 714493 754321 745185 764003 774209 786448 788733 802122 800000 810555 591692 578014 678970 756637 720069 671193 638122 651920 729178 697782 627694 827345 876641
797559 541479 540370 480000 470000 480416 471699 451774 332415 440454 450111 440000 320156 390000 400500 430465 60828 67082 631348 31623 58310 85440 22361 41231 20000 0 60000 36056 36056 148661 53852 50000 64031 72111 80000 67082 82462 366742 396232 415933 503587 392938 422019 480521 392173 487647 399249 417852 455412 407185 456180 492443 751066 781025 762365 802247 842140 754255 813941 728354 837257 782624 802309 851587 823772 766877 863481 885889 804114 913017 930591 882383 902497 846936 883912 902497 839345 850941 879204 847703 886002 752396 773692 659242 688767 711196 738241 739256 774145 703278 672309 686003 708308 707248 690652 746257 712811 672012 700071 742024 732462 752130 762758 773369 776209 790569 788162 798123 581808 566127 665282 747061 711126 663099 627694 638905 715891 689420 617738 818596 866083
769220 549181 545894 483735 473814 481664 470425 450444 330606 441814 452769 444072 323883 394588 407922 437379 78102 67082 604152 58310 31623 36056 80623 22361 80000 60000 0 85440 50000 117047 94340 78102 53852 116619 100000 67082 89443 308058 337343 356931 444072 335261 364005 422019 336155 430116 344384 362491 399249 353553 403113 438292 691158 721110 702567 742428 782304 694622 754255 669104 777817 723671 743303 792465 764853 708308 805233 833547 748465 860930 878180 827647 846936 792023 828553 846936 783901 794796 822800 790569 828613 730548 748465 638905 664831 685420 711758 711126 747329 675426 644050 657419 679779 676018 658635 715891 680955 638122 658559 707248 696348 718679 730616 736003 740608 758024 754718 762758 555428 533385 626259 720902 687095 641950 599333 602163 678012 667308 590931 794796 836481
833547 570351 570000 510392 500400 511566 503587 483735 364966 471699 480937 470425 351283 420476 430000 460000 94868 102956 667308 67082 92195 116619 40000 72111 30000 36056 85440 0 40000 144222 20000 28284 63246 36056 53852 58310 64031 382099 411947 431856 520865 406079 435660 494975 402616 500100 408044 427200 465725 414367 462385 499800 770065 800062 780577 820549 860523 771622 831505 744312 853756 797621 817435 867006 838630 780897 876641 917878 833847 945145 962549 912853 932309 877268 913893 932309 869253 880227 908240 875957 913947 787909 809506 694622 724500 747061 774145 775242 810062 739256 708308 722011 744312 743303 726705 782304 748866 708025 735391 778010 768375 788162 798812 809197 812158 826620 824197 834086 617738 602163 700928 782943 746860 698570 663702 674759 751665 724983 653682 854283 902109
814125 573149 571402 510392 500400 510000 500400 480416 360555 470000 480104 470425 350143 420476 431856 461736 90554 90554 648460 60828 67082 84853 56569 44721 50000 36056 50000 40000 0 113137 44721 28284 28284 67082 53852 31623 50000 342345 372156 392046 480937 366742 396232 455412 364005 460977 370000 388973 427200 376962 425441 462385 730068 760066 740608 780577 820549 731710 791581 704557 813941 758024 777817 827345 799062 741485 837437 883233 797057 910659 927847 876641 895545 840952 877268 895545 832586 843090 870919 838153 875957 772528 792023 680074 707743 729178 755844 755910 791581 720069 688840 702353 724707 722011 704911 761577 727186 685055 707672 754520 744043 765506 776981 784092 788162 804550 801561 810247 599333 579828 674759 764853 730068 683520 644127 650000 726223 709366 635059 837735 881930
854400 664906 660984 598415 588558 595399 583095 563205 444072 555788 567186 559017 439318 509902 523927 553173 192354 183848 692604 166433 148661 141421 169706 134164 162788 148661 117047 144222 113137 0 134164 116619 84853 148661 104403 86023 85440 263059 292746 312570 403113 280179 310161 370135 270740 370540 272947 292746 332415 276586 322800 361386 653758 683593 661891 701783 741687 650692 710634 620000 730000 670671 690652 740608 711126 651920 745453 862148 763217 890225 906035 845991 860930 809938 843801 860930 799250 806226 832406 796053 831925 824621 838153 735459 756902 774919 800062 797120 834865 762168 730548 743303 765506 757694 739256 798499 761577 715891 721110 782624 769415 796241 810247 806226 814125 836720 831925 836481 645600 614654 694622 809568 778845 737564 686222 675352 747930 761577 680074 886002 919239
850882 590339 590000 530377 520384 531507 523450 503587 384708 491630 500899 490408 371214 440454 450000 480000 114018 120830 684763 85440 106301 128062 60000 84853 50000 53852 94340 20000 44721 134164 0 20000 60000 22361 36056 50990 50000 380526 410488 430465 520096 403113 432897 492544 398121 496488 402616 422019 460977 408044 455412 493356 770065 800062 780064 820061 860058 770584 830542 742428 852115 795110 814985 864696 836002 777817 872983 927847 841724 955249 972471 921358 940213 885664 921954 940213 877268 887694 915478 882553 920272 806226 827345 713092 742496 764788 791770 792591 827647 756637 725603 739256 761577 760066 743303 799250 765506 724224 749667 794040 784092 804487 815414 824621 828010 843149 840536 850000 635295 618547 715891 800625 764853 716938 680955 690290 766942 743236 671193 872353 919239
841190 591354 590339 530000 520000 530377 521536 501597 382099 490408 500100 490000 370135 440000 450444 480416 110454 114018 675352 80623 94340 113137 63246 72111 53852 50000 78102 28284 28284 116619 20000 0 40000 41231 30000 31623 36056 360555 390512 410488 500100 383275 413038 472652 378550 476760 383275 402616 441475 388973 436578 474342 750067 780064 760066 800062 840060 750600 810555 722496 832166 775242 795110 844808 816149 758024 853288 910659 823468 938136 955249 903383 921954 867640 903770 921954 859069 869253 896939 863771 901388 798499 818596 705762 734098 755844 782624 782943 818413 747061 715891 729452 751798 749466 732462 788923 754718 712811 735935 782368 772010 793221 804550 812158 816088 832166 829277 838153 626099 607454 702922 791581 756439 709366 671193 678012 754321 735391 661891 864060 909175
822922 595399 593043 531507 521536 530377 520000 500000 380000 490408 500899 491630 371214 441814 453982 483735 114018 110454 657951 85440 80623 89443 84853 60000 78102 64031 53852 63246 28284 84853 60000 40000 0 80623 50000 14142 36056 320624 350571 370540 460109 343657 373363 432897 339559 437379 344819 364005 402616 351141 399249 436578 710070 740068 720069 760066 800062 710634 770584 682642 792275 735527 755381 805047 776466 718471 813941 876641 787210 904268 921141 867698 885664 831865 867640 885664 822922 832586 860058 826378 863771 784347 802309 692604 718679 739256 765572 764853 801124 729178 697782 711126 733485 729452 711969 769415 734302 691158 709366 760066 748866 771751 783901 788162 793221 811234 807775 815414 609262 586686 678012 774726 740945 695701 653070 654599 730068 721110 644748 848646 890056
869540 600000 600333 541479 531507 543323 536004 516236 398121 503587 512445 501597 383275 451774 460435 490408 130000 138924 703278 102956 127279 150000 72801 106301 63246 72111 116619 36056 67082 148661 22361 41231 80623 0 44721 70000 63246 400125 430116 450111 540000 421900 451774 511566 415933 514782 419762 439318 478539 424500 471275 509608 790253 820244 800000 840000 880000 790253 850235 761643 871436 813941 833847 883629 854751 796304 891067 950158 864060 977548 994786 943716 962549 908020 944299 962549 899611 910000 937763 904765 942444 823468 845340 730068 760263 782943 810062 811234 845991 775242 744312 758024 780320 779359 762758 818352 784920 744043 770779 814002 804301 824197 834865 845044 848116 862670 860233 870057 653682 638201 736614 818841 782624 734098 699714 710634 787464 760592 689638 890000 938136
867698 621289 620322 560000 550000 560357 551453 531507 411947 520384 530094 520000 400125 470000 480416 510392 140357 143178 702140 110454 120830 136015 92195 98489 82462 80000 100000 53852 53852 104403 36056 30000 50000 44721 0 36056 20000 360139 390128 410122 500400 380526 410488 470425 373363 472652 376563 396232 435660 380789 427200 465725 751066 781025 760263 800250 840238 750000 810000 720625 830542 772334 792275 842140 813019 754255 848528 926499 836301 954149 970979 917061 934719 881192 916788 934719 872067 881419 908735 874643 911811 826378 845813 733894 761577 782943 809568 809506 845281 773692 742428 755910 778267 775242 758024 814923 780320 737835 758222 807094 796304 818352 830060 836002 840536 857555 854400 862670 653070 632851 726223 818596 783901 737360 697711 702140 778010 763217 688767 891572 935361
836301 604070 602080 540833 530848 540093 530094 510098 390128 500100 510392 500899 380526 450999 462709 492544 121655 120000 671193 92195 92195 102956 86023 70711 78102 67082 67082 58310 31623 86023 50990 31623 14142 70000 36056 0 22361 330151 360139 380132 470000 352278 382099 441814 347131 445533 351710 371080 410000 357351 404969 442719 720278 750267 730000 770000 810000 720278 780256 691809 801561 744312 764199 813941 785175 726911 822010 890449 800562 918096 934933 881192 898999 845340 881022 898999 836301 845813 873212 839345 876641 797120 815414 705195 731642 752396 778781 778203 814371 742496 711126 724500 746860 743034 725603 782943 747930 704911 723464 773886 762758 785493 797559 802122 807094 824924 821523 829277 622415 600333 692026 787909 753923 708378 666408 668506 744043 733894 657951 861626 903549
858662 622896 621289 560357 550364 560000 550364 530377 410488 520000 530094 520384 400125 470425 481664 511566 140357 140357 693542 110454 114018 125300 98489 92195 89443 82462 89443 64031 50000 85440 50000 36056 36056 63246 20000 22361 0 340147 370135 390128 480416 360555 390512 450444 353553 452769 356931 376563 415933 361386 408044 446430 731095 761052 740270 780256 820244 730000 790000 700643 810555 752396 772334 822192 793095 734370 828734 909725 818413 937443 954149 899444 916788 863539 898944 916788 854225 863308 890505 856154 893197 819329 837735 727324 753923 774726 801124 800562 836720 764853 733485 746860 769220 765376 747930 805295 770260 727186 745185 796116 784920 807775 819878 824197 829277 847231 843801 851469 644748 622656 714003 810247 776209 730548 688767 690652 766094 756108 680294 883912 925905
761052 729452 718679 657343 648999 646607 627694 610574 512250 612944 626817 624260 524023 584123 604401 628013 373363 354683 622013 364005 325730 297321 388330 329848 386394 366742 308058 382099 342345 263059 380526 360555 320624 400125 360139 330151 340147 0 30000 50000 140357 36056 58310 114018 60828 125300 80623 85440 106301 100499 139284 158114 391152 421070 400125 440114 480104 390128 450111 362215 471699 415933 435660 485077 457056 400250 497293 645368 530754 673573 686804 615549 624820 580000 609590 624820 566392 568507 592030 552178 585235 762365 760066 688840 692604 700643 720069 710070 750067 680074 650308 660076 680000 660681 640703 701142 661211 611310 577235 666108 647765 684690 703491 674685 690507 725603 717008 711969 585491 530848 567186 730068 711758 687314 611310 562228 619839 704557 612944 810062 814985
760066 746324 734983 674240 666108 662873 643506 626817 531507 630079 644050 642028 544518 603075 623699 646607 401622 382753 625140 392938 354401 325730 417732 359026 415933 396232 337343 411947 372156 292746 410488 390512 350571 430116 390128 360139 370135 30000 0 20000 110454 31623 36056 85440 63246 100000 82462 80000 89443 101980 131529 143178 361248 391152 370135 410122 450111 360139 420119 332415 441814 386394 406079 455412 427551 371080 468402 626259 509117 654370 667083 593970 602080 558659 587282 602080 544518 545619 568507 528015 560357 765310 761052 694262 695845 702567 721110 710282 750267 681175 651920 661211 680661 660000 640000 700071 660076 610082 570701 662722 643817 681836 701142 669104 685930 722496 713442 707107 590339 533385 563205 731095 714493 692315 614003 560357 615224 708590 616604 810987 812219
760066 758024 746324 686003 678012 674240 654599 638201 544885 642028 656049 654370 558659 616198 637024 659469 420595 401622 628013 412311 373631 344819 437379 378550 435660 415933 356931 431856 392046 312570 430465 410488 370540 450111 410122 380132 390128 50000 20000 0 90554 42426 30000 67082 72111 84853 89443 82462 82462 107703 130000 136015 341321 371214 350143 390128 430116 340147 400125 312570 421900 366742 386394 435660 407922 351710 449222 614003 495177 642028 654370 580000 587282 544885 572800 587282 530377 530754 553173 512250 544059 767919 762365 698570 698713 704557 722496 711126 751066 682642 653758 662722 681836 660303 640312 700071 660076 610082 567186 661211 641950 680661 700286 666108 683593 721110 711758 704557 594390 536004 561427 732462 717008 696348 616604 560000 612944 711969 619839 812219 810987
756637 807217 793977 735935 728629 722496 701783 686804 603075 693109 707248 707107 620081 672681 694262 714493 504480 485077 638905 498197 458912 429535 524690 465296 523450 503587 444072 520865 480937 403113 520096 500100 460109 540000 500400 470000 480416 140357 110454 90554 0 126491 98489 50000 147648 76158 158114 142127 114018 170294 166433 148661 250799 280713 260000 300000 340000 250799 310644 225610 333766 281603 300832 349285 322800 269258 367696 555698 430116 583095 593633 514004 517397 480104 504480 517397 464004 460977 481041 438406 467547 776209 764853 715122 708802 710634 725672 711969 751332 686586 659697 667083 684471 659242 639531 697209 657647 608276 550000 651920 631269 672681 693542 650000 670298 711758 701142 690072 610983 547083 552268 735459 725328 711688 626418 557315 600750 724224 632456 813941 801561
790253 765506 754718 693397 685055 682642 663702 646607 548179 648999 662873 660303 559732 620081 640312 664003 403113 384838 653758 392173 354683 326956 414849 357351 412311 392938 335261 406079 366742 280179 403113 383275 343657 421900 380526 352278 360555 36056 31623 42426 126491 0 30000 90000 31623 94868 50990 50990 70711 70711 104403 122066 374833 404475 382099 421900 461736 370540 430465 340147 450111 392046 411947 461736 432897 374833 470744 656049 537587 684105 696563 622415 629682 587282 615224 629682 572800 573149 595483 554437 586003 794040 790569 721803 724431 731710 750600 740068 780064 710634 681175 690652 710282 690072 670075 730274 690290 640312 602080 693542 674759 712531 731710 700357 717008 753260 744312 738241 618142 562228 594138 760592 743303 720069 642806 590762 646297 736817 644981 840536 842912
790063 782368 771038 710282 702140 698928 679559 662873 567274 666108 680074 678012 580000 638905 659469 682495 430813 412311 657647 420595 382753 354683 443847 386005 441475 422019 364005 435660 396232 310161 432897 413038 373363 451774 410488 382099 390512 58310 36056 30000 98489 30000 0 60000 50000 67082 64031 53852 53852 80623 100000 107703 345254 374833 352278 392046 431856 340588 400500 310161 420119 362215 382099 431856 403113 345254 441475 638201 517397 666108 678012 602080 608112 567274 594138 608112 552268 551543 573149 531507 562228 797621 792275 727805 728354 734370 752396 741080 781025 712531 683593 692604 711758 690290 670298 730068 690072 640078 596825 691158 671863 710634 730274 695845 713442 751066 741687 734370 623699 565685 591354 762365 746726 725672 646297 590000 642806 741485 649384 842140 840952
793095 818352 806040 746525 738783 734098 714003 698140 608112 702922 717008 715891 622896 678970 700071 721803 487032 468188 669403 478017 439659 411096 502195 443847 500100 480521 422019 494975 455412 370135 492544 472652 432897 511566 470425 441814 450444 114018 85440 67082 50000 90000 60000 0 104403 30000 111803 94340 64031 122066 116619 101980 286356 315753 292746 332415 372156 280713 340588 250200 360139 302655 322490 372156 343657 286356 383275 605392 480104 632851 643506 564004 567274 530094 554437 567274 514004 510882 530754 487955 516624 808084 799062 743303 739797 743303 759539 746726 786384 720069 692315 700357 718471 694622 674759 733348 693542 643817 590762 690290 670075 710634 731095 690652 710070 750267 740068 730274 638905 577235 590339 769415 757100 740405 657343 593043 640000 754321 662193 848528 840238
820549 785493 775242 713442 704911 703278 684763 667308 566127 668880 682642 679559 576281 638201 658027 682422 407063 389487 682642 393954 357771 331210 414367 358469 411096 392173 336155 402616 364005 270740 398121 378550 339559 415933 373363 347131 353553 60828 63246 72111 147648 31623 50000 104403 0 100000 20000 28284 63246 40000 80623 106301 390512 419762 396232 435660 475184 383275 442832 350571 460435 400125 420119 470106 440454 381182 475184 686003 566392 714003 726223 651153 657647 616198 643506 657647 601415 601082 622896 581378 612209 822982 820244 749667 753260 761052 780256 770000 810000 740270 710634 720278 740068 720278 700286 760592 720625 670671 633482 724431 705762 743303 762365 731642 748131 784092 775242 769415 646297 591354 625140 790253 772334 748131 671863 621289 677422 765310 673647 870230 873670
822982 842021 830060 770065 762168 758024 738173 722011 629682 726223 740270 738783 643506 700928 721803 744110 497695 479270 698570 487032 449444 421545 509608 452217 506952 487647 430116 500100 460977 370540 496488 476760 437379 514782 472652 445533 452769 125300 100000 84853 76158 94868 67082 30000 100000 0 101980 82462 44721 107703 92195 72801 294109 322800 298329 337343 376563 284429 343657 250799 360555 300167 320156 370135 340588 281603 376563 631348 504777 658635 668880 588218 590339 554707 578014 590339 538238 534135 553173 509902 537401 837437 828734 772010 769025 772787 789177 776466 816149 749667 721803 729932 748131 724431 704557 763217 723395 673647 620725 720278 700071 740608 761052 720625 740068 780256 770065 760263 667608 606383 620322 799062 786448 769220 686586 622896 670000 783390 691231 878237 870230
840536 802621 792591 730616 722011 720694 702353 684763 582495 686003 699714 696419 592030 654599 674240 698928 416773 399625 702567 402492 367151 341321 421545 366742 417852 399249 344384 408044 370000 272947 402616 383275 344819 419762 376563 351710 356931 80623 82462 89443 158114 50990 64031 111803 20000 101980 0 20000 60000 20000 64031 94340 395601 424500 400250 439318 478539 386394 445533 352278 461736 400125 420119 470106 440000 380132 472652 702140 581378 730068 742024 666033 671789 631269 657951 671789 616198 615224 636553 594643 624820 842912 840238 769415 773175 781025 800250 790000 830000 760263 730616 740270 760066 740270 720278 780577 740608 690652 653070 744312 725603 763217 782304 751332 767919 803990 795110 789177 666108 611310 644981 810247 792275 767919 691809 641249 697209 785175 693542 890225 893588
