NAME : CMT2Y
COMMENT : Salhi-Nagy 1999 Y-split of CMT2 (r=min(x/y,y/x)), n_cust=75
TYPE : VRPSPD
DIMENSION : 76
CAPACITY : 140
EDGE_WEIGHT_TYPE : EXPLICIT
EDGE_WEIGHT_FORMAT : FULL_MATRIX
EDGE_WEIGHT_SECTION
0 254558 145602 196469 70711 250000 92195 141421 158114 236008 260000 291548 120830 225610 278029 272029 194165 80623 348855 234094 367696 272947 304138 313847 331361 332415 60828 161555 245153 184391 143178 371080 222036 178045 100000 180278 331059 320156 269258 223607 141421 362353 360694 318904 206155 141421 111803 269258 206155 280713 296816 110454 141421 226716 270185 424264 371618 281780 200000 384187 432666 342345 223607 223607 430116 316228 362353 53852 72801 373631 412311 398246 206155 206155 200000 30000
254558 0 145602 230217 264197 330606 162788 395980 402244 372156 475395 542033 317805 420595 531507 400500 140357 245967 364005 477074 447214 237697 98489 125300 258070 422966 306105 351141 143178 302655 213776 547449 310000 80623 332866 432782 341760 386394 506063 388330 291204 111803 106301 67082 260192 291204 352278 288617 260192 188680 347131 183848 357771 481041 488467 494773 162788 432897 420476 637809 456946 212603 82462 82462 183848 555698 610328 304795 194165 332866 461736 407185 401622 53852 181108 234307
145602 145602 0 242074 127279 199249 85440 277849 268701 344819 401995 433820 250200 275136 404599 260768 180278 182483 403609 340588 323110 152643 164012 250799 336155 424853 206155 206155 100499 160000 70000 502494 304138 104403 197990 306105 240832 264008 414849 345254 247386 256320 241868 211896 266271 145602 219317 178045 130000 268328 366197 147648 216333 363593 344384 511077 300167 290172 342345 509902 356090 200000 84853 164924 296985 461736 505668 183576 72801 260768 349857 311448 340147 92195 72111 117047
196469 230217 242074 0 260000 422019 162788 294279 340000 148661 283196 394462 152315 422019 427200 460652 90000 120416 162788 411096 546443 394081 323883 197231 141421 194165 200250 357351 322025 363593 290689 325730 80623 167631 294279 343657 481041 492037 334215 174929 102956 294109 315753 264764 30000 326497 301496 417253 361248 114018 125300 100000 337343 360555 461736 273130 250000 475395 242074 525547 594138 417852 265707 150333 404475 382884 450000 241868 208087 502195 582580 551725 205183 218403 314006 206155
70711 264197 127279 260000 0 180278 120416 158114 141421 306105 314006 316228 188680 170000 278029 202485 240208 150000 416773 214009 296985 220227 290689 347131 388330 403113 117047 100499 214709 114018 92195 433244 292062 199249 70711 180278 265707 250000 310644 291548 212132 375899 366197 331210 272947 70711 92195 206155 143178 331361 366197 164924 94868 241661 228035 494975 402616 215407 254951 382884 363593 303645 212132 254951 424264 353553 388973 70000 72801 314006 342053 331059 269258 210950 158114 53852
250000 330606 199249 422019 180278 0 260768 304138 250000 486004 483839 450000 368917 165529 376563 80623 375766 325576 584123 288617 125300 130384 298329 447214 532259 581378 295296 140000 203961 67082 134164 609262 466690 303645 206155 300000 100499 70711 466905 471699 390512 431045 404475 390128 440454 111803 223607 70711 70711 466154 538145 322025 180278 370000 241868 672681 492544 122066 427200 464866 183576 236008 250000 364005 427200 502494 520384 241661 214009 167631 162788 155242 447214 282843 150000 226716
92195 162788 85440 162788 120416 260768 0 233452 245967 259615 327567 380132 171172 290172 370135 306757 121655 100000 325576 322025 385876 237065 221359 228035 275136 340000 144222 220000 181108 206155 128062 420476 219545 86023 180278 272029 318904 330151 349285 261725 162788 270185 269072 226716 184391 174642 196977 254951 198494 213776 284253 64031 213776 318277 347131 427200 284605 327567 269258 476340 431393 281603 143178 136015 341321 398121 449444 144222 50990 344819 420119 389487 260768 116619 156525 76158
141421 395980 277849 294279 158114 304138 233452 0 70711 256320 188680 158114 150333 192094 138924 286356 322025 180278 414367 121655 393954 374833 441022 447772 435660 358469 98489 167631 371618 240832 250000 322025 281603 318904 100000 50000 401995 364005 162788 223607 200000 503289 502096 460109 290689 200000 80623 350000 290689 398497 355106 237065 126491 86023 192354 447214 506063 274591 141421 244131 480833 461736 360555 360555 570088 200000 230868 94340 208087 460000 449444 458912 180278 347131 316228 164012
158114 402244 268701 340000 141421 250000 245967 70711 0 322025 258070 200000 208806 122066 138924 221359 351710 220227 472969 76158 328938 338378 431856 471699 480416 424853 140357 110000 352278 192354 224722 392046 339559 331210 70711 50000 350143 304138 224722 291548 254951 513128 506063 468722 341321 158114 50000 304138 250000 435660 414849 266833 70711 120000 126491 514782 529245 205913 212132 242074 419762 433820 353553 380789 565685 254951 270740 104403 208087 413038 386005 401995 250000 350000 291548 170000
236008 372156 344819 148661 306105 486004 259615 256320 322025 0 156525 296142 120416 432666 360555 502096 235372 165529 172627 376431 602080 493964 460000 344384 248395 102956 198494 382884 439318 420119 371214 177200 72111 300000 306105 303645 564358 556058 221359 41231 98489 442719 463249 412311 120830 376431 302324 501199 439090 252389 114018 202237 350000 290689 447772 194165 394462 504480 140357 442832 668506 539351 392046 296142 551090 264008 336155 254951 286356 600083 648151 632851 90554 350143 414367 260768
260000 475395 401995 283196 314006 483839 327567 188680 258070 156525 0 150333 158114 380132 237697 474131 355106 230868 325730 284253 581378 531507 548179 478017 402244 230868 200250 353412 502494 417612 401123 134536 222036 395601 278568 219317 577235 547814 70000 116619 188680 564358 576975 527731 261725 373631 264008 519711 457056 395980 269258 291548 313050 174929 367967 302655 532635 463249 60000 300666 664831 601332 470744 411825 659242 107703 180278 245153 330606 628013 635610 638905 78102 439659 460000 290000
291548 542033 433820 394462 316228 450000 380132 158114 200000 296142 150333 0 244131 308058 106301 415933 446878 304138 468722 183848 521728 531507 595399 574891 528015 380132 236008 310000 529245 391152 408044 264008 351141 462277 254951 150000 550091 502494 80623 254951 291548 644438 648151 603075 380132 353553 233452 502494 445533 507740 410000 367696 270185 80000 268328 452769 632535 392938 158114 150333 616604 619839 514782 494975 721110 70711 72801 250799 362353 612046 580517 601332 206155 496488 474342 317648
120830 317805 250200 152315 188680 368917 171172 150333 208806 120416 158114 244131 0 313847 276586 381838 205183 72801 264764 271662 482701 390512 390512 332415 291204 222036 78102 262488 350000 302324 262488 253180 131529 237697 186011 200250 451885 438292 192094 102956 50990 410488 420595 372156 143178 258070 183576 390000 326956 264197 206155 134164 230217 208806 335261 314006 389487 384187 102956 373363 552268 450111 314006 258070 501597 242074 304138 134536 182483 493356 530094 518845 90000 281603 314006 148661
225610 420595 275136 422019 170000 165529 290172 192094 122066 432666 380132 308058 313847 0 220000 110000 410122 303645 570088 130000 213776 284253 421900 514782 555788 535350 237065 70711 330151 134536 210238 514004 438634 364966 130000 165529 262488 200998 344384 406079 353412 531413 514782 487032 430116 130000 130384 233238 197990 500899 514782 332415 85440 230868 78102 626817 568859 85440 333017 300832 310644 389487 353412 422966 557584 370000 373363 183848 240832 332415 272947 301496 367967 366879 266271 220907
278029 531507 404599 427200 278029 376563 370135 138924 138924 360555 237697 106301 276586 220000 0 330000 460652 317805 530094 90000 431856 475395 568507 586686 567539 455412 237065 240416 490918 325730 363593 363593 401995 456070 208087 98995 476760 420476 174929 321403 327567 640312 637024 596657 419762 295466 186011 436807 386264 534883 470106 375899 206155 70000 167631 536004 644981 301496 222036 106301 530377 572451 489183 499300 700928 176918 158114 226716 339411 543415 491630 520865 271662 481041 430465 297321
272029 400500 260768 460652 202485 80623 306757 286356 221359 502096 474131 415933 381838 110000 330000 0 427200 352278 619112 240000 107703 210950 376431 511566 581893 602080 304138 122066 281603 101980 191050 605392 494065 363456 200000 269258 161245 92195 445982 481664 412311 504876 480521 462709 475079 134164 210950 150000 143178 519230 568595 362491 161245 337343 177200 694262 560089 42426 421900 407922 200998 316228 322490 424264 506952 475395 482597 247588 256320 233238 164924 192354 450000 350000 223607 255539
194165 140357 180278 90000 240208 375766 121655 322025 351710 235372 355106 446878 205183 410122 460652 427200 0 144222 233238 427200 500899 325269 235372 128062 156525 282843 223607 340588 244131 325730 241661 412311 170294 86023 292746 367696 420119 442945 396989 256320 166433 210238 228035 177200 120000 296142 305941 358050 308869 92195 208806 85440 330606 399625 462709 357351 186011 449110 306105 564358 536004 335410 183576 60828 315753 446878 509117 247386 172627 431856 530000 490408 277849 134164 248395 190263
80623 245967 182483 120416 150000 325576 100000 180278 220227 165529 230868 304138 72801 303645 317805 352278 144222 0 268328 292746 445982 328938 317805 272029 260192 256125 82462 241661 280713 261725 205913 320624 142127 165529 174642 228035 399625 396232 260768 162788 67082 342053 349857 302324 126491 220227 181108 336155 274591 218403 216333 64031 218403 255539 341321 347131 330151 362353 174642 420595 506063 381182 241868 191050 429535 310644 368782 121655 120830 434626 488365 468722 161245 208806 250000 98995
348855 364005 403609 162788 416773 584123 325576 414367 472969 172627 325730 468722 264764 570088 530094 619112 233238 268328 0 536004 708025 554437 462385 280713 131529 113137 335261 509902 477074 524309 453431 297321 133417 319061 440114 463897 643506 654370 392938 213776 218403 391152 424264 376563 144222 485489 442719 579828 524023 182483 60000 262488 484665 460109 599083 140357 311448 630635 312570 615224 756902 568243 416773 282312 513517 433244 505964 386264 370135 662193 745185 714213 263059 367151 475079 363593
234094 477074 340588 411096 214009 288617 322025 121655 76158 376431 284253 183848 271662 130000 90000 240000 427200 292746 536004 0 342345 393573 502096 547814 552268 477598 210950 156525 418688 241661 290689 417732 403113 407063 144222 72801 388330 330606 234307 341760 320624 588303 580086 543783 410000 216333 125300 351141 304138 509902 476760 342053 128062 114018 86023 564624 605392 212132 250599 178885 440454 493964 425206 456946 637024 250599 245153 180278 283019 456070 401995 431045 295466 424382 356090 245967
367696 447214 323110 546443 296985 125300 385876 393954 328938 602080 581378 521728 482701 213776 431856 107703 500899 445982 708025 342345 0 220227 400125 567539 657419 700071 406079 228254 310644 184391 259422 711969 587963 427200 305287 376431 126491 60828 553624 584123 509117 540833 510000 502494 564004 226274 317648 160312 193132 590931 660681 446542 268328 443847 270185 791960 610000 130384 528394 501597 101980 310483 364966 487032 517880 582409 586941 350000 338378 188680 60000 114018 554707 402616 266833 347131
272947 237697 152643 394081 220227 130384 237065 374833 338378 493964 531507 531507 390512 284253 475395 210950 325269 328938 554437 393573 220227 0 180000 362491 476340 577062 331361 237065 94868 152643 130384 643273 456508 240832 276586 386005 104403 161245 530848 490408 395601 322490 290172 286356 418808 180278 298329 63246 89443 406079 518652 300167 269258 453542 362353 663702 398497 252389 471699 572451 219317 106301 156525 294109 300832 573149 604152 290172 208806 108167 225610 170000 478539 202485 80623 243311
304138 98489 164012 323883 290689 298329 221359 441022 431856 460000 548179 595399 390512 421900 568507 376431 235372 317805 462385 502096 400125 180000 0 212132 355106 517880 362491 358050 94868 290689 214009 631981 401995 160000 361248 470106 281603 340588 570088 471699 372156 145602 110454 116619 353553 294109 382884 240832 234094 286531 443847 261725 375366 526972 496488 592030 233238 414367 490408 673573 390512 122066 80623 180278 136015 618466 666483 346699 233238 256320 403113 339559 478539 110454 156525 277849
313847 125300 250799 197231 347131 447214 228035 447772 471699 344384 478017 574891 332415 514782 586686 511566 128062 272029 280713 547814 567539 362491 212132 0 155242 364966 349857 444072 268328 410488 320624 520000 273130 150333 408044 491935 466154 506952 523450 372156 290689 110454 145602 102956 223607 390512 423792 411096 376563 100499 282843 210950 441475 526972 574891 420119 58310 540093 431856 691158 581808 333017 206155 92195 233452 573149 636553 367696 274591 457930 585235 532259 400000 164924 300832 303645
331361 258070 336155 141421 388330 532259 275136 435660 480416 248395 402244 528015 291204 555788 567539 581893 156525 260192 131529 552268 657419 476340 355106 155242 0 232594 341321 488365 388973 481041 398121 408044 180278 236008 431045 485077 574282 599416 461411 286007 240416 264764 300832 256320 148661 449222 440114 513128 465296 70711 152643 223607 472652 500000 600333 271662 180278 601664 371214 664078 690652 470106 325269 183848 388330 507740 578014 380132 325730 580517 686003 644050 327567 275862 402244 335410
332415 422966 424853 194165 403113 581378 340000 358469 424853 102956 230868 380132 222036 535350 455412 602080 282843 256125 113137 477598 700071 577062 517880 364966 232594 0 300000 484149 512640 516624 460435 184391 120830 361386 408044 404969 654599 651920 300666 136015 191050 472652 500400 450111 164924 473814 404969 590762 530094 264764 82462 277308 452217 386394 550364 92195 405216 606053 233452 530000 762168 610328 458803 341321 590339 335410 407922 356090 374433 684763 744110 724224 184391 412311 496488 354683
60828 306105 206155 200250 117047 295296 144222 98489 140357 198494 200250 236008 78102 237065 237065 304138 223607 82462 335261 210950 406079 331361 362491 349857 341321 300000 0 184391 305941 228254 200998 316228 202485 226716 108167 145602 382753 363593 208806 178045 117047 410122 412311 367967 200998 183576 107703 322800 259615 300832 278568 138924 152643 178045 264764 392046 408167 306105 140357 341321 478853 403113 282312 264008 485489 256320 305287 56569 133417 429535 454863 447772 152315 260768 260192 90554
161555 351141 206155 357351 100499 140000 220000 167631 110000 382884 353412 310000 262488 70711 240416 122066 340588 241661 509902 156525 228254 237065 358050 444072 488365 484149 184391 0 269072 85440 144222 483735 380789 294279 78102 160000 240208 196469 329848 360694 296816 462385 447214 417852 367696 64031 89443 196469 147648 431856 456508 264764 41231 230000 138924 576281 498197 122066 300167 335410 313209 338378 286531 352278 494065 363456 380526 128062 170294 304138 282312 292746 328024 297321 205183 152971
245153 143178 100499 322025 214709 203961 181108 371618 352278 439318 502494 529245 350000 330151 490918 281603 244131 280713 477074 418688 310644 94868 94868 268328 388973 512640 305941 269072 0 197231 128062 601332 392173 158114 283019 394462 199249 250200 514198 442832 343657 230217 200998 192354 349285 205183 305287 150333 139284 318277 447214 237697 290689 456180 406079 595063 303645 319531 442832 594054 313847 100499 64031 205183 228254 560446 601664 278568 172627 192094 320156 264008 440000 113137 64031 215870
184391 302655 160000 363593 114018 67082 206155 240832 192354 420119 417612 391152 302324 134536 325730 101980 325730 261725 524309 241661 184391 152643 290689 410488 481041 516624 228254 85440 197231 0 90000 542310 403609 261725 141421 241868 161245 136015 403113 404969 325576 410000 388973 366742 380132 44721 160312 111803 64031 417612 476340 264197 121655 311448 212132 608276 460109 130384 360555 420476 250599 256125 228035 322490 425441 440454 462709 174642 156525 220907 228035 221359 380132 250799 134164 162788
143178 213776 70000 290689 92195 134164 128062 250000 224722 371214 401123 408044 262488 210238 363593 191050 241661 205913 453431 290689 259422 130384 214009 320624 398121 460435 200998 144222 128062 90000 0 514198 342053 172627 156525 268328 194165 202485 401995 364005 272947 322800 304631 278927 311127 80623 178885 130384 70711 332415 410366 191050 162788 332415 283019 550000 370135 220227 341321 466154 304138 211896 143178 233452 350000 445533 480833 161245 86023 230868 292062 264008 349285 161245 67082 114018
371080 547449 502494 325730 433244 609262 420476 322025 392046 177200 134536 264008 253180 514004 363593 605392 412311 320624 297321 417732 711969 643273 631981 520000 408044 184391 316228 483735 601332 542310 514198 0 246982 472652 407063 353836 698928 675426 188680 160312 260192 619839 640312 589406 297321 497695 394462 638905 575674 424853 256125 370540 444185 306105 502096 218403 567979 596406 183576 408044 792023 701783 560089 472969 727805 199249 263059 367696 435660 744648 764788 763217 164924 521536 567186 400250
222036 310000 304138 80623 292062 466690 219545 281603 339559 72111 222036 351141 131529 438634 401995 494065 170294 142127 133417 403113 587963 456508 401995 273130 180278 120830 202485 380789 392173 403609 342053 246982 0 243311 308707 331361 536004 537401 281780 106301 85440 373631 396232 345254 50990 362353 310161 472017 412311 180278 76158 156525 353412 332415 465725 208087 322490 502494 193132 492443 645368 490408 339559 230868 485077 327567 398246 254951 256125 564358 629365 606053 147648 294279 375899 240832
178045 80623 104403 167631 199249 303645 86023 318904 331210 300000 395601 462277 237697 364966 456070 363456 86023 165529 319061 407063 427200 240832 160000 150333 236008 361386 226716 294279 158114 261725 172627 472652 243311 0 264008 358050 338378 367696 425441 312570 213776 184391 186011 141421 196469 240208 281780 277849 234094 166433 291548 104403 294109 403113 427200 440114 203961 390512 340147 562228 454863 250799 98489 60828 264008 475079 530094 230217 126491 346554 451774 408044 322800 50990 166433 161245
100000 332866 197990 294279 70711 206155 180278 100000 70711 306105 278568 254951 186011 130000 208087 200000 292746 174642 440114 144222 305287 276586 361248 408044 431045 408044 108167 78102 283019 141421 156525 407063 308707 264008 0 111803 302655 269258 261725 282843 223607 444185 436005 399625 300832 100000 22361 250000 191050 380526 384838 210238 44721 177200 170294 500000 464866 198494 223607 312410 386264 367696 282843 316228 494975 300000 327567 53852 138924 360000 357771 361386 250000 280179 223607 104403
180278 432782 306105 343657 180278 300000 272029 50000 50000 303645 219317 150000 200250 165529 98995 269258 367696 228035 463897 72801 376431 386005 470106 491935 485077 404969 145602 160000 394462 241868 268328 353836 331361 358050 111803 0 400125 353553 178885 269258 250000 542033 538145 498197 340588 206155 89443 353553 298329 446430 404475 282312 120416 70000 150000 492443 550091 250799 180278 205183 468722 479270 390512 403113 602080 206155 220907 128062 240416 462709 434166 451774 223607 382099 335410 198494
331059 341760 240832 481041 265707 100499 318904 401995 350143 564358 577235 550091 451885 262488 476760 161245 420119 399625 643506 388330 126491 104403 281603 466154 574282 654599 382753 240208 199249 161245 194165 698928 536004 338378 302655 400125 0 78102 564358 554617 466476 425793 392046 390512 503289 203961 321403 64031 125300 504777 603075 382884 280000 470106 336155 744043 502892 202485 519230 563205 116619 184391 260000 394462 393192 601332 620725 332415 280179 72111 121655 70711 534883 304138 172047 304138
320156 386394 264008 492037 250000 70711 330151 364005 304138 556058 547814 502494 438292 200998 420476 92195 442945 396232 654370 330606 60828 161245 340588 506952 599416 651920 363593 196469 250200 136015 202485 675426 537401 367696 269258 353553 78102 0 526308 540833 460977 480416 450111 441814 510882 180278 284605 100000 134164 532259 608769 392046 237697 422966 269258 743303 549181 130000 492443 500100 117047 256320 304138 427200 460977 559017 570789 308869 284253 148661 92195 100499 514782 342053 206155 297321
269258 506063 414849 334215 310644 466905 349285 162788 224722 221359 70000 80623 192094 344384 174929 445982 396989 260768 392938 234307 553624 530848 570088 523450 461411 300666 208806 329848 514198 403113 401995 188680 281780 425441 261725 178885 564358 526308 0 180278 233452 602163 610574 563028 316228 361248 243311 510882 450111 448219 335261 324500 288617 120416 320156 372156 579828 429535 92195 230868 642884 610000 490408 450000 688840 50000 116619 240832 342053 620725 610328 621691 134164 465188 465296 298329
223607 388330 345254 174929 291548 471699 261725 223607 291548 41231 116619 254951 102956 406079 321403 481664 256320 162788 213776 341760 584123 490408 471699 372156 286007 136015 178045 360694 442832 404969 364005 160312 106301 312570 282843 269258 554617 540833 180278 0 100000 466154 483839 433244 150000 360555 276586 492443 429535 284253 155242 210238 325576 251794 415933 223607 424382 481041 100000 401995 655134 543323 400000 316228 570088 223607 295466 234307 281603 594643 632456 621772 50000 361248 412311 250799
141421 291204 247386 102956 212132 390512 162788 200000 254951 98489 188680 291548 50990 353412 327567 412311 166433 67082 218403 320624 509117 395601 372156 290689 240416 191050 117047 296816 343657 325576 272947 260192 85440 213776 223607 250000 466476 460977 233452 100000 0 375899 390000 340147 92195 282843 224722 403113 341321 216333 161555 110454 268328 259615 380789 282843 346554 418808 141421 423792 572014 444072 300000 223607 474342 282843 348281 170000 187883 501597 553173 535350 111803 261725 316228 164012
362353 111803 256320 294109 375899 431045 270185 503289 513128 442719 564358 644438 410488 531413 640312 504876 210238 342053 391152 588303 540833 322490 145602 110454 264764 472652 410122 462385 230217 410000 322800 619839 373631 184391 444185 542033 425793 480416 602163 466154 375899 0 42426 44721 322800 401622 463249 380526 362215 210000 391152 278029 469574 587282 600083 530377 100000 539351 513128 746525 536004 264008 182483 152643 123693 652150 710634 414005 305287 401622 547449 485077 487647 165529 281603 344093
360694 106301 241868 315753 366197 404475 269072 502096 506063 463249 576975 648151 420595 514782 637024 480521 228035 349857 424264 580086 510000 290172 110454 145602 300832 500400 412311 447214 200998 388973 304631 640312 396232 186011 436005 538145 392046 450111 610574 483839 390000 42426 0 50990 345254 384838 456070 350143 337343 241868 420000 286531 457930 587282 585918 562228 142127 516624 523546 743303 500100 224722 161555 167631 90000 660379 716101 410366 298329 364005 513517 449110 501597 156205 257099 339706
318904 67082 211896 264764 331210 390128 226716 460109 468722 412311 527731 603075 372156 487032 596657 462709 177200 302324 376563 543783 502494 286356 116619 102956 256320 450111 367967 417852 192354 366742 278927 589406 345254 141421 399625 498197 390512 441814 563028 433244 340147 44721 50990 0 294279 357351 418808 342345 320624 194165 370135 238537 424853 544518 555428 513517 116619 496488 475079 702922 502892 238537 140357 117047 140357 612944 670075 370135 260768 371618 511957 452217 451885 120830 240208 300000
206155 260192 266271 30000 272947 440454 184391 290689 341321 120830 261725 380132 143178 430116 419762 475079 120000 126491 144222 410000 564004 418808 353553 223607 148661 164924 200998 367696 349285 380132 311127 297321 50990 196469 300832 340588 503289 510882 316228 150000 92195 322800 345254 294279 0 341321 305941 439318 381838 134536 100000 120416 344819 351710 465296 245967 274591 487545 224722 515461 615224 445982 294109 180278 434166 364005 432666 247386 226716 526972 602080 573847 184391 247386 338378 219545
141421 291204 145602 326497 70711 111803 174642 200000 158114 376431 373631 353553 258070 130000 295466 134164 296142 220227 485489 216333 226274 180278 294109 390512 449222 473814 183576 64031 205183 44721 80623 497695 362353 240208 100000 206155 203961 180278 361248 360555 282843 401622 384838 357351 341321 0 120416 150000 92195 388330 436005 228473 89443 274591 202485 565685 442832 152971 316228 394462 295296 277849 223607 300000 430116 400000 425793 130000 123693 260000 272029 265707 335410 237697 141421 122066
111803 352278 219317 301496 92195 223607 196977 80623 50000 302324 264008 233452 183576 130384 186011 210950 305941 181108 442719 125300 317648 298329 382884 423792 440114 404969 107703 89443 305287 160312 178885 394462 310161 281780 22361 89443 321403 284605 243311 276586 224722 463249 456070 418808 305941 120416 0 270185 212132 392046 386264 222036 50000 155242 160312 496488 481041 205183 210950 290689 401622 390000 304138 332415 516236 280179 305941 60000 158114 380132 371618 378550 240832 300000 245967 120830
269258 288617 178045 417253 206155 70711 254951 350000 304138 501199 519711 502494 390000 233238 436807 150000 358050 336155 579828 351141 160312 63246 240832 411096 513128 590762 322800 196469 150333 111803 130384 638905 472017 277849 250000 353553 64031 100000 510882 492443 403113 380526 350143 342345 439318 150000 270185 0 63246 444185 539073 318904 233452 422966 310644 680074 451221 192094 460977 529245 178045 166433 206155 335410 364005 550000 574282 274591 216333 110000 174642 134536 474342 246982 111803 241661
206155 260192 130000 361248 143178 70711 198494 290689 250000 439090 457056 445533 326956 197990 386264 143178 308869 274591 524023 304138 193132 89443 234094 376563 465296 530094 259615 147648 139284 64031 70711 575674 412311 234094 191050 298329 125300 134164 450111 429535 341321 362215 337343 320624 381838 92195 212132 63246 0 398121 481041 261725 180278 366742 275862 620081 421900 180278 398121 483011 233452 192094 180278 294109 366742 490408 517880 212132 156205 171172 222036 194165 411096 212132 80623 178885
280713 188680 268328 114018 331361 466154 213776 398497 435660 252389 395980 507740 264197 500899 534883 519230 92195 218403 182483 509902 590931 406079 286531 100499 70711 264764 300832 431856 318277 417612 332415 424853 180278 166433 380526 446430 504777 532259 448219 284253 216333 210000 241868 194165 134536 388330 392046 444185 398121 0 182483 170294 420000 470106 550818 320624 143178 541295 356090 635610 621289 400000 254558 113137 331361 496790 564004 332415 264764 509902 617738 574282 318277 205183 332866 280179
296816 347131 366197 125300 366197 538145 284253 355106 414849 114018 269258 410000 206155 514782 470106 568595 208806 216333 60000 476760 660681 518652 443847 282843 152643 82462 278568 456508 447214 476340 410366 256125 76158 291548 384838 404475 603075 608769 335261 155242 161555 391152 420000 370135 100000 436005 386264 539073 481041 182483 0 220227 429535 400125 541202 148661 322800 578014 253180 555788 714493 542310 390000 264764 510000 376962 449444 331059 325269 626817 700357 673573 203961 341760 438292 314006
110454 183848 147648 100000 164924 322025 64031 237065 266833 202237 291548 367696 134164 332415 375899 362491 85440 64031 262488 342053 446542 300167 261725 210950 223607 277308 138924 264764 237697 264197 191050 370540 156525 104403 210238 282312 382884 392046 324500 210238 110454 278029 286531 238537 120416 228473 222036 318904 261725 170294 220227 0 250200 316228 380526 363593 269258 379473 237065 480208 494975 337343 190263 127279 367696 374433 432782 162788 108167 408167 482701 453431 218403 151327 219545 111803
141421 357771 216333 337343 94868 180278 213776 126491 70711 350000 313050 270185 230217 85440 206155 161245 330606 218403 484665 128062 268328 269258 375366 441475 472652 452217 152643 41231 290689 121655 162788 444185 353412 294109 44721 120416 280000 237697 288617 325576 268328 469574 457930 424853 344819 89443 50000 233452 180278 420000 429535 250200 0 190263 133417 544059 497293 155563 260768 305287 354401 367151 300000 349285 510882 322490 341321 98489 167631 342345 323110 333766 290689 304138 228035 140357
226716 481041 363593 360555 241661 370000 318277 86023 120000 290689 174929 80000 208806 230868 70000 337343 399625 255539 460109 114018 443847 453542 526972 526972 500000 386394 178045 230000 456180 311448 332415 306105 332415 403113 177200 70000 470106 422966 120416 251794 259615 587282 587282 544518 351710 274591 155242 422966 366742 470106 400125 316228 190263 0 200000 468402 585235 316228 152971 165529 537587 544243 446542 442041 656049 139284 151327 180278 294109 532353 502195 521536 202237 432782 399249 250000
270185 488467 344384 461736 228035 241868 347131 192354 126491 447772 367967 268328 335261 78102 167631 177200 462709 341321 599083 86023 270185 362353 496488 574891 600333 550364 264764 138924 406079 212132 283019 502096 465725 427200 170294 150000 336155 269258 320156 415933 380789 600083 585918 555428 465296 202485 160312 310644 275862 550818 541202 380526 133417 200000 0 639531 630635 141421 330151 231948 371214 467547 425441 482701 632456 336155 325730 220227 300832 407185 330151 368782 372156 434626 342053 272947
424264 494773 511077 273130 494975 672681 427200 447214 514782 194165 302655 452769 314006 626817 536004 694262 357351 347131 140357 564624 791960 663702 592030 420119 271662 92195 392046 576281 595063 608276 550000 218403 208087 440114 500000 492443 744043 743303 372156 223607 282843 530377 562228 513517 245967 565685 496488 680074 620081 320624 148661 363593 544059 468402 639531 0 451774 698140 316228 602993 852760 690797 538516 412311 651920 400000 470425 448219 464004 771751 835464 814002 269258 490408 583095 445982
371618 162788 300167 250000 402616 492544 284605 506063 529245 394462 532635 632535 389487 568859 644981 560089 186011 330151 311448 605392 610000 398497 233238 58310 180278 405216 408167 498197 303645 460109 370135 567979 322490 203961 464866 550091 502892 549181 579828 424382 346554 100000 142127 116619 274591 442832 481041 451221 421900 143178 322800 269258 497293 585235 630635 451774 0 590339 487955 749466 616847 355106 245153 148661 219317 629365 693542 425441 329848 487545 623618 566480 454533 210238 343657 360555
281780 432897 290172 475395 215407 122066 327567 274591 205913 504480 463249 392938 384187 85440 301496 42426 449110 362353 630635 212132 130384 252389 414367 540093 601664 606053 306105 122066 319531 130384 220227 596406 502494 390512 198494 250799 202485 130000 429535 481041 418808 539351 516624 496488 487545 152971 205183 192094 180278 541295 578014 379473 155563 316228 141421 698140 590339 0 414005 373363 230217 358050 356931 450999 546260 455412 457056 250000 276586 274591 190263 228035 445982 381182 259615 269258
200000 420476 342345 242074 254951 427200 269258 141421 212132 140357 60000 158114 102956 333017 222036 421900 306105 174642 312570 250599 528394 471699 490408 431856 371214 233452 140357 300167 442832 360555 341321 183576 193132 340147 223607 180278 519230 492443 92195 100000 141421 513128 523546 475079 224722 316228 210950 460977 398121 356090 253180 237065 260768 152971 330151 316228 487955 414005 0 302655 609262 541479 412311 360555 604152 141421 208087 186815 270740 568859 581378 581893 50000 382753 400000 230000
384187 637809 509902 525547 382884 464866 476340 244131 242074 442832 300666 150333 373363 300832 106301 407922 564358 420595 615224 178885 501597 572451 673573 691158 664078 530000 341321 335410 594054 420476 466154 408044 492443 562228 312410 205183 563205 500100 230868 401995 423792 746525 743303 702922 515461 394462 290689 529245 483011 635610 555788 480208 305287 165529 231948 602993 749466 373363 302655 0 602993 672309 594643 604649 806598 208806 152643 333017 445533 632456 561427 600167 352278 587282 532541 403609
432666 456946 356090 594138 363593 183576 431393 480833 419762 668506 664831 616604 552268 310644 530377 200998 536004 506063 756902 440454 101980 219317 390512 581808 690652 762168 478853 313209 313847 250599 304138 792023 645368 454863 386264 468722 116619 117047 642884 655134 572014 536004 500100 502892 615224 295296 401622 178045 233452 621289 714493 494975 354401 537587 371214 852760 616847 230217 609262 602993 0 280713 375766 511077 490102 674685 683593 424853 389487 140000 44721 50990 630635 420595 288444 408044
342345 212603 200000 417852 303645 236008 281603 461736 433820 539351 601332 619839 450111 389487 572451 316228 335410 381182 568243 493964 310483 106301 122066 333017 470106 610328 403113 338378 100499 256125 211896 701783 490408 250799 367696 479270 184391 256320 610000 543323 444072 264008 224722 238537 445982 277849 390000 166433 192094 400000 542310 337343 367151 544243 467547 690797 355106 358050 541479 672309 280713 0 152315 288444 210238 655134 692604 371080 270740 141421 300666 230217 540093 201246 145602 312570
223607 82462 84853 265707 212132 250000 143178 360555 353553 392046 470744 514782 314006 353412 489183 322490 183576 241868 416773 425206 364966 156525 80623 206155 325269 458803 282312 286531 64031 228035 143178 560089 339559 98489 282843 390512 260000 304138 490408 400000 300000 182483 161555 140357 294109 223607 304138 206155 180278 254558 390000 190263 300000 446542 425441 538516 245153 356931 412311 594643 375766 152315 0 141421 212132 538516 585918 266271 152643 256125 379473 326497 403113 50000 100000 197231
223607 82462 164924 150333 254951 364005 136015 360555 380789 296142 411825 494975 258070 422966 499300 424264 60828 191050 282312 456946 487032 294109 180278 92195 183848 341321 264008 352278 205183 322490 233452 472969 230868 60828 316228 403113 394462 427200 450000 316228 223607 152643 167631 117047 180278 300000 332415 335410 294109 113137 264764 127279 349285 442041 482701 412311 148661 450999 360555 604649 511077 288444 141421 0 254951 500000 559732 277308 182483 396989 509902 463249 335410 92195 223607 211896
430116 183848 296985 404475 424264 427200 341321 570088 565685 551090 659242 721110 501597 557584 700928 506952 315753 429535 513517 637024 517880 300832 136015 233452 388330 590339 485489 494065 228254 425441 350000 727805 485077 264008 494975 602080 393192 460977 688840 570088 474342 123693 90000 140357 434166 430116 516236 364005 366742 331361 510000 367696 510882 656049 632456 651920 219317 546260 604152 806598 490102 210238 212132 254951 0 738241 790759 476340 362353 350143 510882 440000 585235 224722 291548 406079
316228 555698 461736 382884 353553 502494 398121 200000 254951 264008 107703 70711 242074 370000 176918 475395 446878 310644 433244 250599 582409 573149 618466 573149 507740 335410 256320 363456 560446 440454 445533 199249 327567 475079 300000 206155 601332 559017 50000 223607 282843 652150 660379 612944 364005 400000 280179 550000 490408 496790 376962 374433 322490 139284 336155 400000 629365 455412 141421 208806 674685 655134 538516 500000 738241 0 72801 284429 388973 660000 640312 656201 180278 514296 509902 344819
362353 610328 505668 450000 388973 520384 449444 230868 270740 336155 180278 72801 304138 373363 158114 482597 509117 368782 505964 245153 586941 604152 666483 636553 578014 407922 305287 380526 601664 462709 480833 263059 398246 530094 327567 220907 620725 570789 116619 295466 348281 710634 716101 670075 432666 425793 305941 574282 517880 564004 449444 432782 341321 151327 325730 470425 693542 457056 208087 152643 683593 692604 585918 559732 790759 72801 0 323110 433820 683593 646297 670298 250599 566039 547083 389102
53852 304795 183576 241868 70000 241661 144222 94340 104403 254951 245153 250799 134536 183848 226716 247588 247386 121655 386264 180278 350000 290172 346699 367696 380132 356090 56569 128062 278568 174642 161245 367696 254951 230217 53852 128062 332415 308869 240832 234307 170000 414005 410366 370135 247386 130000 60000 274591 212132 332415 331059 162788 98489 180278 220227 448219 425441 250000 186815 333017 424853 371080 266271 277308 476340 284429 323110 0 114018 383275 399625 395601 205913 254558 225610 70711
72801 194165 72801 208087 72801 214009 50990 208087 208087 286356 330606 362353 182483 240832 339411 256320 172627 120830 370135 283019 338378 208806 233238 274591 325730 374433 133417 170294 172627 156525 86023 435660 256125 126491 138924 240416 280179 284253 342053 281603 187883 305287 298329 260768 226716 123693 158114 216333 156205 264764 325269 108167 167631 294109 300832 464004 329848 276586 270740 445533 389487 270740 152643 182483 362353 388973 433820 114018 0 313847 375366 350000 271662 142127 131529 44721
373631 332866 260768 502195 314006 167631 344819 460000 413038 600083 628013 612046 493356 332415 543415 233238 431856 434626 662193 456070 188680 108167 256320 457930 580517 684763 429535 304138 192094 220907 230868 744648 564358 346554 360000 462709 72111 148661 620725 594643 501597 401622 364005 371618 526972 260000 380132 110000 171172 509902 626817 408167 342345 532353 407185 771751 487545 274591 568859 632456 140000 141421 256125 396989 350143 660000 683593 383275 313847 0 164924 90554 579741 304795 188680 344819
412311 461736 349857 582580 342053 162788 420119 449444 386005 648151 635610 580517 530094 272947 491630 164924 530000 488365 745185 401995 60000 225610 403113 585235 686003 744110 454863 282312 320156 228035 292062 764788 629365 451774 357771 434166 121655 92195 610328 632456 553173 547449 513517 511957 602080 272029 371618 174642 222036 617738 700357 482701 323110 502195 330151 835464 623618 190263 581378 561427 44721 300666 379473 509902 510882 640312 646297 399625 375366 164924 0 76158 605392 421545 286356 389487
398246 407185 311448 551725 331059 155242 389487 458912 401995 632851 638905 601332 518845 301496 520865 192354 490408 468722 714213 431045 114018 170000 339559 532259 644050 724224 447772 292746 264008 221359 264008 763217 606053 408044 361386 451774 70711 100499 621691 621772 535350 485077 449110 452217 573847 265707 378550 134536 194165 574282 673573 453431 333766 521536 368782 814002 566480 228035 581893 600167 50990 230217 326497 463249 440000 656201 670298 395601 350000 90554 76158 0 600083 372156 242074 372156
206155 401622 340147 205183 269258 447214 260768 180278 250000 90554 78102 206155 90000 367967 271662 450000 277849 161245 263059 295466 554707 478539 478539 400000 327567 184391 152315 328024 440000 380132 349285 164924 147648 322800 250000 223607 534883 514782 134164 50000 111803 487647 501597 451885 184391 335410 240832 474342 411096 318277 203961 218403 290689 202237 372156 269258 454533 445982 50000 352278 630635 540093 403113 335410 585235 180278 250599 205913 271662 579741 605392 600083 0 368782 403113 235372
206155 53852 92195 218403 210950 282843 116619 347131 350000 350143 439659 496488 281603 366879 481041 350000 134164 208806 367151 424382 402616 202485 110454 164924 275862 412311 260768 297321 113137 250799 161245 521536 294279 50990 280179 382099 304138 342053 465188 361248 261725 165529 156205 120830 247386 237697 300000 246982 212132 205183 341760 151327 304138 432782 434626 490408 210238 381182 382753 587282 420595 201246 50000 92195 224722 514296 566039 254558 142127 304795 421545 372156 368782 0 136015 183848
200000 181108 72111 314006 158114 150000 156525 316228 291548 414367 460000 474342 314006 266271 430465 223607 248395 250000 475079 356090 266833 80623 156525 300832 402244 496488 260192 205183 64031 134164 67082 567186 375899 166433 223607 335410 172047 206155 465296 412311 316228 281603 257099 240208 338378 141421 245967 111803 80623 332866 438292 219545 228035 399249 342053 583095 343657 259615 400000 532541 288444 145602 100000 223607 291548 509902 547083 225610 131529 188680 286356 242074 403113 136015 0 170000
30000 234307 117047 206155 53852 226716 76158 164012 170000 260768 290000 317648 148661 220907 297321 255539 190263 98995 363593 245967 347131 243311 277849 303645 335410 354683 90554 152971 215870 162788 114018 400250 240832 161245 104403 198494 304138 297321 298329 250799 164012 344093 339706 300000 219545 122066 120830 241661 178885 280179 314006 111803 140357 250000 272947 445982 360555 269258 230000 403609 408044 312570 197231 211896 406079 344819 389102 70711 44721 344819 389487 372156 235372 183848 170000 0
PICKUP_AND_DELIVERY_SECTION
1 0 0
2 0.0 18.0
