NAME : CMT3X
COMMENT : Salhi-Nagy 1999 X-split of CMT3 (r=min(x/y,y/x)), n_cust=100
TYPE : VRPSPD
DIMENSION : 101
CAPACITY : 200
EDGE_WEIGHT_TYPE : EXPLICIT
EDGE_WEIGHT_FORMAT : FULL_MATRIX
EDGE_WEIGHT_SECTION
0 152315 180000 223607 250000 206155 111803 212132 262488 320156 254951 335410 150000 111803 320156 304138 291548 304138 158114 320156 316228 180278 269258 360555 300000 335410 111803 50000 63246 298329 254951 174642 340000 247588 360555 410366 414005 212132 424264 339706 111803 288617 254951 341760 318904 291548 354683 342053 278029 439318 169706 269258 113137 44721 228035 304631 292062 231948 90554 178045 180278 254951 254951 349285 465188 499300 404969 438634 213776 121655 210950 396611 224722 201246 245967 277849 156525 196977 310644 255539 210950 275862 233238 210950 243311 230217 353553 183848 192354 90000 322490 256125 183848 202485 120416 148661 152643 172047 212603 174929 240416
152315 0 325576 145602 322025 322025 248395 210238 315753 178045 155563 264008 166433 264008 468722 453542 424500 407063 228473 282312 164924 292746 392046 461736 277849 376431 194165 108167 120000 240416 110454 104403 208806 123693 247386 272029 405216 358050 568507 415933 240208 420119 407185 493964 460977 366879 390128 337343 281603 398246 63246 120416 152315 184391 256125 340588 388973 380789 235372 320156 283019 382884 192354 244131 382099 350000 252982 511077 180278 44721 80623 248395 335410 321403 363456 388330 106301 134164 202237 160312 192094 148661 260768 295466 349857 367967 482701 336155 152971 205183 205913 396989 330151 339706 266271 296816 290689 322490 356090 311448 386005
180000 325576 0 344093 202237 238537 164012 362491 360694 474236 432897 502892 234307 94340 211896 130000 251794 326956 274591 474236 490306 104403 122066 233238 349857 301496 164012 230000 208806 382884 432897 352278 520000 393573 484149 555698 542033 152971 323110 254951 94340 122066 120830 184391 241868 358050 452769 474342 413401 586686 323110 433244 272029 141421 250599 286356 186815 58310 90554 156525 247588 240416 424500 526118 632456 657951 577235 341760 304138 300666 390512 555428 120416 90000 117047 152315 286531 316228 436005 380132 290000 420595 360555 290000 277849 196469 310161 70711 361386 201246 501597 200998 139284 183848 134536 122066 164012 107703 164924 174929 170294
223607 145602 344093 0 250000 427200 335410 353553 450444 150000 291548 403113 111803 320156 531507 471699 514782 522015 353553 427200 223607 269258 364005 400000 141421 269258 180278 206155 161245 94868 212132 250000 312410 72801 141421 215407 550818 430116 640312 333766 250000 401622 452769 528015 538238 494975 530848 482701 425793 541295 82462 143178 280713 228035 161245 234094 330606 402244 268701 399625 395601 478539 336155 368782 512250 327567 286356 417612 60828 181108 210950 230868 300832 300832 332415 345254 67082 28284 92195 36056 80623 90000 400500 417732 461736 452769 577062 381838 298329 306757 325576 477074 402244 425441 341321 366197 375899 384187 432666 398246 458039
250000 322025 202237 250000 0 412311 316228 460977 505371 400000 471699 570088 158114 254951 412311 291548 450000 509902 403113 565685 460977 100000 141421 150000 180278 100000 141421 282843 220227 237697 427200 400000 529245 320624 364005 457056 664003 350000 522015 94340 158114 183848 320156 362353 444072 522015 599416 592030 528015 685930 281603 384708 362353 210950 92195 85440 82462 243516 199249 342345 404969 431856 490408 564358 696348 574282 533385 192094 190263 324500 402492 480416 89443 114018 114018 108167 228035 230868 325576 280713 170294 340000 482597 443847 453542 390512 510392 270740 431856 326497 527731 400125 330606 372156 298329 302655 337343 300167 360139 355106 370540
206155 322025 238537 427200 412311 0 100000 206155 139284 500000 335410 353553 353553 158114 200000 291548 111803 100000 111803 300000 460977 316228 360555 471699 502494 509902 300000 223607 269258 504480 390512 272029 438292 439090 559017 594054 326956 111803 269258 484665 254951 354683 201246 281603 164924 120416 222036 269258 220907 390512 362353 440454 176918 220227 420119 485077 420476 247588 213776 84853 44721 67082 294109 408044 470000 664680 548179 576975 419762 278029 340588 566392 349285 317805 353553 389487 360555 401622 509902 456946 415933 466476 170000 70711 41231 80623 162788 176918 245967 120830 403113 110000 106301 67082 114018 116619 76158 134536 98489 64031 123693
111803 248395 164012 335410 316228 100000 0 206155 198494 424264 304138 353553 254951 70711 223607 254951 180278 200000 111803 316228 403113 223607 282843 390512 403113 412311 200000 141421 174642 408044 335410 228035 402616 356090 471699 516624 378021 111803 320156 393573 158114 286007 180278 270740 212603 206155 292062 310644 250599 424853 278029 368782 131529 120416 320156 386394 332866 193132 117047 72111 89443 143178 280179 390512 480521 598164 492443 488774 322800 208087 286356 496790 260768 230217 270185 306105 268328 308707 421900 367151 317805 384187 197231 130384 140357 120416 241868 123693 220227 50990 374833 148661 85440 92195 31623 60000 42426 90000 108167 64031 138924
212132 210238 362491 353553 460977 206155 206155 0 122066 364005 141421 150000 335410 269258 403113 460977 316228 250000 100000 111803 291548 390512 471699 570088 474342 540833 320156 180278 246982 447214 223607 111803 242074 330606 452769 455412 205913 300000 474342 551725 320156 483011 382099 470956 371080 184391 181108 134164 72801 228035 271662 300832 98995 254951 425441 507740 503289 398497 288444 260192 162788 272029 89443 202485 274591 499300 370135 650692 376431 172627 180278 411461 434166 408044 452217 486004 300832 337343 410488 370540 382753 352278 58310 143178 210238 282843 357771 329848 63246 161555 202485 314006 280713 260768 237697 264764 230868 294279 290172 240000 320624
262488 315753 360694 450444 505371 139284 198494 122066 0 481041 262488 241661 407922 269072 333766 429418 230000 139284 104403 177200 413401 418808 481041 588982 555788 596154 373363 251794 315753 540093 344819 228473 360694 439318 562939 573847 187883 250799 383275 588303 349857 481664 340147 420595 290172 64031 94340 131529 94868 253180 372156 417852 170000 295466 490408 566480 530094 380132 310644 219545 114018 191050 205183 310644 343657 621289 492037 685055 461736 272947 299666 532353 458039 428019 468615 504480 390128 430000 517880 472652 463897 463249 64031 72111 120416 218403 257099 308058 183576 178885 318904 245153 241868 206155 226274 242074 200000 266271 237697 197231 262488
320156 178045 474236 150000 400000 500000 424264 364005 481041 0 250000 353553 254951 430116 640312 604152 602080 583095 403113 400000 111803 412311 509902 550000 269258 412311 316228 282843 269258 201246 150000 252982 219317 82462 111803 94340 530000 531507 743303 482597 380789 545711 571402 653682 636553 537122 543415 471699 427551 496488 152643 63246 327567 341321 310644 378550 480416 532259 389487 495177 460435 560803 310644 294109 434626 183848 143178 562939 210238 222036 184391 82462 447214 443847 478539 493660 189737 171172 100000 121655 230217 60000 420595 470106 526972 544518 660681 499300 300832 382884 250000 572800 503289 516236 439318 468615 466690 492037 530754 487955 559732
254951 155563 432897 291548 471699 335410 304138 141421 262488 250000 0 111803 320156 350000 522015 550000 447214 390512 223607 150000 158114 427200 522015 604152 430116 531507 335410 206155 254951 384708 100000 80623 102956 243516 353553 333766 280000 412311 604152 566039 364005 543415 483735 574282 497695 325576 304631 223607 187883 252982 214009 191050 172627 298329 411096 495782 532259 480416 345254 371080 290689 402492 63246 94868 226716 362353 230217 662873 334215 147648 80623 281603 471699 452217 496488 525547 261725 286007 320156 295466 347131 257099 198494 280179 346699 404969 493964 420476 89443 253180 70711 436578 388330 379473 332415 363456 339559 393192 405216 354401 436807
335410 264008 502892 403113 570088 353553 353553 150000 241661 353553 111803 0 424264 412311 552268 608276 460977 380789 250000 70711 250000 514782 604152 694622 540833 636396 430116 291548 350000 496488 206155 170294 155242 354683 460977 430000 186815 450000 618466 664003 447214 620322 531507 620725 517880 304138 247588 150000 147648 143178 324500 298329 230868 380132 516236 601082 624340 543415 421545 410122 311448 417732 80623 80623 130000 436807 300832 762168 444072 247588 192354 371214 559464 536656 581378 612944 370135 396611 430116 407185 456070 366879 186815 286356 351710 431856 496488 476760 143178 305941 111803 462709 430465 410488 384708 413038 380526 442832 440114 390000 470425
150000 166433 234307 111803 158114 353553 254951 335410 407922 254951 320156 424264 0 223607 430116 360555 427200 452769 304138 430116 304138 158114 254951 304138 150000 212132 70711 158114 92195 156525 269258 254951 371618 172627 250000 326956 541202 335410 540833 250799 141421 291204 347131 418688 442945 441022 497293 469574 407185 550000 123693 230217 243516 136015 92195 176918 231948 292062 166433 310161 330151 395601 347131 410488 546717 436807 380132 344819 72111 176918 246982 337343 192354 189737 223607 240208 70711 85440 202485 147648 63246 196469 370000 360555 392046 364005 490408 278029 294109 240000 372156 384838 308707 338378 252982 273130 291204 286531 340147 313209 362353
111803 264008 94340 320156 254951 158114 70711 269258 269072 430116 350000 412311 223607 0 212132 200000 206155 254951 180278 380789 427200 158114 212132 320156 364005 353553 158114 158114 162788 380132 364005 270185 442832 354683 460977 518556 448219 111803 320156 326956 100000 216333 143178 230868 219545 272947 362353 380132 319061 492443 278029 380789 182483 92195 272947 330606 264197 131529 60828 90554 158114 180278 335410 441022 541202 610574 516236 420595 295296 230868 317805 507740 192354 161245 200000 236008 254951 292062 411096 354683 286356 382884 266271 200000 199249 143178 269258 72801 272947 107703 420119 161555 85440 120416 44721 50990 82462 64031 117047 100499 138924
320156 468722 211896 531507 412311 200000 223607 403113 333766 640312 522015 552268 430116 212132 0 158114 111803 223607 304138 500000 626498 316228 300000 403113 559017 509902 360555 360555 374833 585235 559017 449444 622977 566392 672681 730000 516624 111803 111803 450444 291548 271662 92195 106301 56569 294109 401622 465296 420476 586941 489183 588218 351141 304138 460977 497293 380526 171172 264008 152315 240832 143178 488365 602080 670000 818413 715891 522398 502195 430465 509902 716101 325576 298329 311448 340147 466905 503289 622896 566392 490918 594643 370000 270185 213776 120416 136015 152643 434166 273130 592030 90000 138924 143178 202485 172047 183848 148661 117047 167631 85440
304138 453542 130000 471699 291548 291548 254951 460977 429418 604152 550000 608276 360555 200000 158114 0 250000 353553 364005 570088 618466 212132 158114 250000 460977 380789 291548 353553 338378 502494 559017 470106 641950 523259 610328 684763 617171 180278 250000 308058 223607 121655 92195 72801 210238 408044 513128 555428 499800 674166 453100 563028 381182 269258 361248 375899 240416 72801 218403 210238 317805 261725 533385 640703 735459 787909 706045 370000 428019 425793 514782 685420 202485 184391 178885 199249 415933 444185 563028 507740 412311 550091 445982 357771 322025 220227 290689 131529 471699 302655 620081 205183 187883 224722 223607 196469 234094 167631 194165 232594 176918
291548 424500 251794 514782 450000 111803 180278 316228 230000 602080 447214 460977 427200 206155 111803 250000 0 111803 223607 403113 570088 350000 364005 474342 570088 550000 364005 320156 353553 583095 500000 382753 550091 536004 651920 695270 407922 100000 158114 506360 304138 345398 161245 214009 60828 184391 291204 360555 321403 481664 458039 544518 286007 291548 478539 530848 437379 234094 266833 117047 156525 44721 404969 518652 572189 771557 658027 589406 497695 381838 450000 671789 372156 341321 366742 400250 447772 487647 602080 547083 490408 564004 274591 174642 110454 63246 63246 181108 357771 219317 514782 50990 121655 89443 174642 155242 138924 150333 90554 116619 82462
304138 407063 326956 522015 509902 100000 200000 250000 139284 583095 390512 380789 452769 254951 223607 353553 111803 0 180278 316228 531507 412311 447214 559017 602080 608276 400000 316228 366742 602080 460977 340588 492037 528015 650000 677422 301496 180278 250000 578705 353553 435660 261725 324500 170880 80623 182483 261725 234094 380132 453100 521536 255539 320156 520096 584209 512640 324500 312570 170880 126491 92195 338378 447772 480521 738783 615224 668506 517880 362353 412311 644050 442719 411096 443847 479270 456070 497293 601664 550273 514782 554617 197231 114018 60828 136015 120416 259422 304138 215870 452217 148661 187883 143178 212132 208806 172627 219317 166433 155242 176918
158114 228473 274591 353553 403113 111803 111803 100000 104403 403113 223607 250000 304138 180278 304138 364005 223607 180278 0 206155 353553 320156 390512 494975 452769 492443 269258 150000 212132 440454 282843 162788 326497 351141 474342 497393 269072 200000 380789 488262 250000 396611 282843 371214 275136 141421 196977 200000 138924 313050 278927 341321 76158 192354 386005 462385 432782 304631 212603 160312 67082 178885 184391 298329 373363 559732 439318 586003 360139 183848 233452 464004 361248 332415 374833 410122 290689 331361 427200 378550 361248 376962 86023 67082 127279 184391 272029 234094 134164 78102 291548 215870 181108 161245 143178 167631 131529 196469 190263 140000 220907
320156 282312 474236 427200 565685 300000 316228 111803 177200 400000 150000 70711 430116 380789 500000 570088 403113 316228 206155 0 304138 500000 583095 680074 559017 640312 424264 282843 347131 522015 250000 178885 219317 388330 502494 482597 130000 403113 559017 657951 430116 594811 488365 575587 461736 237697 176918 80623 82462 120416 345398 340588 208087 364005 522015 606053 612209 509215 399625 364966 260768 361248 92195 150000 170000 499800 364005 756902 460652 255539 223607 427551 544059 518652 563028 596406 384708 416293 466905 436807 470106 404475 130000 230217 292746 380132 434166 439659 136015 273130 174642 410000 386394 361248 347851 373631 337343 402616 392046 343657 421070
316228 164924 490306 223607 460977 460977 403113 291548 413401 111803 158114 250000 304138 427200 626498 618466 570088 531507 353553 304138 0 450000 550000 608276 360555 492443 350000 269258 282843 298329 70711 191050 107703 152643 223607 180000 432897 514782 721110 550818 403113 580775 570088 657875 612944 474342 462385 380789 345398 391152 181108 80623 284253 349285 379473 456946 536004 545711 400250 475079 417732 526308 221359 184391 323110 208087 89443 639062 282312 196977 120416 123693 490408 480104 520096 541479 233452 234094 206155 208087 300832 148661 349857 417732 480833 518652 623699 499800 230217 355106 141421 549181 487647 490918 424853 456180 444185 483322 511077 463249 542033
180278 292746 104403 269258 100000 316228 223607 390512 418808 412311 427200 514782 158114 158114 316228 212132 350000 412311 320156 500000 450000 0 100000 180278 250000 200000 100000 223607 174642 290689 403113 349285 500100 329848 403113 484665 587282 250000 427200 170000 70711 133417 224722 278029 345254 429535 513128 516236 452548 618466 270740 382099 292062 136015 150000 182483 113137 152643 108167 243311 313050 332415 434166 522015 644127 594811 531507 266271 219545 281603 368782 494773 44721 31623 70711 98489 223607 243516 357771 304631 202485 354401 403609 353553 357351 290689 410488 171172 372156 242074 490408 300167 230868 272947 202485 203961 240416 200250 260192 257099 270740
269258 392046 122066 364005 141421 360555 282843 471699 481041 509902 522015 604152 254951 212132 300000 158114 364005 447214 390512 583095 550000 100000 0 111803 320156 223607 200000 316228 272947 372156 502494 442719 598415 427551 492443 578705 659469 269258 403113 151327 158114 42426 210950 230868 342345 480104 573847 590339 528015 698928 370540 481664 375899 224722 224722 222036 82462 131529 183576 277849 368782 358469 523927 616847 734098 691231 631269 225610 310161 378550 466905 592284 63246 70711 31623 41231 322490 339559 449444 398497 291548 451221 476340 411096 399625 313847 417732 187883 460977 314006 586941 313209 259422 304138 254951 244131 286007 228254 282312 296816 281603
360555 461736 233238 400000 150000 471699 390512 570088 588982 550000 604152 694622 304138 320156 403113 250000 474342 559017 494975 680074 608276 180278 111803 0 316228 180278 269258 403113 349285 380789 570088 527731 670522 470425 509902 605310 763806 380789 500000 86023 250000 131529 317805 320624 449110 590762 682495 693542 630317 798123 427551 533385 472017 316228 240832 196977 72801 240416 283196 389487 478017 470106 614003 698570 823650 723395 682642 120000 340147 456946 540833 630317 136015 162788 120416 84853 374833 380526 473814 430465 320156 490000 580000 520096 511077 425441 526308 299666 552268 417253 664831 423792 371214 415933 364005 355106 396611 340000 393954 408167 392173
300000 277849 349857 141421 180278 502494 403113 474342 555788 269258 430116 540833 150000 364005 559017 460977 570088 602080 452769 559017 360555 250000 320156 316228 0 150000 206155 304138 240832 70711 353553 380132 453431 208087 200000 300666 677791 474342 670820 235372 269258 362353 470106 528015 579396 590762 643273 607454 547083 676018 216333 280179 388330 282843 100000 121655 259422 402244 303645 453542 480104 541295 470106 509902 652993 421070 412311 300666 98489 304631 350000 339559 261725 276586 290689 288444 174642 144222 174642 152643 92195 214709 514198 510392 541479 506952 633246 407185 425441 390000 466905 524976 449222 482701 398121 414849 437379 423792 480833 458912 499800
335410 376431 301496 269258 100000 509902 412311 540833 596154 412311 531507 636396 212132 353553 509902 380789 550000 608276 492443 640312 492443 200000 223607 180278 150000 0 223607 360555 294109 220227 471699 466905 574543 341760 350000 450444 746257 450000 618466 94340 254951 264197 417732 453100 543323 616847 689420 674166 610574 760592 324500 412311 444185 300832 120416 36056 144222 339559 296142 441814 500000 531507 559017 620081 758222 570789 553624 151327 210238 388973 456070 486621 184391 212132 202485 183576 272029 259422 322490 291204 192354 354401 568243 537587 551090 490408 610328 370540 504480 417852 580086 500100 430465 471699 396232 401995 435660 400125 460109 453982 470425
111803 194165 164012 180278 141421 300000 200000 320156 373363 316228 335410 430116 70711 158114 360555 291548 364005 400000 269258 424264 350000 100000 200000 269258 206155 223607 0 141421 80623 224722 304138 260768 402616 234094 320156 393573 524309 269258 471699 234307 70711 231948 276586 348281 375766 398121 466154 452217 388330 544518 171172 282843 222036 80623 120416 193132 196977 222036 98489 247386 282843 335410 350000 429535 557584 499800 431856 333017 142127 187883 272029 398497 141421 130384 170294 194165 126491 152643 272029 216333 130384 260000 344819 317805 340147 300832 427200 208087 290689 196469 395601 319531 243516 276586 192354 208806 231948 219317 275136 253180 295466
50000 108167 230000 206155 282843 223607 141421 180278 251794 282843 206155 291548 158114 158114 360555 353553 320156 316228 150000 282843 269258 223607 316228 403113 304138 360555 141421 0 67082 290689 206155 126491 290000 216333 335410 375366 385876 250000 460977 375366 158114 337343 300832 388973 353836 290689 339559 313847 250599 403113 138924 228035 85440 92195 245967 327567 332866 281603 140357 212603 189737 280179 210950 300832 420595 458039 358469 474236 210238 72801 161245 356090 268328 246982 291548 322025 141421 182483 286356 234094 212132 244131 211896 212132 256320 261725 380132 230868 150000 102956 272947 290000 222036 233452 158114 188680 183848 214709 248395 205183 278029
63246 120000 208806 161245 220227 269258 174642 246982 315753 269258 254951 350000 92195 162788 374833 338378 353553 366742 212132 347131 282843 174642 272947 349285 240832 294109 80623 67082 0 235372 230217 180278 325576 192094 300000 356090 452769 270185 481664 314006 120416 300167 302324 384708 378021 350143 405216 380789 317648 467547 116619 224722 152315 72111 178885 260768 277308 265707 120830 238537 241868 317805 270185 349285 477074 451774 368782 412311 151327 107703 194165 348855 218403 202237 245153 272029 94340 134164 250000 194165 150000 220227 278568 270000 305941 291548 415933 230217 212132 151327 316228 316228 242074 264197 180278 206155 214709 226274 272029 237065 298329
298329 240416 382884 94868 237697 504480 408044 447214 540093 201246 384708 496488 156525 380132 585235 502494 583095 602080 440454 522015 298329 290689 372156 380789 70711 220227 224722 290689 235372 0 300000 344819 396232 148661 130384 230217 645600 491935 696419 302655 294109 413401 500000 565862 599416 581378 622896 577235 519711 635610 177200 219317 370135 291548 147648 190263 319531 438634 322490 466154 476760 550273 430813 458039 602163 350571 344384 371214 85440 274591 304138 269258 310644 320156 341321 344384 150000 110454 104403 92195 94340 150000 492544 502494 541295 520000 646220 432666 392938 386394 414005 541295 465188 493964 408534 429535 445982 442945 496588 468188 518845
254951 110454 432897 212132 427200 390512 335410 223607 344819 150000 100000 206155 269258 364005 559017 559017 500000 460977 282843 250000 70711 403113 502494 570088 353553 471699 304138 206155 230217 300000 0 120416 102956 152643 254951 235372 380000 447214 651920 520000 350000 530377 505964 594811 543783 404969 398497 322490 281603 349285 147648 92195 214009 291548 353553 435660 497293 486621 342345 407063 347131 456070 161245 158114 302324 278029 158114 612699 264008 133417 50000 187883 445533 431856 473814 498197 201246 214009 224722 208087 280179 161555 281780 347131 410122 449444 553173 436807 161245 286531 114018 480208 420476 421900 358469 390000 375899 417852 442945 394462 474131
174642 104403 352278 250000 400000 272029 228035 111803 228473 252982 80623 170294 254951 270185 449444 470106 382753 340588 162788 178885 191050 349285 442719 527731 380132 466905 260768 126491 180278 344819 120416 0 174642 220000 341321 345398 300832 338378 537122 494065 284605 463249 406079 496488 429418 286531 292746 233452 180000 296816 167631 189737 98489 218403 347131 431856 456508 400125 264764 297321 228035 338378 92195 174642 296816 398246 276586 592030 281780 78102 72111 305287 393954 373363 417852 447772 205913 237697 300000 263059 291548 240832 167631 226716 290000 335410 434166 341321 50000 177200 150000 366742 313209 308707 254951 286356 265707 315753 332415 282312 364005
340000 208806 520000 312410 529245 438292 402616 242074 360694 219317 102956 155242 371618 442832 622977 641950 550091 492037 326497 219317 107703 500100 598415 670522 453431 574543 402616 290000 325576 396232 102956 174642 0 247588 331059 282843 342053 512445 706824 622415 442832 623939 580517 670820 600083 424500 391152 299666 278029 290172 250599 178045 272029 380526 456508 538516 597746 570789 430116 471275 393573 505371 155563 80000 215407 281603 145602 715542 366197 220907 131529 220227 543415 527731 570701 596657 304138 316228 310644 304138 382753 250000 297321 382753 449444 506952 596825 514782 192354 351710 44721 538516 487647 481041 429535 460977 439659 490306 505964 455412 537587
247588 123693 393573 72801 320624 439090 356090 330606 439318 82462 243516 354683 172627 354683 566392 523259 536004 528015 351141 388330 152643 329848 427551 470425 208087 341760 234094 216333 192094 148661 152643 220000 247588 0 123693 164012 516236 459674 671789 406079 299666 463249 494065 574543 566392 490408 511566 451774 400000 496488 78102 72111 275136 264008 233452 306757 400000 451774 310644 425206 402492 496488 296142 310644 454863 265707 213776 490408 133417 167631 164924 164924 364966 361386 396232 411947 107703 90000 80000 56569 152971 28284 383275 417852 469574 476340 596406 422019 270000 319061 266271 503289 431393 448219 367967 395980 398246 417732 460109 420119 487955
360555 247386 484149 141421 364005 559017 471699 452769 562939 111803 353553 460977 250000 460977 672681 610328 651920 650000 474342 502494 223607 403113 492443 509902 200000 350000 320156 335410 300000 130384 254951 341321 331059 123693 0 101980 631981 570088 781025 432897 390512 532259 594138 668431 678012 614003 633877 570088 520865 604152 196977 162788 398497 368782 272029 320624 446430 542033 410122 538238 523927 614003 411096 404969 546260 222036 240832 500400 183576 291204 280179 152643 429535 434166 460977 468188 206155 169706 50000 106301 201246 100499 506360 540833 590931 590762 713442 523259 391152 438292 360555 616117 542033 563028 480104 506063 513128 524976 572014 535350 598164
410366 272029 555698 215407 457056 594054 516624 455412 573847 94340 333766 430000 326956 518556 730000 684763 695270 677422 497393 482597 180000 484665 578705 605310 300666 450444 393573 375366 356090 230217 235372 345398 282843 164012 101980 0 612046 622415 834506 530848 461411 616847 658027 737835 728354 630714 633246 557315 516624 570789 240832 156525 421900 428019 364966 420000 539351 614003 474342 586941 554707 654370 396232 362215 494773 120416 161245 601332 269258 316228 275136 67082 515461 516236 547083 557853 269258 241661 131529 180278 288617 136015 512640 564358 621289 637024 754321 586003 392173 476340 320624 664831 594138 608769 530377 559017 559017 581378 622254 580517 650692
414005 405216 542033 550818 664003 326956 378021 205913 187883 530000 280000 186815 541202 448219 516624 617171 407922 301496 269072 130000 432897 587282 659469 763806 677791 746257 524309 385876 452769 645600 380000 300832 342053 516236 631981 612046 0 438634 550818 752861 516624 664003 528015 607454 468722 223607 120000 72111 136015 89443 468402 470425 302324 454533 631348 713442 700357 566039 480833 407063 300167 373631 220907 265707 214009 623618 487647 851469 579396 373363 352278 555788 629365 601082 643817 678970 503289 537587 595399 562939 586941 533385 183848 259422 303645 404969 420476 493964 252982 346554 298329 430116 429418 393954 408044 427200 385876 452769 425441 384708 449444
212132 358050 152971 430116 350000 111803 111803 300000 250799 531507 412311 450000 335410 111803 111803 180278 100000 180278 200000 403113 514782 250000 269258 380789 474342 450000 269258 250000 270185 491935 447214 338378 512445 459674 570088 622415 438634 0 212132 407922 206155 255539 89443 172627 108167 228035 332866 379473 327567 500000 381838 478017 240416 202485 380789 431045 339559 144222 170880 41231 143178 89443 382099 494975 572189 708025 604152 493356 407063 319061 398121 606053 272947 241868 269258 303645 364005 402244 520096 464004 398121 487955 274591 180278 142127 44721 161245 82462 325576 161555 482701 50990 28284 44721 92195 64031 72801 50990 14142 60000 28284
424264 568507 323110 640312 522015 269258 320156 474342 383275 743303 604152 618466 540833 320156 111803 250000 158114 250000 380789 559017 721110 427200 403113 500000 670820 618466 471699 460977 481664 696419 651920 537122 706824 671789 781025 834506 550818 212132 0 554437 403113 370540 202485 181108 108167 330151 431045 510882 476760 630079 593970 688840 439090 412311 572713 607289 485077 278927 374433 248395 313847 202485 563028 676757 726911 918314 809938 620000 612944 528015 602080 816884 434166 408044 417732 444072 574891 612209 731095 674759 602080 700071 431741 332415 266833 202485 130384 264197 514782 366197 672309 172047 240416 230217 304138 275862 278029 256125 212603 258070 183848
339706 415933 254951 333766 94340 484665 393573 551725 588303 482597 566039 664003 250799 326956 450444 308058 506360 578705 488262 657951 550818 170000 151327 86023 235372 94340 234307 375366 314006 302655 520000 494065 622415 406079 432897 530848 752861 407922 554437 0 238537 186815 360000 380789 490408 599333 682642 681175 617171 777946 373363 472969 452769 298329 172627 114018 70000 280000 277849 408044 483011 494773 584123 658635 790569 650308 619839 98995 272947 418808 496488 560803 136015 167631 140357 110454 319531 317805 400125 361248 253180 422966 570088 523546 525547 451221 563205 325576 524976 410488 621772 455412 392938 436807 371618 370000 408534 361386 419762 423792 424264
111803 240208 94340 250000 158114 254951 158114 320156 349857 380789 364005 447214 141421 100000 291548 223607 304138 353553 250000 430116 403113 70711 158114 250000 269258 254951 70711 158114 120416 294109 350000 284605 442832 299666 390512 461411 516624 206155 403113 238537 0 181108 206155 278029 310161 364005 444185 445533 381838 548179 230868 342053 222036 67082 174642 230868 183848 152643 41231 190263 246982 280179 366742 458803 576975 564624 488365 336006 212603 222036 311448 462385 114018 89443 134164 166433 192354 222036 342053 286007 200000 326497 333017 286356 296142 241868 366742 138924 304138 172047 429535 257099 182483 220227 141421 150333 181108 155242 213776 200250 230868
288617 420119 122066 401622 183848 354683 286007 483011 481664 545711 543415 620322 291204 216333 271662 121655 345398 435660 396611 594811 580775 133417 42426 131529 362353 264197 231948 337343 300167 413401 530377 463249 623939 463249 532259 616847 664003 255539 370540 186815 181108 0 186815 194165 317805 475079 572800 596406 535350 708308 403113 514782 390000 245153 266271 264008 120830 111803 199249 270185 367967 344819 540833 637887 750267 728011 663702 250799 349285 403113 492544 628172 102956 101980 72111 80623 356931 376431 488467 436578 331059 487647 482597 410366 392046 300167 395601 178045 477598 322490 610000 295466 250000 294109 256125 240416 282843 220227 269258 290689 264008
254951 407185 120830 452769 320156 201246 180278 382099 340147 571402 483735 531507 347131 143178 92195 92195 161245 261725 282843 488365 570088 224722 210950 317805 470106 417732 276586 300832 302324 500000 505964 406079 580517 494065 594138 658027 528015 89443 202485 360000 206155 186815 0 90554 131529 316228 421900 468188 414849 588218 418808 523546 311448 230217 371214 405216 290000 80000 184391 123693 230868 169706 460000 570789 656201 752928 659242 435660 418688 373363 458803 650000 233452 206155 220227 250200 390512 424500 544885 488365 406079 522015 361386 269258 230217 128062 208806 72111 400500 230868 554437 114018 101980 134164 151327 120416 151327 90554 102956 145602 84853
341760 493964 184391 528015 362353 281603 270740 470956 420595 653682 574282 620725 418688 230868 106301 72801 214009 324500 371214 575587 657875 278029 230868 320624 528015 453100 348281 388973 384708 565862 594811 496488 670820 574543 668431 737835 607454 172627 181108 380789 278029 194165 90554 0 162788 389102 496588 550818 500100 671863 501199 608358 401995 313050 428019 447214 313209 127279 264197 210950 315753 237065 550091 661211 744312 836481 746726 440454 488365 461736 548179 733553 272947 252389 250799 272029 468722 500000 620081 564004 473814 602080 447214 351710 304631 202485 242074 158114 490918 321403 644981 178885 190263 215870 241868 210950 240208 181108 184391 231948 158114
318904 460977 241868 538238 444072 164924 212603 371080 290172 636553 497695 517880 442945 219545 56569 210238 60828 170880 275136 461736 612944 345254 342345 449110 579396 543323 375766 353836 378021 599416 543783 429418 600083 566392 678012 728354 468722 108167 108167 490408 310161 317805 131529 162788 0 245153 351710 421070 380526 542310 488365 581378 331210 310644 483839 527731 420476 210950 277308 141421 208806 100499 458803 572800 631269 810555 701783 567186 514782 420119 493964 709366 360555 331361 350143 381182 472017 510392 628013 572014 505371 594643 332415 231948 170000 94340 80623 174642 408534 258070 566480 64031 136015 122066 198494 172047 170294 156525 106301 150000 80623
291548 366879 358050 494975 522015 120416 206155 184391 64031 537122 325576 304138 441022 272947 294109 408044 184391 80623 141421 237697 474342 429535 480104 590762 590762 616847 398121 290689 350143 581378 404969 286531 424500 490408 614003 630714 223607 228035 330151 599333 364005 475079 316228 389102 245153 0 107703 181108 156525 300000 419762 474236 215870 317805 517880 589406 537122 367696 323110 205183 117047 152315 269072 374433 400250 682422 554437 693542 500100 322800 358469 591692 465296 434166 471699 507740 431856 472652 567539 519711 500100 515461 127279 80623 86023 188680 200998 297321 244131 202237 382884 210238 226274 184391 228254 236008 194165 254951 214009 184391 233238
354683 390128 452769 530848 599416 222036 292062 181108 94340 543415 304631 247588 497293 362353 401622 513128 291204 182483 196977 176918 462385 513128 573847 682495 643273 689420 466154 339559 405216 622896 398497 292746 391152 511566 633877 633246 120000 332866 431045 682642 444185 572800 421900 496588 351710 107703 0 100000 117047 203961 450111 480521 254951 389102 581893 659242 624260 468615 404969 306105 205183 260000 241661 326497 317805 666408 532353 779359 547449 350143 359026 585235 552178 522015 562228 598164 473814 512445 591354 550000 551090 533385 130384 162788 192354 295296 300666 396989 243311 272947 346699 317805 328024 288444 318904 332415 290000 354683 319061 284253 340000
342053 337343 474342 482701 592030 269258 310644 134164 131529 471699 223607 150000 469574 380132 465296 555428 360555 261725 200000 80623 380789 516236 590339 693542 607454 674166 452217 313847 380789 577235 322490 233452 299666 451774 570088 557315 72111 379473 510882 681175 445533 596406 468188 550818 421070 181108 100000 0 64031 121655 400250 410488 230217 382884 559464 641405 629365 501199 410366 345398 237697 322490 161245 230217 221359 579396 443847 779872 509215 303645 290000 504480 558659 530754 573847 608769 433244 468402 531507 496488 516236 470425 114018 199249 251794 349285 382099 429418 184391 276586 254951 376563 367696 335261 341321 362353 322025 389102 366879 323110 392938
278029 281603 413401 425793 528015 220907 250599 72801 94868 427551 187883 147648 407185 319061 420476 499800 321403 234094 138924 82462 345398 452548 528015 630317 547083 610574 388330 250599 317648 519711 281603 180000 278029 400000 520865 516624 136015 327567 476760 617171 381838 535350 414849 500100 380526 156525 117047 64031 0 174642 343657 364966 166433 318904 496488 578014 565685 442832 347131 291204 184391 280179 125300 220227 250799 550091 416773 715891 449222 245153 243311 468188 495177 467547 510882 545619 373631 410000 480000 441814 455412 420476 53852 150333 210950 301496 351710 371618 130000 214009 234307 330606 313209 284429 281780 304631 265707 332415 315753 269258 343657
439318 398246 586686 541295 685930 390512 424853 228035 253180 496488 252982 143178 550000 492443 586941 674166 481664 380132 313050 120416 391152 618466 698928 798123 676018 760592 544518 403113 467547 635610 349285 296816 290172 496488 604152 570789 89443 500000 630079 777946 548179 708308 588218 671863 542310 300000 203961 121655 174642 0 460652 441475 326497 482701 642028 726223 731095 617414 516140 464866 357351 444072 205913 210238 127279 567186 432897 876926 578014 374433 332415 510000 662193 636003 680074 714003 502494 532353 572800 547814 588303 509608 228473 320156 373363 470744 500400 546260 256125 385876 250200 498197 487032 456070 456180 479270 440114 506952 487647 442719 514198
169706 63246 323110 82462 281603 362353 278029 271662 372156 152643 214009 324500 123693 278029 489183 453100 458039 453100 278927 345398 181108 270740 370540 427551 216333 324500 171172 138924 116619 177200 147648 167631 250599 78102 196977 240832 468402 381838 593970 373363 230868 403113 418808 501199 488365 419762 450111 400250 343657 460652 0 111803 203961 188680 205913 288444 355106 380789 237065 347131 326956 418808 254951 297321 438634 335410 260768 465188 120416 100000 134536 232594 310000 301496 340147 360555 53852 72111 148661 100499 134536 106301 320000 344819 393954 398246 518652 346699 215870 241868 256125 425206 353553 370135 290000 318277 320156 340588 382099 342053 410122
269258 120416 433244 143178 384708 440454 368782 300832 417852 63246 191050 298329 230217 380789 588218 563028 544518 521536 341321 340588 80623 382099 481664 533385 280179 412311 282843 228035 224722 219317 92195 189737 178045 72111 162788 156525 470425 478017 688840 472969 342053 514782 523546 608358 581378 474236 480521 410488 364966 441475 111803 0 266271 295466 300832 376962 461736 490408 345398 440454 400000 502494 250000 245967 389487 230217 150000 559732 202485 162788 121655 128062 420476 413038 450999 470000 160000 155242 134164 128062 221359 72111 357351 408167 466154 488365 602080 451774 237697 325269 201246 517397 450000 460109 386005 416173 411096 441022 476340 431856 506063
113137 152315 272029 280713 362353 176918 131529 98995 170000 327567 172627 230868 243516 182483 351141 381182 286007 255539 76158 208087 284253 292062 375899 472017 388330 444185 222036 85440 152315 370135 214009 98489 272029 275136 398497 421900 302324 240416 439090 452769 222036 390000 311448 401995 331210 215870 254951 230217 166433 326497 203961 266271 0 156205 331059 411825 404599 314006 192354 199249 134536 242074 152971 260000 360555 487955 372022 551725 292746 107703 164012 390512 336006 310644 355106 388330 220227 260000 351710 304138 296142 300832 126491 143178 200000 237065 339706 250200 90554 80623 243311 268328 215870 210238 160312 191050 167631 220907 234094 183848 265707
44721 184391 141421 228035 210950 220227 120416 254951 295466 341321 298329 380132 136015 92195 304138 269258 291548 320156 192354 364005 349285 136015 224722 316228 282843 300832 80623 92195 72111 291548 291548 218403 380526 264008 368782 428019 454533 202485 412311 298329 67082 245153 230217 313050 310644 317805 389102 382884 318904 482701 188680 295466 156205 0 200998 272029 248395 196469 50990 174642 202237 259615 299666 392938 509902 523546 436807 396989 206155 160000 250000 420595 180278 156525 201246 233238 162788 200000 318904 262488 199249 292062 272029 237697 260000 228473 354683 158114 237065 117047 364966 250599 174929 202485 117047 138924 155242 156205 205913 177200 230217
228035 256125 250599 161245 92195 420119 320156 425441 490408 310644 411096 516236 92195 272947 460977 361248 478539 520096 386005 522015 379473 150000 224722 240832 100000 120416 120416 245967 178885 147648 353553 347131 456508 233452 272029 364966 631348 380789 572713 172627 174642 266271 371214 428019 483839 517880 581893 559464 496488 642028 205913 300832 331059 200998 0 84853 174642 302324 212132 363456 403113 452769 439318 500000 637809 482597 447214 260000 100499 269072 336006 390000 164012 176918 194165 196977 152643 145602 233452 190000 80623 250799 456946 437379 460435 415933 541295 310161 386005 315753 460435 431741 356931 393192 310644 323883 350571 329848 388330 371214 405216
304631 340588 286356 234094 85440 485077 386394 507740 566480 378550 495782 601082 176918 330606 497293 375899 530848 584209 462385 606053 456946 182483 222036 196977 121655 36056 193132 327567 260768 190263 435660 431856 538516 306757 320624 420000 713442 431045 607289 114018 230868 264008 405216 447214 527731 589406 659242 641405 578014 726223 288444 376962 411825 272029 84853 0 148661 328938 271662 420119 472969 510098 524023 584123 722496 540093 519230 184391 174642 353836 420119 453982 174642 199249 197231 184391 236008 223607 290689 257099 156525 320156 536656 509608 526118 470106 592115 353553 470106 388973 544059 481664 410122 450111 372156 380132 411947 380526 440454 431045 452769
292062 388973 186815 330606 82462 420476 332866 503289 530094 480416 532259 624340 231948 264197 380526 240416 437379 512640 432782 612209 536004 113137 82462 72801 259422 144222 196977 332866 277308 319531 497293 456508 597746 400000 446430 539351 700357 339559 485077 70000 183848 120830 290000 313209 420476 537122 624260 629365 565685 731095 355106 461736 404599 248395 174642 148661 0 210000 220227 341760 421900 427200 543783 626498 752928 656201 611310 156525 271662 384838 468188 561427 72111 102956 70711 41231 302655 310000 407922 362215 251794 420476 516624 463249 460977 383275 493660 257099 482597 354683 592368 386394 325730 370000 308869 304631 344384 294109 351710 358469 355106
