NAME : CMT4X
COMMENT : Salhi-Nagy 1999 X-split of CMT4 (r=min(x/y,y/x)), n_cust=150
TYPE : VRPSPD
DIMENSION : 151
CAPACITY : 200
EDGE_WEIGHT_TYPE : EXPLICIT
EDGE_WEIGHT_FORMAT : FULL_MATRIX
EDGE_WEIGHT_SECTION
0 171172 197990 336155 174929 70711 184391 332866 272947 171172 212603 92195 50000 316228 240416 190263 180278 144222 181108 311127 318277 278927 230868 290689 319061 281603 339559 139284 329848 264197 243516 340588 114018 273130 260768 388973 440454 133417 100000 312410 417253 308058 286531 417253 206155 253180 50000 104403 223607 147648 210950 152315 180000 223607 250000 206155 111803 212132 262488 320156 254951 335410 150000 111803 320156 304138 291548 304138 158114 320156 316228 180278 269258 360555 300000 335410 111803 50000 63246 298329 254951 174642 340000 247588 360555 410366 414005 212132 424264 339706 111803 288617 254951 341760 318904 291548 354683 342053 278029 439318 169706 269258 113137 44721 228035 304631 292062 231948 90554 178045 180278 254951 254951 349285 465188 499300 404969 438634 213776 121655 210950 396611 224722 201246 245967 277849 156525 196977 310644 255539 210950 275862 233238 210950 243311 230217 353553 183848 192354 90000 322490 256125 183848 202485 120416 148661 152643 172047 212603 174929 240416
171172 0 123693 192094 310644 222036 167631 228254 116619 242074 340147 120830 208806 418688 269258 360139 186011 306757 275862 457930 208806 269258 70711 215870 290000 331059 188680 80623 161555 213776 326497 170000 60828 429535 306105 273130 310644 304138 187883 430465 560357 442041 449444 341760 376563 420476 139284 233238 123693 264008 242074 50000 350571 193132 367151 311127 250599 171172 284605 196977 106301 214009 214009 278927 474131 475184 418688 388330 208087 234094 152643 329848 427551 503289 327567 425206 234094 121655 155242 287924 85440 60000 171172 160000 281603 290689 359026 362353 568595 461411 271662 452769 420595 509608 460435 340147 352278 292746 240000 348855 111803 134164 134536 210000 304795 389487 430813 403113 260192 322490 269072 375366 143178 197231 333017 353553 241868 557584 230217 50000 40000 256125 373631 356931 400250 427200 156205 183576 240000 203961 242074 181108 225610 274591 334215 366197 473814 351710 110000 202485 161555 396611 335410 338378 273130 304631 291548 332415 358469 310644 389487
197990 123693 0 152971 370135 210238 280713 349285 222036 162788 280713 106301 247588 501199 376563 354683 85440 340588 357771 509117 120416 147648 106301 339559 411096 434166 290689 190263 189737 90554 237697 233238 114018 391152 200000 191050 244131 319061 145602 354401 615224 504480 480104 464866 389487 402616 197231 294109 247386 210238 138924 80000 349285 72111 296142 389487 306105 290172 394588 125300 219545 331210 140357 306105 517397 479270 486004 479270 303645 357351 164924 292746 392046 444072 212603 331210 194165 166433 144222 165529 142127 182483 244131 50000 170880 212603 482701 410122 622254 386005 256320 425793 446542 528394 516624 443847 470106 415933 361248 470106 28284 90000 228035 216333 215407 295296 372156 407185 264197 375366 353412 446542 265707 297321 440454 308707 240000 475395 122066 121655 138924 206155 330606 323883 361248 380000 70000 72111 123693 80623 138924 78102 340588 370000 420476 426380 546443 374433 231948 269258 254558 453431 381838 398246 318277 346554 348281 368782 410366 370135 438406
336155 192094 152971 0 496790 360555 353553 350143 210950 310000 430116 250799 382753 610737 456508 505964 230000 480208 467547 642028 78102 241661 122066 366742 456070 519711 253180 272029 94868 170880 374833 158114 228035 543323 322800 100499 120830 465188 298329 494975 746525 630317 622656 470000 537122 555428 320156 418688 284605 362215 272947 186011 499800 192354 441022 502494 434166 349285 469574 50000 223607 320156 290689 447772 654599 629682 608276 580086 400000 372156 70711 445533 544518 590762 317805 458803 347131 294109 291548 250599 126491 241868 177200 120416 158114 110454 501597 544059 754321 526118 408044 578705 590593 675426 646607 528394 524976 447214 408044 461736 177200 67082 326497 362491 353553 424500 520096 557136 412311 506063 460977 565685 286356 254951 392173 164012 94868 608769 253180 226716 170000 64031 482597 476760 513517 530848 222036 210238 150000 167631 272947 104403 407185 466154 526308 553173 664831 518845 286356 389487 212132 582580 516140 524976 452217 482597 476340 507740 542033 496790 572014
174929 310644 370135 496790 0 203961 210238 371214 376431 327567 314006 266271 125300 150333 178885 188680 353412 76158 76158 147648 489183 449444 380132 312570 286356 176918 425793 241661 470106 439090 380132 462385 269072 305287 415933 559732 608112 126491 265707 405216 250000 134536 160312 408534 148661 248395 176918 78102 294279 280713 376431 311448 174929 398246 355106 64031 64031 240000 197231 487955 354401 390000 313209 100499 167631 232594 116619 155242 140000 343657 463249 257099 296816 408167 458912 453982 253180 205183 237065 468188 394462 282312 455412 420119 535350 580517 384708 60000 258070 423792 200250 290689 145602 231948 150000 184391 284253 323110 269258 442719 342053 431856 183848 177200 371214 431045 358469 184391 160000 22361 85440 82462 322490 435660 512445 660681 552268 514782 382753 270185 344819 559732 287924 256320 290689 326497 331210 371214 485489 430465 376431 448219 215870 125300 102956 56569 178885 113137 266833 108167 424500 86023 44721 28284 60828 53852 22361 70711 50990 0 82462
70711 222036 210238 360555 203961 0 254951 402244 332415 123693 142127 111803 92195 353553 304631 145602 162788 147648 231948 319061 327567 250599 270740 361248 388330 339559 401622 205913 371214 254558 182483 391152 161245 208806 212132 396611 452769 113137 70711 242074 424382 326956 275862 487955 180278 200250 120416 151327 291548 82462 174642 190263 139284 212132 180278 250000 150000 282843 326956 335410 316228 403113 111803 111803 320156 269258 316228 350000 223607 390512 353553 111803 206155 291548 254951 269258 50000 111803 70711 268328 300000 237697 393192 255539 353553 418808 484149 223607 430116 269072 50000 230868 240832 319061 331210 349285 420476 412311 348281 509902 183848 294109 183848 31623 170294 240416 222036 196977 56569 199249 233452 286356 322490 411096 532353 518941 439318 367967 183576 172627 261725 416293 156525 136015 180278 210238 150000 183848 304138 247588 174642 283019 302324 269258 290172 252982 379473 169706 260768 148661 380789 273130 196977 228035 143178 161555 182483 174929 228473 203961 250599
184391 167631 280713 353553 210238 254951 0 164924 180278 340147 396989 218403 180278 272029 102956 344384 315753 247386 145602 349285 376431 413038 232594 111803 139284 166433 218403 90554 297321 370135 420595 272029 170294 446542 423792 440114 474131 273130 268328 496790 440114 319531 370000 233452 332415 411461 136015 155242 89443 330151 364005 200998 331059 340588 434166 180278 174642 31623 117047 364005 158114 180278 313847 237697 374833 429535 291548 233452 70711 143178 300000 361248 441022 540370 456070 516236 294109 156525 223607 432897 230217 111803 260768 323883 447214 456946 230217 270185 449444 524023 290689 451774 351283 440454 344819 174929 190263 158114 94340 258070 260000 300832 72111 226274 402492 483735 474236 366879 258070 230000 136015 246982 114018 228035 305941 508035 382099 622896 359026 160000 183576 416773 404599 378021 422019 456070 284429 322490 403113 360139 364005 347131 60000 122066 188680 254951 336155 298329 70711 130000 223607 286356 250200 231948 206155 233452 200250 263059 260768 210238 291548
332866 228254 349285 350143 371214 402244 164924 0 140357 460977 540370 333017 340147 398497 215870 506952 413401 412311 300000 501597 403113 496588 257099 60828 142127 269258 111803 198494 263059 436578 545619 208806 270185 604152 532541 450000 463897 436578 395980 637809 582495 465296 531507 120416 497293 573847 283019 320156 113137 467547 468722 277849 493964 420476 573847 330606 339559 133417 211896 381182 133417 36056 432782 401622 530377 594390 435660 351141 231948 36056 280713 513128 599416 693397 555698 644438 432782 292062 353836 514782 231948 178045 189737 376431 486621 460435 152971 431045 592284 667083 444185 613270 514782 602993 493660 273130 212132 114018 117047 120830 340000 323883 223607 377359 524976 609590 624260 531601 415933 392046 290000 393192 86023 116619 141421 471275 335261 765768 457930 256125 211896 403113 557584 533385 578014 610574 382753 411825 453542 427200 468722 390512 161245 261725 325576 410122 468402 463249 142127 294109 145602 440454 413038 390128 371080 398121 363456 427551 420476 371214 450111
272947 116619 222036 210950 376431 332415 180278 140357 0 358050 456180 237065 300000 452217 275862 462709 296985 392046 322025 522015 263059 368917 120830 158114 250799 339411 72111 140357 130000 304138 442041 92195 174642 541202 417253 310161 327567 400125 304138 547083 617414 496588 529528 260768 470106 526118 230217 305941 92195 380132 353553 164012 451774 294109 483735 357771 325576 162788 283196 240832 22361 114018 330151 370135 544059 570088 469574 412311 245967 161245 143178 442719 538516 618466 434166 540370 349285 223607 269258 385876 92195 100000 80623 241661 347131 321403 290689 434166 626498 578014 380789 560892 504876 595399 520000 346554 322025 237697 205913 257099 219317 184391 194165 315753 420119 504480 546260 500100 363456 392938 313050 424853 80623 80623 219317 344384 210950 674166 339706 161555 84853 266833 487032 468402 512445 540833 269072 290689 316228 295296 353553 252982 219317 302324 368917 427200 516236 441022 111803 274591 50000 458803 410000 401622 353553 384708 361386 414367 427200 376431 458803
171172 242074 162788 310000 327567 123693 340147 460977 358050 0 120416 128062 210238 476760 410000 233452 80000 269258 350000 438292 254951 134536 260000 432666 479270 452769 430116 266271 351710 161555 84853 390000 191050 237697 90000 316228 376431 228254 72801 193132 542033 449444 386005 563028 284253 264197 208806 270185 348281 64031 56569 194165 233452 123693 133417 371214 271662 362353 431741 271662 348281 452548 28284 234094 435660 356090 439659 470956 327567 458039 327567 147648 240416 281603 131529 183848 76158 183848 117047 150000 295466 283196 398121 190263 255539 338378 568243 345398 547083 224722 144222 278568 350000 417253 451885 462709 522015 496488 433820 578014 148661 251794 269258 151327 64031 148661 210238 290000 174642 322800 350143 410000 375366 438292 574891 451221 401123 317648 72111 205183 274591 353553 177200 178885 208806 222036 94868 100499 210238 158114 56569 212132 395601 382099 410488 376431 502892 283019 322025 260768 399625 395601 319531 351710 266833 284605 305941 295466 351141 327567 371618
212603 340147 280713 430116 314006 142127 396989 540370 456180 120416 0 219317 228254 461736 442945 158114 200250 240832 360555 388330 374833 237065 371080 502096 530094 471699 527731 342053 466905 278927 92195 500000 281780 120830 156205 434166 494773 190263 152315 100000 483839 411947 319531 629682 218403 162788 261725 282312 428019 76158 167631 297321 164924 243311 41231 371080 275136 424500 465296 392046 442945 538238 140357 213776 376431 264008 410122 468722 363593 530754 444072 60828 125300 164924 197990 140357 108167 248395 188680 246982 405216 368917 505964 310644 367696 456070 626259 310161 487032 127279 117047 166433 284605 332866 406079 481041 559464 554437 490408 650692 263059 370540 325576 172047 100000 121655 92195 210238 158114 301496 364005 391152 458039 536656 665733 570701 520384 226274 186815 295296 376962 473814 64031 80623 94340 101980 210950 220907 325730 276586 167631 332415 444072 403113 412311 350143 470956 231948 398246 286531 501597 360555 290172 331361 257099 261725 296142 260000 320000 314006 331361
92195 120830 106301 250799 266271 111803 218403 333017 237065 128062 219317 0 142127 403113 300167 257099 100000 234307 262488 403113 226716 200250 160000 305287 357351 351283 308869 138924 260192 174642 212603 284429 64031 312570 206155 297321 350000 214709 67082 310644 509313 400000 374433 435660 286356 311448 101980 192354 220227 143178 145602 80623 250000 136015 246982 291548 202485 237697 320624 230217 224722 325576 100000 200000 411096 379473 382753 386005 220227 330151 241868 212132 311448 382753 237697 311448 114018 70711 41231 220227 191050 155563 288617 155563 269258 318904 442832 304138 516236 341321 161245 340000 341321 424853 411096 361248 406079 371618 310161 450000 78102 183848 151327 111803 192094 276586 310161 306757 161555 270185 259615 344819 247588 317648 450000 411825 327567 438292 141421 78102 158114 308869 254951 240832 282843 308058 70711 111803 219545 165529 145602 183848 276586 282843 325730 322025 444185 269258 194165 170880 282312 348281 275862 294109 212603 240416 244131 262488 304795 266271 332415
50000 208806 247588 382753 125300 92195 180278 340147 300000 210238 228254 142127 0 269258 214709 167631 228473 98489 140357 261725 367696 325730 273130 291548 304795 247386 362215 160312 370000 313847 274591 374833 156525 266271 300167 438406 489183 100499 143178 327567 367696 258070 241661 412311 170294 234094 70711 60000 237697 174642 254951 197231 155242 272947 268328 161245 63246 210950 237065 368782 280179 347851 192354 70711 272029 270185 241868 260768 136015 322490 358469 184391 260768 361248 341321 360555 141421 89443 111803 344819 294109 200000 372156 297321 410488 459674 403113 162788 374833 352278 114018 273130 211896 300832 269072 257099 331210 332415 269072 438292 219317 316228 117047 60828 261725 332415 297321 200250 78102 128062 141421 206155 269258 372156 477598 546443 447772 450000 259615 161555 247386 444072 226274 198494 242074 276586 205913 245967 360555 305287 254951 325576 219317 177200 200250 180278 304138 143178 206155 58310 350000 206155 134536 152643 70711 100000 102956 125300 162788 125300 191050
316228 418688 501199 610737 150333 353553 272029 398497 452217 476760 461736 403113 269258 0 183848 322800 496488 220907 144222 144222 615873 594811 489183 338378 271662 131529 483011 339706 566392 577754 530377 544059 391152 436578 565685 685055 728011 271662 412311 549181 190000 94340 219317 390000 269258 371618 304138 211896 360555 431045 523927 432666 310483 538516 502494 111803 206155 291548 186815 610328 430116 427200 460977 250000 180278 320156 70711 50000 212132 364005 565685 403113 427200 538516 608276 602080 403113 335410 379473 614003 494975 374833 532541 550727 670820 704557 351283 158114 200000 565155 350000 411461 230217 284253 125300 130384 231948 311448 281603 430116 474131 550000 284253 325576 521536 580345 497293 299666 310161 160312 150000 70711 380789 491935 529528 771557 651153 651460 528867 388330 445533 674759 429535 398121 427200 461736 471699 512640 621691 568595 523927 578014 241661 150000 84853 114018 70711 240416 342053 232594 493964 116619 172627 130384 210950 200250 171172 203961 145602 150333 147648
240416 269258 376563 456508 178885 304631 102956 215870 275862 410000 442945 300167 214709 183848 0 353836 400125 242074 102956 290172 477598 500000 335410 155242 107703 64031 300167 189737 398246 463897 483839 367967 263059 466905 498197 542310 577062 282843 337343 542033 366742 250799 332415 230868 324500 418688 202237 164012 183848 386264 442832 298329 339706 431045 483011 123693 176918 113137 22361 466154 254558 243516 386394 247588 321403 411461 220907 138924 82462 182483 402244 396611 459674 567274 534603 573847 351141 230868 294279 520000 332866 214709 354683 422019 545711 559464 205913 234094 376563 566039 327567 460977 323110 405216 280179 72111 116619 145602 100499 266833 353553 403113 150333 273130 468402 544243 508035 360555 288444 201246 94340 180000 200000 308869 351283 610328 482701 662873 441022 254951 286531 519711 436005 406079 446878 482701 370000 410122 500100 453982 442832 446430 58310 53852 110454 203961 252982 288444 172047 156525 314006 231948 223607 189737 205183 222036 180278 246982 221359 178885 247386
190263 360139 354683 505964 188680 145602 344384 506952 462709 233452 158114 257099 167631 322800 353836 0 296816 114018 254951 231948 469574 367696 414367 456180 456070 364005 527731 325576 514782 388330 245967 530094 300666 116619 302324 537122 594811 72111 210238 230217 325730 260192 161555 571402 60828 67082 233452 194165 405216 169706 290000 333766 14142 346699 194165 252389 178045 375766 374833 479270 444072 515461 236008 108167 218403 125300 263059 340147 288444 487545 498197 98489 108167 219545 346699 292746 166433 240208 215870 382099 441814 363456 530094 398121 486004 559464 556058 164924 328938 243311 98489 108167 126491 183848 250799 372022 466905 488262 427200 600333 328938 439659 284605 150333 246982 278927 174642 56569 100000 170000 261725 252982 436807 537587 645136 663099 584637 328938 304795 310161 400125 560803 110000 80623 104403 139284 290689 319061 438292 382753 290000 424853 374433 304138 291548 208806 320624 82462 373631 214709 512445 212132 152315 196977 148661 136015 178045 120830 177200 188680 181108
180278 186011 85440 230000 353412 162788 315753 413401 296985 80000 200250 100000 228473 496488 400125 296816 0 308058 359026 480104 177200 100499 188680 393954 453542 450999 367967 230868 275136 92195 152315 317648 148661 315753 120416 241661 300832 275862 92195 269258 586003 483735 438406 523259 340588 336155 200998 284605 304138 136015 56569 136015 294109 50000 212132 386005 291548 332415 420476 192354 290689 400000 63246 272029 482701 421900 469574 482701 320156 415933 250000 221359 317805 361248 143178 246982 130384 170294 117047 120416 224722 237065 327567 110454 191050 264008 534883 382753 592030 300832 200000 354401 403113 478017 490918 460977 504876 464866 405216 533385 78102 172627 250799 180278 130000 210950 290172 352278 219317 353553 356931 434626 327567 375366 516236 373631 321403 390000 44721 161555 212132 274591 254951 252982 286356 301496 31623 22361 142127 86023 56569 133417 374833 382099 422019 407063 532259 332415 282312 266833 334215 430465 355106 380132 295296 319061 331059 336006 385876 353412 410488
144222 306757 340588 480208 76158 147648 247386 412311 392046 269258 240832 234307 98489 220907 242074 114018 308058 0 141421 172047 460977 398246 371618 357351 346699 250000 450000 251794 468188 398246 312570 470744 254951 230217 354401 531507 584123 50990 216333 329848 278029 180278 143178 465296 85440 176918 167631 92195 320624 215870 322025 295296 100000 356090 281603 138924 72801 278927 262488 464004 371214 425793 259422 36056 176918 182483 172627 230868 183848 388973 456946 182483 222036 332866 398497 381182 193132 187883 197990 415933 392173 292746 466905 389487 496790 553173 446542 76158 284253 347851 131529 219317 114018 203961 183576 258070 353553 380789 322025 496588 312410 413401 200000 128062 305941 360000 282312 120830 94868 60828 148661 150333 351283 460000 553173 643506 546260 438634 331210 260000 344819 540833 211896 180278 214709 250599 290689 328024 446878 390512 322025 417732 268328 191050 178885 110454 235372 50990 290172 120416 441814 126491 50990 90554 41231 22361 64031 28284 82462 76158 102956
181108 275862 357771 467547 76158 231948 145602 300000 322025 350000 360555 262488 140357 144222 102956 254951 359026 141421 0 203961 471699 458912 346554 240208 210238 111803 364005 198494 428019 436578 414367 411825 246982 370135 440000 540833 584123 186011 280713 456946 295466 174642 233452 332415 222036 318277 161555 80623 234094 314006 392046 288444 240832 398497 401622 36056 85440 172627 122066 466154 299666 321403 330606 152643 230868 308707 147648 123693 76158 270740 425206 308707 362353 472017 480416 497293 281603 193132 243311 478539 354683 236008 402492 407063 528015 560357 308869 133417 304631 478539 243516 360694 221359 305941 199249 120830 212132 246982 194165 366879 331059 406079 141421 200998 401995 470744 416773 258070 202485 98489 10000 102956 259615 373631 440454 629365 512250 573062 394588 244131 304795 531507 344819 313847 352278 388330 332415 373631 479270 427200 392046 434166 141421 50000 63246 110454 198494 186011 210238 92195 367696 141421 120830 90554 108167 120416 78102 144222 121655 76158 150333
311127 457930 509117 642028 147648 319061 349285 501597 522015 438292 388330 403113 261725 144222 290172 231948 480104 172047 203961 0 629365 569386 526972 441022 393192 257099 567539 389102 617738 570088 471275 609262 414005 331361 520000 700071 750733 210238 388330 460435 106301 50000 85440 516236 171172 261725 322025 224722 436807 380789 492443 456070 223607 528015 425793 171172 208087 376563 301496 630317 499800 524690 430465 208087 36056 187883 76158 187883 278927 470425 610574 327567 321403 427551 564624 524690 362353 348281 368782 586686 542033 429535 601664 558659 668431 721388 482701 98995 113137 470106 295466 296142 110454 141421 22361 259615 366879 432897 390000 554437 480833 576281 331059 300000 468188 509902 400125 190263 264197 136015 213776 110454 463249 577235 640312 806040 699714 545894 502494 416173 492443 704344 341321 312570 330000 360555 462277 500000 618466 562228 492443 586941 340588 240208 181108 94868 102956 158114 411096 255539 569210 63246 127279 120830 191050 162788 166433 144222 100000 147648 70711
318277 208806 120416 78102 489183 327567 376431 403113 263059 254951 374833 226716 367696 615873 477598 469574 177200 460977 471699 629365 0 167631 150333 410122 493660 538516 316228 287924 166433 100499 310161 228254 224722 492443 253180 70711 125300 438292 259422 430465 735391 623699 600000 523450 507740 512640 314006 412311 321403 313209 210238 183576 465296 131529 380526 504777 425206 378550 493356 28284 270740 376563 240416 426380 637809 594811 604401 590593 411461 420476 138924 398497 494773 530377 243516 388330 304631 284253 264008 174642 171172 266833 245967 72111 85440 92195 550364 530377 742496 460977 371214 531601 566127 646607 636553 547814 559017 490408 444072 519711 148661 80000 335410 336006 290000 355106 461736 523546 382753 495177 466476 564004 330000 319531 460977 196469 170000 539351 190263 228254 200998 100000 431741 430116 463249 476760 178885 155242 72111 100000 210238 44721 434166 478539 533385 545619 664003 494065 315753 386005 275136 573149 502096 517397 438406 466905 467547 489183 530377 489183 558659
278927 269258 147648 241661 449444 250599 413038 496588 368917 134536 237065 200250 325730 594811 500000 367696 100499 398246 458912 569386 167631 0 250000 483839 549181 551453 436005 325576 314006 72111 155242 367967 243311 357771 90554 210000 270185 360555 183848 271662 674166 576975 520096 610983 418688 394081 301496 383275 392173 197990 78102 221359 367967 76158 230868 485077 388973 427551 520096 193132 367151 478853 138924 362353 568595 489183 564624 582495 420476 503289 286007 278029 362353 376563 76158 222036 208087 270740 215870 20000 284253 325730 381838 134536 133417 230217 626418 474131 679559 300666 278029 403113 484149 551543 581808 561427 602993 557853 500100 617414 158114 206155 350143 273130 139284 190263 313209 424264 305287 447772 457056 531413 412311 442041 586003 350000 336155 373363 67082 254951 286531 264764 300167 308058 331210 336155 130000 90554 100499 78102 78102 138924 472652 482597 521728 501597 627694 416173 373631 366742 398246 523259 447214 475395 390000 411461 427200 425441 478539 449444 501199
230868 70711 106301 122066 380132 270740 232594 257099 120830 260000 371080 160000 273130 489183 335410 414367 188680 371618 346554 526972 150333 250000 0 260000 343657 398246 186011 150000 100499 183576 340000 130000 117047 471699 306105 208806 241868 364005 222036 453100 630079 512250 514782 376563 436807 470956 205913 302324 171172 296142 244131 80623 406079 176918 392173 381838 319061 230868 349285 133417 123693 234094 234094 341760 542033 533667 489183 458039 278029 271662 85440 371214 470956 536004 318277 435660 271662 183848 200250 266271 36056 120830 138924 120830 230868 224722 401123 430465 638201 484665 320624 500000 484665 572451 530094 407063 410000 340147 294279 376431 111803 70711 205183 264764 317648 399625 463249 460977 315753 391152 339706 445982 180278 192094 336006 282843 174642 576975 228035 111803 50990 186011 413038 400500 441814 465296 165529 178045 196469 174929 244131 133417 287924 344093 404599 436005 544518 414367 167631 272029 148661 466154 403113 408044 340000 371214 360555 398121 427200 380132 457930
290689 215870 339559 366742 312570 361248 111803 60828 158114 432666 502096 305287 291548 338378 155242 456180 393954 357351 240208 441022 410122 483839 260000 0 94340 210238 155563 166433 287924 429535 516140 241868 245967 557584 510000 463897 485077 384838 364005 601082 521728 404475 472652 130384 442719 523259 240832 265707 92195 431856 447214 262488 442832 408044 537587 270185 284605 80623 152315 391152 143178 89443 404969 349285 470106 538516 374833 291548 174642 31623 300832 470106 552268 650000 537122 614003 396232 254951 320156 502892 241868 158114 224722 373363 490408 476760 143178 372156 531507 629365 400000 563560 457056 544518 432897 214709 166433 80623 58310 148661 325730 330151 178045 334215 496488 580086 582580 477598 368917 333766 230217 332415 80623 162788 200250 501597 366742 728354 438634 232594 210238 424500 514004 488262 532541 566127 362491 395601 452769 419762 447214 391152 100499 200998 264764 350000 408044 408044 111803 241661 180278 380132 355106 330606 316228 342053 305941 371080 361248 312570 390512
319061 290000 411096 456070 286356 388330 139284 142127 250799 479270 530094 357351 304795 271662 107703 456070 453542 346699 210238 393192 493660 549181 343657 94340 0 140357 248395 223607 380789 501597 559017 336155 305941 566392 563028 551090 575674 384187 407185 630079 460977 350571 439659 123693 430465 522015 272947 262488 172627 466476 502892 331361 442041 475184 568595 230868 278029 121655 92195 476760 234094 176918 453100 348281 425793 518941 320624 222036 169706 106301 392173 489183 559732 664680 594811 653682 430465 295466 362491 568859 329848 230000 319061 450000 570789 565155 100000 341760 470956 656049 418688 564004 430813 512445 381182 141421 72111 40000 50000 161245 393192 414367 210238 358050 541295 621772 602080 466476 382099 308707 201246 282843 170880 254951 259615 595063 460652 754321 497293 294279 292746 515461 530754 502096 544518 579828 422019 458912 530000 491630 502892 470425 86023 161555 212132 310483 342345 394462 180000 247588 274591 337343 331059 297321 308058 327567 286531 353553 328938 286356 354401
281603 331059 434166 519711 176918 339559 166433 269258 339411 452769 471699 351283 247386 131529 64031 364005 450999 250000 111803 257099 538516 551453 398246 210238 140357 0 360555 250799 462277 519711 521728 431393 320156 480104 542310 604152 640078 296816 381182 568595 320624 212132 313050 260768 325269 425206 250200 189737 247588 422019 490102 357351 350000 485077 512640 113137 196977 176918 58310 528015 318277 299666 431045 264197 291204 402244 182483 82462 131529 234094 466154 420476 472017 582495 580775 607289 388330 280713 340147 571402 396611 277849 417732 480833 604401 621691 225610 222036 330606 590339 354683 467547 310644 384838 243311 10000 111803 180278 152315 300167 410000 465188 206155 308058 508035 579741 528394 360694 313847 197990 107703 148661 262488 368917 398121 674240 546717 684763 490102 313209 349857 583095 456508 425441 463249 499300 421900 462709 557853 509902 490102 505964 120416 70711 80623 183576 202237 290000 236008 192354 376431 206155 219317 178045 219545 228035 186011 247588 208087 176918 228254
339559 188680 290689 253180 425793 401622 218403 111803 72111 430116 527731 308869 362215 483011 300167 527731 367967 450000 364005 567539 316228 436005 186011 155563 248395 360555 0 202237 160312 368917 514004 100499 245967 610328 487955 353553 360139 462709 375899 619112 657875 537587 583095 223607 530848 592284 294279 360555 131529 451774 424500 236008 516236 362353 555698 398497 380526 193132 302324 291204 85440 76158 402244 431045 592284 630714 509215 439090 288617 144222 182483 512640 607289 689420 503289 612209 420476 291204 340147 452217 152643 164924 80623 305287 401622 361248 262488 485077 667308 650000 449222 628172 560803 651230 563205 366197 320156 224722 212603 210000 290000 241661 250000 383275 492037 576281 617414 562228 429535 444072 354401 464866 104403 10000 150000 361386 225610 746257 410122 232594 156205 300000 557136 537587 581893 610983 340588 360694 375766 360555 424500 313050 241868 336155 403113 472969 550364 500100 160312 330151 41231 504480 462709 449110 410122 440454 413038 470425 476760 425793 508035
139284 80623 190263 272029 241661 205913 90554 198494 140357 266271 342053 138924 160312 339706 189737 325576 230868 251794 198494 389102 287924 325576 150000 166433 223607 250799 202237 0 230217 280000 350000 221359 82462 412311 344384 353412 391152 260768 198494 439318 488774 368917 390512 296816 330000 390512 92195 167631 86023 269072 282312 110454 314006 251794 375366 234307 186815 101980 206155 277308 120000 197231 238537 230000 408534 430000 344093 308058 128062 192094 226716 317648 408534 497393 373363 448219 234307 94340 155563 345254 156205 41231 215870 233452 356931 371214 304631 297321 497393 468615 250799 427200 364966 455412 389487 260000 280000 234094 174642 312410 170294 214709 58310 183848 330151 414005 427200 360555 228035 256320 191050 300000 116619 212132 326497 431856 314006 567274 275136 70711 106301 336006 362353 340147 384838 415933 199249 235372 312570 270000 282312 257099 150333 194165 254951 295296 396989 300666 56569 136015 190263 326497 272029 268328 213776 245153 224722 274591 291548 241661 323110
329848 161555 189737 94868 470106 371214 297321 263059 130000 351710 466905 260192 370000 566392 398246 514782 275136 468188 428019 617738 166433 314006 100499 287924 380789 462277 160312 230217 0 242074 427200 63246 215870 570789 384708 194165 200998 463249 320624 544059 718679 599083 610983 381182 536004 571402 300832 393573 216333 393192 326956 181108 506360 250599 485077 464004 411461 286007 408044 138924 147648 230868 327567 439659 635059 633482 574282 530377 354683 288617 28284 470425 570351 631506 388330 518941 370540 281603 300666 326497 76158 192094 82462 180278 250599 200998 415933 523259 727186 575674 421070 600083 581893 670522 619112 470106 451885 366879 335410 370135 203961 108167 288444 364966 404969 483322 559017 560892 415933 483011 420119 530094 210238 161245 297321 214709 84853 664831 308707 208806 125300 140357 511566 500100 540833 563205 257099 260000 234307 236008 326956 176918 344093 417253 481664 524786 626259 512445 226716 362353 120000 555698 496588 497393 434626 466154 451774 493964 518845 470106 550091
264197 213776 90554 170880 439090 254558 370135 436578 304138 161555 278927 174642 313847 577754 463897 388330 92195 398246 436578 570088 100499 72111 183576 429535 501597 519711 368917 280000 242074 0 210000 296985 200998 398497 152971 155242 215870 367696 183848 330151 676240 571402 530377 553624 432782 424853 275136 366742 337343 223607 111803 170294 386005 42426 281603 466154 375899 380526 482597 123693 304631 416293 152643 362353 573847 513128 555698 559732 388330 446430 214009 308707 401622 431045 147648 288617 222036 243516 202485 84853 216333 272947 311448 64031 98995 177200 572713 472017 682495 360555 292062 440114 495177 570088 580086 529528 560000 506360 451774 557136 110454 134536 314006 270185 190263 254951 363456 444072 311127 441022 433244 518845 354401 374433 518652 292746 265707 439318 92195 210238 224722 200250 338378 340147 370000 380789 108167 70711 50000 10000 111803 67082 430116 453542 499800 493964 617738 424264 322490 345398 330151 518652 444072 466476 382753 408044 416773 426380 474342 439090 500000
243516 326497 237697 374833 380132 182483 420595 545619 442041 84853 92195 212603 274591 530377 483839 245967 152315 312570 414367 471275 310161 155242 340000 516140 559017 521728 514004 350000 427200 210000 0 469574 275862 208087 67082 362215 422966 264764 152643 120416 570088 490306 407185 646375 304631 254951 286356 333766 432782 100499 101980 278029 250799 182483 76158 431045 331361 444185 505964 331361 432782 537401 113137 280713 462385 356090 485077 530848 401622 542033 401622 147648 214009 222036 106301 98995 133417 264197 197231 161555 375899 367967 478853 254951 288617 383275 650000 386394 573847 151327 181108 256125 371618 424382 487647 531507 598080 578014 514782 662193 228254 322800 348855 213776 22361 64031 158114 300167 220227 371214 415933 460977 460109 522015 659469 501597 468722 237697 121655 290000 358050 410122 155563 172047 184391 183576 174929 167631 251794 210238 101980 271662 474236 451221 471699 422966 547449 313209 406079 329848 482597 437379 363456 401123 320000 331361 360000 335410 394588 380132 410000
340588 170000 233238 158114 462385 391152 272029 208806 92195 390000 500000 284429 374833 544059 367967 530094 317648 470744 411825 609262 228254 367967 130000 241868 336155 431393 100499 221359 63246 296985 469574 0 230217 596825 432666 257099 260000 472652 349285 583095 706612 585918 611310 323883 544518 590339 304138 388973 184391 424500 372156 203961 520384 300000 522015 447772 408044 254951 374833 201246 114018 174642 364005 445533 629682 643817 559464 504480 336155 237697 89443 496488 595399 664831 440454 564358 398121 290689 322490 381838 94868 180278 20000 233452 313050 263059 361386 518652 715542 614654 441022 622013 584637 674685 608358 438406 408167 317805 294109 310161 241661 162788 278568 380000 447214 528394 592030 572189 430116 477598 403113 514782 170294 100000 234094 262488 126491 706824 355106 220000 130000 200250 539351 524690 567186 592284 295466 305287 294109 290000 372156 234307 311127 394081 460435 514782 607454 517880 202485 357351 63246 546260 493356 488467 434166 465725 445982 494773 512640 462385 544243
114018 60828 114018 228035 269072 161245 170294 270185 174642 191050 281780 64031 156525 391152 263059 300666 148661 254951 246982 414005 224722 243311 117047 245967 305941 320156 245967 82462 215870 200998 275862 230217 0 368782 264197 294109 339706 247386 130384 374433 518556 403113 398121 375899 320156 360139 92195 191050 158114 205913 201246 42426 291548 170294 310644 280179 206155 184391 281603 220227 161245 261725 162788 224722 427200 417732 382099 366742 189737 269258 202485 269258 366742 443847 291548 374833 174642 67082 94868 263059 141421 92195 231948 161555 284605 314006 386264 316228 526308 404969 210950 392046 367696 455412 418688 329848 360555 316228 257099 388330 90554 162788 114018 150333 254951 339706 371618 345254 200998 278029 241868 340588 184391 254951 386005 392046 291548 502195 193132 14142 100499 290689 313209 296142 339559 366879 117047 152971 237697 191050 201246 187883 230217 256320 308869 325576 440454 297321 134164 162788 221359 354683 288444 297321 224722 255539 248395 281780 314006 269072 344093
273130 429535 391152 543323 305287 208806 446542 604152 541202 237697 120830 312570 266271 436578 466905 116619 315753 230217 370135 331361 492443 357771 471699 557584 566392 480104 610328 412311 570789 398497 208087 596825 368782 0 274591 553624 614003 184391 250200 139284 411947 366742 250000 678012 167631 70000 322025 304138 496588 181108 287924 393192 130384 361386 134536 368917 290000 477074 488365 508035 524976 608358 253180 219317 310000 167631 373631 456180 396989 588303 550091 100499 10000 102956 314006 214709 200250 319531 274591 367151 503587 445982 600167 425793 488467 575674 666033 278568 413038 141421 161555 50000 220907 240416 352278 488262 581378 596657 534135 704557 370135 480937 380789 228473 219545 214009 72801 141421 188680 286531 376431 367696 528015 619839 738241 688840 630714 215870 306757 380789 468722 590339 60828 72801 30000 31623 321403 337343 445982 395601 287924 449110 482701 418688 408167 323110 427551 196977 465188 320156 589406 322800 268328 313050 262488 252389 294109 237065 291548 305287 291204
260768 306105 200000 322800 415933 212132 423792 532541 417253 90000 156205 206155 300167 565685 498197 302324 120416 354401 440000 520000 253180 90554 306105 510000 563028 542310 487955 344384 384708 152971 67082 432666 264197 274591 0 300167 360555 310161 161245 181108 621691 534509 461411 640078 358469 318277 296142 360139 421900 139284 64031 256125 305287 134164 143178 460977 361248 443847 519711 276586 411096 520096 111803 320156 514296 417732 526308 560803 415933 533385 357771 206155 280179 286356 44721 136015 162788 269258 203961 94868 342053 355106 444072 206155 223607 320624 648845 430116 626099 210238 224722 322025 425441 484149 534883 552268 608769 577754 516236 651920 197990 277308 354401 240832 56569 101980 224722 358050 259615 410000 440114 498197 446542 495177 636553 440114 417612 286356 78102 277849 332415 352278 220227 233452 250000 250599 150000 128062 190000 155242 64031 218403 480833 471699 500400 463249 589406 362491 398246 350571 453431 480833 405216 439318 355106 371080 394588 379473 436807 415933 455412
388973 273130 191050 100499 559732 396611 440114 450000 310161 316228 434166 297321 438406 685055 542310 537122 241661 531507 540833 700071 70711 210000 208806 463897 551090 604152 353553 353412 194165 155242 362215 257099 294109 553624 300167 0 60828 508035 327567 480937 806102 694262 670075 570088 576888 577754 384187 482701 378550 376962 266833 252389 533385 193132 435660 574282 495782 439659 557136 76158 321403 420476 304631 496790 708378 662420 674759 658635 478853 470956 171172 462385 556597 584209 281603 431045 371214 354683 334215 210950 222036 328938 276586 142127 85440 22361 600750 601082 813204 510392 439090 594643 636003 715612 707248 613270 618466 544518 502195 562228 219317 139284 403113 406079 343657 400125 517880 591692 452217 565862 535350 634114 383275 355106 490408 140000 164012 582151 247386 296816 259615 70711 493356 493964 524976 536004 246982 219317 110454 158114 266833 114018 496488 545894 602080 616198 734098 564004 376431 456070 312570 643817 572800 587963 509117 537587 538145 559732 601082 559732 629365
440454 310644 244131 120830 608112 452769 474131 463897 327567 376431 494773 350000 489183 728011 577062 594811 300832 584123 584123 750733 125300 270185 241868 485077 575674 640078 360139 391152 200998 215870 422966 260000 339706 614003 360555 60828 0 563028 384708 541479 856329 742496 724224 582151 632851 636946 431393 530377 404969 436578 327567 297321 590593 252982 496488 618466 544518 470106 590339 120416 342053 431856 364005 550000 760592 720069 721803 698928 518652 488365 184391 522015 616847 644981 340588 490408 429535 403113 388330 270185 246982 362353 280000 197231 141421 40000 616604 651920 863713 570789 496488 654599 690652 771751 756902 648845 645136 565155 528110 570088 272029 178045 444072 460435 404475 460000 578705 648845 507740 615549 578014 680147 405216 360000 486621 80623 145602 641249 308058 340588 290689 60828 553624 553624 585235 596657 304138 278568 171172 218403 327567 170000 528015 585235 644050 664680 779872 618547 407185 502494 320624 693109 623699 636396 559732 588982 586941 612209 651153 608112 680147
133417 304138 319061 465188 126491 113137 273130 436578 400125 228254 190263 214709 100499 271662 282843 72111 275862 50990 186011 210238 438292 360555 364005 384838 384187 296816 462709 260768 463249 367696 264764 472652 247386 184391 310161 508035 563028 0 183848 278927 313847 225610 162788 499300 72801 138924 170000 122066 337343 170880 283019 284605 58310 325269 230868 187883 106301 304631 304138 444185 380526 446430 222036 36056 208087 171172 220907 281603 216333 416293 449222 131529 176918 286007 354683 330606 152643 182483 174929 377359 388330 300167 470956 366197 466690 530094 484149 121655 319061 297321 85440 180278 128062 210238 224722 305287 396989 416173 355106 528394 291548 398121 215870 102956 259615 310161 232594 100000 56569 111803 192094 200998 368782 472652 575674 626498 537587 389102 294109 254951 343657 523546 161555 130000 166433 202485 262488 296985 417253 360694 283019 394081 302324 234307 228473 160000 282843 56569 305941 143178 450111 172627 100000 141421 78102 72801 111803 70711 130384 126491 145602
